1.473977156762485974e-01
-2.709044406027130147e-01
8.347672658708400473e-01
-3.830670313746541988e-01
-9.113870753747804754e-01
1.161109073551441495e-01
-4.429100769154680761e-01
8.369125378500805734e-01
-6.696970214331471327e-01
1.000000000000000000e+00
6.447381487637496855e-01
1.000000000000000000e+00
2.430170303354568240e-01
-7.953987804660735961e-01
4.250898113651014332e-01
-3.145586609601608852e-01
-2.636629383150384531e-01
1.000000000000000000e+00
-9.793770641277280697e-01
5.741483579201889231e-01
6.553941156584723871e-01
4.131777651680200447e-02
4.920915592527821958e-01
-4.876502063190008007e-01
2.928873748209452899e-01
-4.724823271889133647e-01
5.695799394317266340e-02
8.798426358634203748e-01
-6.965900107302585020e-01
-1.952864600160884034e-01
3.130336537595772572e-01
1.000000000000000000e+00
-4.849456667037885804e-01
-3.788171724722017020e-01
3.779838912816438357e-01
9.649670587373603281e-01
1.000000000000000000e+00
3.050823623116470928e-01
-1.000000000000000000e+00
2.407315567214893259e-03
-1.000000000000000000e+00
5.204360014112840993e-01
7.465478724301061186e-01
8.871154366567546301e-01
-4.732003416508420157e-01
-7.224456895002208112e-01
3.838335416084839857e-01
2.780961408990725858e-01
9.209964587841822092e-02
-4.791497209344195429e-01
-5.650259171706514261e-01
1.952929257327244150e-01
-8.464897287100671130e-01
6.202529538067194093e-01
5.267903814954740804e-01
-1.000000000000000000e+00
7.795684771867635865e-01
4.536452074441714721e-01
-4.620654572105902247e-01
-1.167605016064795220e-01
8.310741983541747313e-01
-1.304255391845093315e-01
-6.702195450311108083e-01
-5.548400202395283864e-01
-1.388488089087526467e-01
-6.970207648304126424e-01
3.502854357219514214e-01
-2.394018661222097610e-01
-6.070276995945005361e-01
1.000000000000000000e+00
-2.090193902854343144e-01
3.157794131790963021e-01
1.805669486562116177e-01
1.000000000000000000e+00
1.451672090224674361e-01
-4.196559380057296451e-01
1.756151929659507949e-01
-1.761371648430871406e-01
1.493927171324245795e-01
-7.221379782793502233e-01
-9.800237644476605947e-01
-7.774929126134307866e-01
6.045274397383952891e-01
-5.278902575412576237e-01
3.758038808553794408e-02
-7.501863061121988308e-01
4.396107110921598782e-02
-1.073334963803030881e-02
-7.476797033235710321e-01
3.843589019335095780e-01
-2.622014998670736396e-01
3.273205265210410442e-03
8.011553267034055015e-01
-2.564130564356289499e-01
1.000000000000000000e+00
1.493020685546936344e-01
-2.490827428678614175e-01
-4.158271582220222085e-01
-7.323655352681800457e-01
3.570105525343003072e-01
5.976819115786546899e-02
-1.000000000000000000e+00
-6.776434429486015709e-01
-1.259226853459898821e-01
-1.097534938025811480e-01
1.000000000000000000e+00
-1.876529259353129087e-01
-9.523390300100270656e-01
-1.000000000000000000e+00
6.635443862173653895e-02
1.000000000000000000e+00
7.094854970652303416e-02
-1.036389946942953832e-01
1.000000000000000000e+00
-6.956654257623184900e-01
2.408876681582206025e-02
4.566483037367369269e-01
6.885046941513177643e-01
1.601561217515249103e-01
-1.000000000000000000e+00
-6.027986506081526308e-01
-6.188268926928124358e-01
-4.307074256669162216e-01
-8.231320001764864669e-01
-6.568593675804385024e-02
1.043394900550143334e-01
9.936067813982536467e-01
-7.407191482092477797e-01
-9.429736085244444510e-02
4.755993896234663731e-01
-6.732588747280052743e-01
-1.000000000000000000e+00
8.034853296635908748e-01
7.629784171621907252e-01
8.378034184867598766e-01
-2.146505867031300863e-03
-3.597384538239099538e-01
5.688632923464439495e-01
-2.965290596613467944e-02
-7.798620175053557757e-01
2.905155850748986079e-02
-1.624501867775752784e-01
7.116315338889374065e-01
4.409478067089439568e-01
1.000000000000000000e+00
-5.576175515296839524e-01
-7.766340757012061280e-01
5.195447539973658824e-01
1.177057720574521682e-01
-1.000000000000000000e+00
1.000000000000000000e+00
1.668755387238411991e-01
-7.193734495505110793e-01
-1.862151862934610103e-01
-5.688700084945904623e-01
-1.874643699456022827e-01
1.000000000000000000e+00
-4.586678028985743394e-01
6.899049395729019984e-01
-1.000000000000000000e+00
-2.890408525962539499e-01
-8.756579262411606779e-02
-1.000000000000000000e+00
-1.000000000000000000e+00
8.576431104317790988e-01
-7.950091732357182917e-01
-1.215601468734945761e-01
-7.758930956037373150e-01
-2.745328698937919421e-01
-7.462209696888517652e-01
1.009953459570637896e-01
-1.000000000000000000e+00
-6.021186552496334832e-01
-9.607186279272587059e-01
1.000000000000000000e+00
-6.313824895254558367e-01
-4.577514576117258649e-01
1.937727310493566057e-01
1.000000000000000000e+00
-9.052768458777584737e-01
-4.307461272862303514e-01
-6.298925428920564284e-01
3.682376268280631026e-01
-1.000000000000000000e+00
6.500705670893758281e-01
-3.172719313032160704e-01
7.396018606644139126e-02
1.465018146435367041e-01
2.374384584264478959e-01
-6.502562764628683212e-01
-4.626191563114374627e-01
-3.016701311930898299e-01
-7.336377468487330633e-01
6.646434239303231073e-02
-7.411904591504726858e-02
-4.467360969822864458e-02
-7.621797826184026903e-01
-1.000000000000000000e+00
7.347167667739233909e-01
5.178680310756756944e-01
1.243609742394465312e-01
-2.862638324702507231e-01
5.977734503892282447e-01
1.222736509492768908e-01
-8.349265163510743992e-01
-3.625788035517368835e-01
7.219426137331768079e-01
-3.788700579962309134e-01
1.724749841274869078e-01
-4.781523882716744445e-01
1.000000000000000000e+00
2.214001130557159136e-01
1.000000000000000000e+00
1.836891919345643165e-01
-1.000000000000000000e+00
1.091560308804886970e-01
3.246400450974831209e-01
-2.295288715518093992e-01
-1.000000000000000000e+00
-6.958679288612813485e-01
3.339636570849455199e-01
1.000000000000000000e+00
4.206997764964899855e-01
-2.966008405949471793e-02
1.000000000000000000e+00
4.464558051380673742e-01
2.861039495523431953e-01
-8.325910717109226145e-01
-5.330134364909593359e-01
1.000000000000000000e+00
3.365978083964286105e-01
5.822648662648831630e-01
1.000000000000000000e+00
-4.920970831158657521e-01
5.055873245682768191e-01
-1.000000000000000000e+00
-6.935750252906347502e-02
1.000000000000000000e+00
6.352087124494467663e-01
-1.000000000000000000e+00
-1.744691869491733216e-01
-4.286525387488998584e-01
8.863161761118389936e-01
8.466726152565152708e-01
-3.645122513796762442e-01
-1.000000000000000000e+00
-2.591939194025452142e-01
-1.602188513794471358e-01
-1.995381739777639107e-01
3.366851910859059993e-01
-1.097520271278434878e-02
-1.000000000000000000e+00
-7.919265802003899735e-01
9.411222151718681705e-02
1.000000000000000000e+00
1.510691755803252323e-01
-7.168712004349164779e-01
-1.321032355146695703e-01
-5.406293121764539356e-01
6.965550959536752629e-01
3.869810719723100756e-01
-6.255971588469220190e-01
-3.172455262049659330e-01
-1.484258339824299777e-01
7.992110268890659786e-01
3.176926572269939686e-01
3.978460426095983826e-01
3.221167442459605956e-01
3.396646969475453082e-01
4.829111862149653156e-01
4.248790927898596359e-01
3.782406092098208883e-01
2.429151050215869745e-01
3.456602848216405177e-01
5.501054362964267197e-01
6.600542040018018142e-01
2.147370785102654389e-01
5.923165410036840273e-01
3.562985280791480247e-01
3.104024455985179842e-01
4.823776273985551644e-01
3.655171340507284428e-01
9.194339592208824463e-01
4.017822655562248713e-01
3.591388796684766849e-01
5.485551233935993531e-01
1.916885649056706831e-01
5.818987884653993303e-01
5.150880254928589252e-01
3.665697158296358782e-01
5.262927297819269823e-01
4.405202147125605316e-01
4.845928281112428238e-01
6.727214130139638204e-01
3.554746583053999265e-01
3.861281903481483813e-01
3.522956018051717764e-01
3.765330818672473212e-01
2.829245636186548118e-01
5.203169203990850589e-01
6.487971289783843742e-01
5.448653209382162688e-01
4.352793273303499078e-01
3.684103140930107823e-01
3.903266663642873668e-01
7.094631318398427755e-01
2.166937026228681895e-01
3.834343550335050366e-01
4.761166544534843892e-01
3.784385021870116383e-01
5.292185111873051184e-01
2.878328311274933049e-01
3.368204082877386263e-01
4.102481992014165302e-01
4.496044121142948602e-01
3.962166569968773588e-01
4.531089692933955027e-01
3.681312329445418086e-01
4.309350790335784720e-01
3.788362430309945572e-01
8.780915494112023767e-01
2.363372134098123689e-01
6.313039065809771255e-01
5.469033324561588527e-01
5.182807821495492018e-01
3.816964940883909585e-01
3.707053500925713840e-01
5.509624123804617302e-01
3.902718919437195289e-01
3.359012391257572561e-01
2.580391937294673199e-01
4.080780349619577141e-01
3.167827299226432802e-01
4.741348576799108705e-01
4.380239427674167407e-01
2.048538609858034376e-01
3.130940472891130533e-01
3.273205801556804406e-01
4.310600580627379497e-01
3.305108168753206344e-01
4.968555866093267159e-01
3.269259727475765098e-01
8.579939229362151254e-01
4.762121690305989308e-01
4.067823698253810183e-01
3.831839282535348667e-01
5.334652623578572950e-01
5.515934706937497545e-01
2.685772310212005687e-01
1.263047001857650897e-01
3.381873260267878045e-01
4.657104755654419836e-01
2.053653614352326517e-01
2.807421096036469277e-01
3.622764133469500991e-01
5.852749006977224777e-01
6.541168471286133990e-01
5.540985343803622731e-01
4.314101892520429971e-01
5.003972824344916637e-01
2.757440360746653552e-01
4.438582005152680310e-01
7.160548622751502501e-01
5.090767600219522349e-01
3.783845496948190501e-01
5.617854400930754055e-01
7.433834843266015069e-01
4.286770054274626762e-01
6.504636655092187469e-01
7.396662547269713395e-01
8.132664470798735001e-01
5.161960422794639181e-01
2.701452729263156827e-01
4.742811995838470684e-01
4.353468392740005299e-01
6.542767711656808372e-01
4.516330930875691596e-01
6.822593984591803773e-01
9.532153397911637960e-01
2.486348593604435775e-01
3.948147659321317726e-01
2.681113825927879390e-01
3.142074165656826290e-01
3.970439223224106473e-01
7.501296761479253616e-01
3.860871428521739368e-01
5.790053111642772254e-01
5.370750234978194371e-01
4.366776655427472287e-01
4.109562583570380290e-01
2.258531381506497238e-01
4.313599271553912873e-01
4.268899763426391991e-01
3.006002993319760175e-01
4.254371859503163211e-01
1.639932730885674261e-01
7.682100271541540959e-01
7.232978615368840236e-01
5.198741193977951536e-01
4.843823041263440321e-01
2.876335738770345318e-01
3.595092763283505577e-01
2.893743686733307729e-01
3.150237725519111076e-01
2.313415942741464115e-01
8.240277977829991718e-01
6.561908031054134449e-01
7.245012817869092014e-01
4.211890883175707923e-01
4.778828332432337733e-01
3.491556710458425528e-01
4.588331872919593213e-01
3.856895664990385164e-01
2.781237629309992188e-01
4.974152994214108836e-01
4.784252701286705323e-01
3.548090198968411602e-01
4.973982606100725290e-01
3.109612702462010159e-01
5.799895358476880869e-01
5.148841384581280822e-01
5.013489999542259934e-01
4.011297117777440358e-01
3.401253656500127787e-01
4.795321962739992894e-01
5.624714854654098151e-01
6.682222081351540943e-01
2.608040949458986790e-01
5.912853096438249745e-01
7.084344067739560824e-01
2.274521484460391429e-01
3.369358064525395657e-01
3.432314448545186747e-01
2.993779986076515742e-01
3.729564065032388021e-01
2.969131600821265371e-01
4.801927562885795475e-01
3.479251086305890084e-01
3.266346676677061023e-01
3.408960243294929526e-01
6.250979672525384112e-01
4.650576543143878361e-01
4.016296309307986201e-01
5.613407576780576891e-01
4.860406214612097986e-01
5.276612772292209597e-01
4.525567338483050817e-01
1.844038560398938431e-01
1.000000000000000000e+00
5.261940377116524070e-01
2.581219341089167618e-01
4.747015196738383347e-01
3.176934155608376886e-01
5.102808218033212384e-01
3.608679509644844852e-01
6.253590570496847523e-01
3.942174852463221635e-01
6.274239947204077739e-01
6.673401447926539110e-01
2.951205313204664504e-01
5.694901626386992266e-01
4.714514477785264890e-01
4.558080815460034962e-01
6.520730050564610414e-01
5.478053212076936518e-01
5.102377890369608204e-01
2.886617750926224746e-01
3.946553273525089667e-01
2.995385052401390857e-01
2.749811368439694093e-01
4.544114024215682446e-01
6.133813904648631743e-01
3.974134795112962415e-01
6.968608638379576448e-01
3.417264711241662090e-01
6.082147197534095717e-01
4.469025129755875847e-01
1.966937430330129577e-01
2.735844929051263197e-01
7.730114894464655828e-01
5.827452253284797212e-01
4.547905890365356307e-01
4.882810763946887622e-01
3.106223222961247976e-01
2.921910813384674399e-01
3.479377669890857394e-01
7.387456886709338200e-01
3.999567022818109607e-01
8.830425311295884150e-01
4.143166153327799139e-01
8.127938958898522914e-01
4.664630879554714227e-01
3.537220313691541440e-01
3.999799442886268208e-01
4.543685668306395309e-01
3.185999142334172696e-01
4.021780440797642076e-01
3.343569153450471898e-01
4.625767177059638691e-01
3.978861425300381227e-01
5.594205120600830305e-01
7.696714398359448817e-01
6.255461975700047361e-01
6.301023890332425603e-01
3.273437241851803181e-01
7.372449554837875452e-01
7.842750871211561225e-01
4.841471828125377130e-01
5.355480524245229690e-01
3.942923759387931826e-01
7.834825345505995742e-01
5.520884807916729420e-01
6.228934680906818011e-01
3.630384035928852504e-01
2.725664381643262968e-01
5.810268987816190611e-01
7.431826326362227508e-01
5.686489247046944140e-01
3.709290064372010587e-01
4.632346424802774587e-01
5.105222574403098790e-01
4.053543365638181406e-01
5.926989821301998917e-01
6.574406643978218945e-01
3.094012031073521407e-01
5.745767210788518264e-01
5.456466272852464883e-01
3.789868381931669750e-01
3.180406688890014544e-01
4.279515026500922414e-01
