1.000000000000000000e+00
-9.762382250870178524e-01
-9.968749360472897170e-01
-9.945004272419888380e-01
-9.999831824070453123e-01
-9.999505471295060399e-01
9.999843081250274768e-01
9.999537592610046044e-01
8.948275817540615185e-01
1.000000000000000000e+00
9.982550933920525393e-01
9.154095796880270530e-01
9.916782433977240352e-01
-9.886448048761703467e-01
9.999706039154157011e-01
9.973017349438622059e-01
9.996179942600917911e-01
9.999998162546845926e-01
9.999191381603823592e-01
9.999916504374751769e-01
-1.000000000000000000e+00
9.325483471112843148e-01
1.000000000000000000e+00
9.999759300004287255e-01
9.999453107241036420e-01
-9.999607582251477389e-01
-9.999751540038410713e-01
1.000000000000000000e+00
-9.256247138974490474e-01
-9.998144934947352791e-01
1.000000000000000000e+00
1.000000000000000000e+00
-9.999962987513628665e-01
9.999971155263015499e-01
-9.998891783275588585e-01
-9.998754768285140759e-01
-9.999958687389760570e-01
-9.999784550964123664e-01
9.999384612736657019e-01
9.999515035947231789e-01
-9.995285646349815201e-01
-9.999168450400794939e-01
9.995310929670953026e-01
-9.999819342000453304e-01
9.995453334413468838e-01
-9.999282065009178488e-01
-9.843279217490376043e-01
9.999670594740712737e-01
-9.990986980155062147e-01
9.999425956623679834e-01
-9.999953710435578458e-01
9.958363857178322842e-01
-9.999998794081960130e-01
9.999832786748312774e-01
9.998848064559204829e-01
-9.998845098250448427e-01
-9.988403744894737146e-01
-9.999757365224689609e-01
9.998743839985289039e-01
-1.000000000000000000e+00
9.999811165221532683e-01
9.999625047643775355e-01
9.999943040337206934e-01
-9.987620873874040184e-01
-9.999530039874402476e-01
-9.182299046987539848e-01
9.999585379858932921e-01
9.999036616137059186e-01
9.999830108353903180e-01
9.999760666804823339e-01
-9.928585081870090479e-01
9.999777932724795981e-01
-1.000000000000000000e+00
-9.999267365673094599e-01
-9.989676939951956935e-01
-9.999249232901896711e-01
-9.999810050440192111e-01
1.000000000000000000e+00
-9.924826634641998879e-01
-9.999883155295846704e-01
1.194458007812500000e-01
-9.999627541132402042e-01
-9.999496719560431179e-01
9.999550406973652938e-01
9.999167649140472403e-01
1.000000000000000000e+00
9.999983151528029079e-01
-9.999882686593760672e-01
9.999233123013178126e-01
-9.999989923953498394e-01
-9.421276824659723381e-01
9.999693695409017646e-01
9.999768166702425187e-01
-9.998529330669223558e-01
9.998267516914406405e-01
-1.000000000000000000e+00
9.998279146462689670e-01
-1.000000000000000000e+00
-9.999932202654608915e-01
9.656623576267191478e-01
-9.999242862919841546e-01
9.998222654897619410e-01
-9.998715564909455011e-01
9.979062435558305744e-01
-9.999893012096306988e-01
9.753008378533694067e-01
-9.999013191654936294e-01
-9.999514270994168674e-01
1.000000000000000000e+00
9.996831964396164505e-01
9.999919046723890759e-01
-1.000000000000000000e+00
9.999699876032855927e-01
9.998691662709949801e-01
-9.661913910079620305e-01
-9.999537492665300231e-01
-9.999885039498346284e-01
6.975085395854823123e-01
-9.999283219023766822e-01
9.998893460622858553e-01
7.960640024373720758e-01
-1.000000000000000000e+00
9.999954522936245205e-01
-9.959853448076283478e-01
-9.999600834612962785e-01
9.399238041760954454e-01
-9.999871614910360584e-01
9.999126194584090355e-01
9.999465431972768270e-01
-9.970358812774544610e-01
9.999768637473325228e-01
9.985442962301029901e-01
9.916612252591490151e-01
9.999636119724475414e-01
9.999529821312185263e-01
9.999324351099756480e-01
1.000000000000000000e+00
-9.999933305678507800e-01
-9.999035434852807658e-01
-9.931841970066858094e-01
9.999638303750262303e-01
9.326763385399210460e-01
-9.999210271308698328e-01
-9.999788547602221911e-01
-9.798296965956614368e-01
-9.650046213471773493e-01
-1.000000000000000000e+00
9.999589706902889397e-01
-9.999871609828301366e-01
-9.952477434344528806e-01
6.904977434972194850e-01
-1.000000000000000000e+00
-9.449506916703419579e-01
9.999940953240076258e-01
9.999866074460943555e-01
9.999844508227695439e-01
9.999661720812417220e-01
-9.999794288055630087e-01
-9.998745404217205257e-01
-1.000000000000000000e+00
9.985715573654112553e-01
9.999985315785151485e-01
9.879739106967495577e-01
9.999914624764487669e-01
-9.405812801559410019e-01
9.999995709340936401e-01
-9.999992616140331858e-01
-9.578870089875590743e-01
-9.998172925384734011e-01
-9.854210342202165407e-01
-9.998436495684734915e-01
9.999723632077222035e-01
9.999950140311973934e-01
-9.922356435110718520e-01
9.998971808544615536e-01
-9.873006916847832937e-01
9.408164496537567700e-01
-9.999984284965006687e-01
9.999460329552919413e-01
9.999423897061302524e-01
9.999781300960035590e-01
9.811735240098804489e-01
9.999750594645719914e-01
9.992658647799665950e-01
-1.000000000000000000e+00
9.999817670859008079e-01
-9.999905277602169074e-01
9.968396932870166038e-01
-9.981034019257455370e-01
9.736207453480753005e-01
9.991111873941544985e-01
9.999391212859634059e-01
9.999109584131079531e-01
9.999717635955740480e-01
9.998689973849114176e-01
9.999725519268195528e-01
9.998536209114395890e-01
-9.994605585520128788e-01
9.999621042572632845e-01
-9.999912972991409355e-01
9.999976876197387288e-01
-9.998971694992967452e-01
9.999587568967527318e-01
-1.000000000000000000e+00
-9.999907246876007516e-01
9.952188906535769375e-01
1.000000000000000000e+00
-1.000000000000000000e+00
-9.999193550826731558e-01
1.000000000000000000e+00
-9.999999424422805205e-01
-9.999528675524025356e-01
9.972311707777312684e-01
-9.999144931644367018e-01
9.999681048759112567e-01
-1.000000000000000000e+00
9.999838507451155323e-01
-5.385464600358547127e-01
-9.999574295339078711e-01
-9.999897384149316615e-01
-9.362196064934548145e-01
-9.999230512480445920e-01
-9.998893885396907821e-01
9.998597027472510002e-01
-9.989479782632257887e-01
9.998855454482525884e-01
9.998889849985800327e-01
9.999587910703849891e-01
9.999844642067836631e-01
-9.977078879552847557e-01
9.999815941365610694e-01
-1.000000000000000000e+00
9.998951945586710410e-01
1.000000000000000000e+00
-9.964506700327787625e-01
9.999225953884236517e-01
-9.999613792255257483e-01
-9.965964165843409495e-01
-9.999449715057915355e-01
-9.999649847974949601e-01
-9.999876269057393907e-01
9.999655976835886140e-01
-9.998405678189927759e-01
-9.999442740247004302e-01
9.999726509021187315e-01
-9.760037401568388837e-01
-9.807572514600902958e-01
9.999575004642196063e-01
-9.999993608060957495e-01
9.999376614202768465e-01
-9.976031869231603011e-01
8.672201455002805925e-01
7.425371277271872739e-01
-9.963340429428654277e-01
9.999645678486543954e-01
9.999557029608042713e-01
9.999427618626991476e-01
-9.999964136818145777e-01
1.000000000000000000e+00
9.999471609822434548e-01
-9.998635363618179062e-01
-9.999151815619944372e-01
9.952703236373796614e-01
-9.984880989383413397e-01
-9.999863430031659117e-01
