-1.000000000000000000e+00
-7.374642735355265710e-01
-1.145360119690475020e-01
-1.000000000000000000e+00
-4.008132565062907382e-01
1.000000000000000000e+00
1.000000000000000000e+00
-1.000000000000000000e+00
1.000000000000000000e+00
-1.000000000000000000e+00
1.000000000000000000e+00
1.000000000000000000e+00
1.000000000000000000e+00
-4.120965738202247985e-02
-1.000000000000000000e+00
9.666462438252100275e-01
-1.037829175837501339e-03
-1.000000000000000000e+00
1.588510175899891519e-01
-1.000000000000000000e+00
-1.000000000000000000e+00
-1.000000000000000000e+00
1.000000000000000000e+00
-4.629867978966708542e-01
1.000000000000000000e+00
-1.000000000000000000e+00
-1.000000000000000000e+00
1.000000000000000000e+00
1.796974871682450736e-01
-1.000000000000000000e+00
4.188430901201541379e-01
3.684816167400903897e-01
-1.000000000000000000e+00
-1.000000000000000000e+00
-9.389480404413892423e-01
1.000000000000000000e+00
1.000000000000000000e+00
-1.000000000000000000e+00
1.000000000000000000e+00
8.412427550734111747e-01
1.000000000000000000e+00
-1.347135797699183235e-01
1.000000000000000000e+00
-1.000000000000000000e+00
-1.000000000000000000e+00
1.000000000000000000e+00
2.174165344078330397e-01
1.000000000000000000e+00
8.965212714458710153e-01
-1.000000000000000000e+00
1.939003238104634597e-01
1.000000000000000000e+00
-2.669748970584284731e-02
-1.000000000000000000e+00
-1.000000000000000000e+00
-1.000000000000000000e+00
5.223834073638689013e-03
9.274981668690307490e-02
-1.000000000000000000e+00
1.000000000000000000e+00
1.000000000000000000e+00
-1.000000000000000000e+00
-2.689369771368288475e-01
1.000000000000000000e+00
1.000000000000000000e+00
-1.000000000000000000e+00
1.000000000000000000e+00
1.000000000000000000e+00
-4.960318820925319061e-01
6.828016751058456624e-01
1.000000000000000000e+00
-1.000000000000000000e+00
-1.000000000000000000e+00
-1.000000000000000000e+00
-9.562276481663661842e-01
1.000000000000000000e+00
-5.676974059944881468e-01
1.000000000000000000e+00
1.000000000000000000e+00
-8.104959869215819790e-01
-1.000000000000000000e+00
-1.000000000000000000e+00
1.000000000000000000e+00
1.000000000000000000e+00
1.000000000000000000e+00
9.610131168300783955e-01
-1.000000000000000000e+00
-7.559252822874451549e-02
2.594874431958118510e-01
-1.000000000000000000e+00
-1.448158565640864648e-01
-3.170283380889373226e-01
-1.000000000000000000e+00
-1.000000000000000000e+00
1.000000000000000000e+00
1.000000000000000000e+00
-1.000000000000000000e+00
-1.000000000000000000e+00
1.000000000000000000e+00
-1.000000000000000000e+00
5.938896207736310551e-02
7.760345394997608670e-01
-1.000000000000000000e+00
6.234022272272750076e-01
-1.000000000000000000e+00
-1.000000000000000000e+00
-1.000000000000000000e+00
5.149661003732484144e-01
-1.000000000000000000e+00
-9.832247865720357138e-01
-1.000000000000000000e+00
-1.000000000000000000e+00
1.000000000000000000e+00
1.000000000000000000e+00
1.000000000000000000e+00
-2.599462696604197820e-01
1.598306343792958994e-01
-1.000000000000000000e+00
1.000000000000000000e+00
-1.000000000000000000e+00
1.000000000000000000e+00
-1.000000000000000000e+00
-1.000000000000000000e+00
-9.564565239220362836e-01
-5.246588687580959753e-01
-7.978134066661154433e-01
-8.739800578293599465e-01
-1.000000000000000000e+00
1.000000000000000000e+00
-1.000000000000000000e+00
1.000000000000000000e+00
-5.660831187205863646e-01
-4.766725288610631495e-01
1.000000000000000000e+00
-1.000000000000000000e+00
7.210263948312308768e-01
-6.552596419974092701e-01
1.000000000000000000e+00
-1.000000000000000000e+00
-1.000000000000000000e+00
1.000000000000000000e+00
1.000000000000000000e+00
1.000000000000000000e+00
-4.938359556083615765e-01
-1.000000000000000000e+00
1.000000000000000000e+00
-1.000000000000000000e+00
1.000000000000000000e+00
-1.000000000000000000e+00
-9.767382908060311397e-01
1.000000000000000000e+00
1.000000000000000000e+00
-7.052437256642449803e-01
7.188958166420333917e-01
-1.000000000000000000e+00
1.000000000000000000e+00
1.000000000000000000e+00
1.000000000000000000e+00
5.775734662396220243e-01
1.000000000000000000e+00
-1.000000000000000000e+00
-1.000000000000000000e+00
-1.000000000000000000e+00
-5.281500291547108761e-01
-1.000000000000000000e+00
-1.000000000000000000e+00
-1.000000000000000000e+00
1.000000000000000000e+00
7.612073593366530666e-01
-1.000000000000000000e+00
-1.823881037899783841e-01
-1.000000000000000000e+00
-1.000000000000000000e+00
1.000000000000000000e+00
2.149223312461506774e-01
-1.000000000000000000e+00
-1.000000000000000000e+00
5.168339006260163071e-01
-1.000000000000000000e+00
1.000000000000000000e+00
-1.000000000000000000e+00
1.000000000000000000e+00
-1.000000000000000000e+00
-1.000000000000000000e+00
-1.000000000000000000e+00
1.000000000000000000e+00
1.488379917083274551e-01
-1.000000000000000000e+00
1.000000000000000000e+00
-1.000000000000000000e+00
1.000000000000000000e+00
1.000000000000000000e+00
1.000000000000000000e+00
1.000000000000000000e+00
-1.000000000000000000e+00
1.000000000000000000e+00
1.000000000000000000e+00
-6.980629429485096793e-01
7.413710109648086188e-01
8.283159941738331700e-01
1.000000000000000000e+00
4.404080268578274837e-01
1.660373407452541694e-01
1.000000000000000000e+00
-8.727542068890552507e-01
1.000000000000000000e+00
-1.000000000000000000e+00
1.000000000000000000e+00
5.018822544075248748e-01
1.000000000000000000e+00
-7.239614584181635060e-01
-1.000000000000000000e+00
-1.000000000000000000e+00
-1.000000000000000000e+00
2.185321968401167103e-01
-1.000000000000000000e+00
1.000000000000000000e+00
1.000000000000000000e+00
1.000000000000000000e+00
-9.208808564210854142e-01
1.000000000000000000e+00
-1.000000000000000000e+00
7.824268392936978289e-01
8.606171331704237648e-01
1.000000000000000000e+00
-1.000000000000000000e+00
1.000000000000000000e+00
-1.000000000000000000e+00
1.744361357586147188e-01
9.068068351294762408e-01
1.000000000000000000e+00
-1.000000000000000000e+00
1.000000000000000000e+00
1.000000000000000000e+00
-1.000000000000000000e+00
-5.895457458770277936e-01
1.000000000000000000e+00
-1.000000000000000000e+00
6.765987030524778234e-01
-1.000000000000000000e+00
1.000000000000000000e+00
1.000000000000000000e+00
4.021866846047556510e-01
6.357227553196067582e-01
2.226634889383008187e-01
8.296454416551108935e-01
1.000000000000000000e+00
1.000000000000000000e+00
1.000000000000000000e+00
1.000000000000000000e+00
-1.000000000000000000e+00
1.000000000000000000e+00
-1.000000000000000000e+00
7.767290484556027552e-01
-1.000000000000000000e+00
1.000000000000000000e+00
1.000000000000000000e+00
6.575509990246285463e-01
1.417103235819080487e-01
-6.380681566502395263e-01
1.000000000000000000e+00
1.000000000000000000e+00
-1.000000000000000000e+00
1.000000000000000000e+00
-1.000000000000000000e+00
