9.586186589597548435e-01
5.232302928189891400e-01
4.354109391890922387e-01
-6.496414342752228066e-01
-4.665511594497844250e-01
-1.895090719004751678e-01
8.112894895652112970e-01
-5.276121484246562021e-01
5.818900178220892672e-01
1.511725732658805721e-02
7.668305319562469524e-01
-3.216705004336042339e-01
-3.141324233267331345e-02
-7.255290027091580995e-01
7.267666603903251143e-01
8.186514396836559460e-01
-5.291587411603426716e-01
-6.954133359445627272e-02
1.000000000000000000e+00
9.569896900835300757e-01
7.647975025448241482e-01
3.017887802494012561e-01
-4.229092101967267259e-01
-9.342640464383014098e-01
7.863009801291446221e-01
-7.999080015121737830e-01
-4.132670074297901674e-01
-5.454512666550853650e-01
4.920061880502797913e-01
-1.000000000000000000e+00
-1.000000000000000000e+00
-3.789157809377706743e-01
9.443206981149110391e-01
3.296559756248489959e-01
9.474625627469962508e-01
8.412986066811759533e-01
-5.365237669310004565e-01
-6.679476229632667905e-02
-8.496981406069132881e-01
3.907044413625260226e-01
-7.382363886958971388e-01
6.028938276400853669e-01
-4.204129613492609829e-01
-4.866790815172150064e-01
-1.000000000000000000e+00
9.660084676473216225e-01
-7.098651001023481566e-01
3.226612952175610394e-01
-1.000000000000000000e+00
-1.000000000000000000e+00
7.798989911234377459e-01
1.353584620698182750e-01
-8.448397758616248421e-01
-5.494764703701933151e-01
-6.543248690874969853e-01
2.195171664476469053e-01
-6.368424008117672397e-01
1.716685051806830509e-01
1.000000000000000000e+00
9.106840494703121180e-01
-1.000000000000000000e+00
-7.327667306489171750e-01
5.442235916535534401e-02
-8.598780772806750017e-01
8.060346170366086138e-01
7.242288619393320026e-01
-3.616334797435148685e-02
1.157492972788053132e-02
-1.000000000000000000e+00
-1.000000000000000000e+00
1.345192756864278805e-02
-2.508864554719972967e-02
-5.776939519798776068e-01
2.422013188349049218e-01
5.349490793637685648e-01
1.338952557079293726e-01
2.757820553142353859e-01
6.530583402566412232e-01
-7.638377951968718937e-01
1.443968021327159401e-01
9.614870731708857754e-01
8.949069100074832361e-01
-5.954348791423330622e-02
-9.556922771096825198e-01
8.596630875707538255e-01
-2.304924518602018690e-01
-4.220209147897213686e-02
6.217170244600008638e-02
-2.672467695068616589e-01
4.993589209601050349e-01
1.000000000000000000e+00
-3.512565004260753687e-01
-9.184995853331172355e-02
8.279033801280182292e-01
8.155678683770881676e-01
8.828623897127427789e-01
7.282716301386884528e-01
-1.000000000000000000e+00
6.442267357443798304e-01
1.000000000000000000e+00
6.657638567323715950e-01
-6.494781823044220026e-01
-3.175893634867998916e-01
1.000000000000000000e+00
-7.737347742028506670e-02
6.805681668250209704e-01
5.515080038734543333e-01
6.583873051218185335e-01
7.698378284115227066e-01
8.573580542870632426e-01
1.214077198863726392e-01
6.911008629974799700e-01
9.243331676625436977e-01
6.435865471516942771e-01
1.781610484407339656e-01
4.095588858541953647e-01
-1.000000000000000000e+00
4.821477160669888629e-01
5.555153222724045214e-01
-8.770582642158901709e-01
8.106980097617408898e-01
-1.000000000000000000e+00
1.000000000000000000e+00
7.809666512186353993e-01
2.033502978156768726e-01
8.589042772087909228e-01
7.775015044062669745e-01
2.261173481127300711e-01
-9.049850071372797511e-02
9.805801286101194503e-01
6.578878111735129153e-01
6.505054815898934084e-01
-5.722450798974726416e-01
-1.000000000000000000e+00
-7.930210296852466811e-01
4.812885727152025339e-01
-1.052838461911849710e-01
8.184018323359693037e-01
-4.266241331664397674e-01
9.990661078855636035e-01
-1.680746357776302380e-01
-3.261609156669872389e-01
-5.683226028461645374e-01
1.000000000000000000e+00
-6.874236776301857477e-01
-9.472704110997245408e-01
-7.037875410289435862e-01
-9.588925227334579304e-01
5.648893976748270429e-01
9.499925918814950965e-01
2.993370078864646122e-02
8.814068194206221563e-01
-2.493053697796868418e-01
-6.810360318182799855e-01
-1.319161513250136364e-01
5.178609797603195286e-01
-6.540450959190318159e-01
-4.228382011546890640e-01
-8.362743184620297088e-01
4.562402958673293929e-01
-1.000000000000000000e+00
9.525201569149388536e-01
-8.426931210639166947e-01
1.609349625932061378e-01
-3.039381513120351652e-01
3.730630655191947975e-02
-2.234463056568394834e-01
-5.055883288429600109e-01
-8.768741226278091716e-01
-8.357820780591602716e-01
-5.393052000972579085e-01
-5.280240785700424100e-02
5.488430920444498096e-02
1.000000000000000000e+00
-5.499280588966732886e-01
-7.104132250747504651e-01
8.026506315594060803e-01
3.714350244645969190e-01
-1.000000000000000000e+00
-1.000000000000000000e+00
3.391054459895414541e-01
9.188880851090603930e-01
-7.354110248728327193e-01
3.129483042688603334e-01
1.000000000000000000e+00
4.684377514950658350e-01
-8.049499691415892833e-02
8.961966301313503691e-02
5.532262269389369713e-01
-6.334650518587802148e-01
-5.892715906441274853e-01
3.554839939983505670e-01
8.874907284620821013e-01
-9.227946328097818007e-01
-9.669188219381310567e-01
-1.000000000000000000e+00
-9.308215944390594299e-01
-5.869804591766500934e-01
-6.141207668183564783e-01
-8.806357772418611507e-01
1.000000000000000000e+00
-4.408864290655071794e-01
-5.354402477568409591e-01
-1.021537810644035094e-01
5.072083351696756726e-01
-8.730101317637031233e-01
1.000000000000000000e+00
-7.656467725636925126e-01
5.978073206736536083e-01
-6.669016327294758906e-01
7.618772099360728856e-01
-7.143958259881102446e-01
5.401224295872167902e-01
7.194099794355575117e-01
-1.000000000000000000e+00
-6.630905454309918845e-01
1.000000000000000000e+00
5.239993441502672766e-01
7.604548676277225194e-01
-5.602617101376088371e-01
-1.000000000000000000e+00
-1.000000000000000000e+00
3.402089660416815486e-01
4.600330595833516667e-01
7.506783105502721209e-01
-9.831739400489105662e-01
-2.158653807127920710e-01
-2.905844748846653225e-01
1.000000000000000000e+00
-9.984805744519757997e-01
-6.823578496683688766e-01
-9.476348011699433638e-01
1.000000000000000000e+00
-2.798416307829695304e-01
5.499633603546154603e-01
2.974111696790362330e-02
4.647949626518079747e-01
-1.000000000000000000e+00
-3.408388648300467727e-01
4.449119336551921045e-02
1.000000000000000000e+00
-7.540393969603952362e-01
3.210187079875699290e-01
2.840057874806103388e-01
1.000000000000000000e+00
-8.970912810094744394e-01
1.000000000000000000e+00
-9.815181999830815407e-01
-6.804502608844933409e-01
-3.969323938301660970e-01
-4.511777949305743052e-01
3.103218695337224275e-01
-1.155613526216476838e-01
8.361506962025454515e-01
3.340754907559012610e-02
-2.630502735970627892e-01
-6.125974849259367971e-01
7.403737714100705469e-01
-6.607463545800822402e-01
9.158252012517869023e-01
1.000000000000000000e+00
2.978342329898658325e-01
8.614145401363819676e-01
1.954601785495587996e-01
-4.903649450022488088e-01
4.554816331519743189e-01
3.335807197137542479e-01
6.337118541972628361e-01
8.252680453481666678e-01
8.153188984955868079e-01
1.000000000000000000e+00
4.352535414976189676e-01
2.987355274505276714e-01
8.672710774453873395e-01
7.843752977523502645e-01
8.623113803576266667e-01
7.850744365062602981e-01
5.119157672956567984e-01
4.231803666307932810e-01
4.698048802387620460e-01
2.517026228985965730e-01
2.168994536519601168e-01
9.470190886021782051e-01
3.395220847687558940e-01
7.509129761732987740e-01
5.690431611080479790e-01
2.612795203871107197e-01
3.054154329474467744e-01
9.661125167751386522e-01
3.867672886546487110e-01
1.864621056977704139e-01
5.422015458130201582e-01
6.259017368628726485e-01
9.236311692048979616e-01
9.473858373098718033e-01
8.724029348975355092e-01
7.986531782353508691e-01
8.604836403094532349e-01
5.088516145706454274e-01
5.744938352594728403e-01
6.317365709559303877e-01
6.216587442709751166e-01
3.499956974470524451e-01
3.963311594968963458e-01
5.507061159166193320e-01
2.862959346473988864e-01
9.339106693101757450e-01
5.983816188664026203e-01
9.177641265415760197e-01
5.402844509988451449e-01
4.979823431482379714e-01
4.339294652049830447e-01
2.979319649424909677e-01
5.923766906770557839e-01
7.178647723507329825e-01
3.285328644018054023e-01
5.013073768213456294e-01
6.063338444677870420e-01
3.905769722258379262e-01
2.547729615137450110e-01
7.515273876358909977e-01
3.336233708292587474e-01
4.202570254744779632e-01
6.488130431195127112e-01
4.203530149766317447e-01
6.494814699722060158e-01
3.808213088107752498e-01
4.548147231405210711e-01
6.377161213841714416e-01
4.927092072201743056e-01
7.542670785290201962e-01
3.505748737911855706e-01
4.006122304525839839e-01
3.373553912632992757e-01
7.825082623052999065e-01
7.930317957895386405e-01
5.828551961114070146e-01
3.713351496354413417e-01
5.991986743476502841e-01
7.363467603157900498e-01
7.872957654920504922e-01
3.180162710309107910e-01
3.203948251676509429e-01
4.303400052717952229e-01
1.873447186219869831e-01
4.377276746500136095e-01
4.094673678538535144e-01
8.470811764629702090e-01
5.121986524727235590e-01
2.652662198877958066e-01
4.786594552996200069e-01
3.121017155404590682e-01
5.725339697496367730e-01
3.119540928378240485e-01
3.860684280972587201e-01
5.807965505184032873e-01
4.193448156959081463e-01
4.281265012262449599e-01
7.604014823680265156e-01
2.023464438259431897e-01
4.914633841518110113e-01
3.911075427830688067e-01
1.954992220203892184e-01
4.065953745763344340e-01
6.886965224739832747e-01
4.249394318271565441e-01
3.749510538651872338e-01
3.073143140612925039e-01
6.556928758290041515e-01
6.784275115980988868e-01
9.271042021230317953e-01
5.191545365729397510e-01
2.990643793825060737e-01
6.641564621733637708e-01
2.551131120690038889e-01
5.659739130618024472e-01
6.315890643265845705e-01
2.554382213736588469e-01
3.513226910745325116e-01
3.004013978222203063e-01
6.855419220200058561e-01
2.872517532464970991e-01
4.389340239937462029e-01
7.398141890981293489e-01
3.471650334834341933e-01
3.769020177218381784e-01
2.527900444719918260e-01
5.731155846152515831e-01
9.094619077982883937e-01
4.920103485326715598e-01
5.891176567665541430e-01
3.218458164847770031e-01
9.909653726908971283e-01
3.276608251241815428e-01
8.532350135553989912e-01
7.352374000670587328e-01
4.386651617465651132e-01
1.000000000000000000e+00
2.166017259402974737e-01
3.958451404364219939e-01
3.593932281461195144e-01
4.653752885502258074e-01
5.042890486347535450e-01
3.141192739900680042e-01
6.603680550896897650e-01
7.515721219022202249e-01
5.973159224244735110e-01
3.123799580502346629e-01
6.820770311082031689e-01
5.764681933988550222e-01
1.000000000000000000e+00
3.258367055572898296e-01
7.324004515804443116e-01
6.855339667568025597e-01
3.666436304427584947e-01
5.433153647069408620e-01
2.526669551702059868e-01
3.633181093701296493e-01
5.935632411022748745e-01
4.418210118275509579e-01
4.705811767663097833e-01
6.025638813024619678e-01
3.455551611954303937e-01
2.295295295740910901e-01
4.153878053832720796e-01
4.449101262848886851e-01
8.391771331263453426e-01
8.036849427938079771e-01
8.910517411234619711e-01
3.290273033620565446e-01
3.001609740868736997e-01
5.036159298540899831e-01
6.867253261994810121e-01
6.397257881051374717e-01
5.355467622795977434e-01
4.754861938115176878e-01
3.904340157466364980e-01
8.085657589642604171e-01
5.160805229482156031e-01
9.075325729096477279e-01
4.146762000153181305e-01
7.620151536121175795e-01
4.474987894732774807e-01
5.505086194310252479e-01
3.494717797726594744e-01
5.294054534116271471e-01
1.000000000000000000e+00
7.949455025230685035e-01
6.639515500331510944e-01
2.965112313845288394e-01
4.704096252935724420e-01
4.314123553737195804e-01
2.701659557564610736e-01
1.000000000000000000e+00
5.742125714377885881e-01
5.452191878931988978e-01
6.079461730863184865e-01
7.724983388745819690e-01
5.844426580210075883e-01
8.102002611007270705e-01
9.453730354053664353e-01
3.686678526127539213e-01
2.883808376232432358e-01
6.674547275093998255e-01
5.075589285642410076e-01
5.106722975574049528e-01
5.066698981021535708e-01
3.014848421730545458e-01
4.627482380712561461e-01
7.936368825732870169e-01
7.452651336044124886e-01
1.000000000000000000e+00
4.506507335506287348e-01
6.203001456093720778e-01
4.136961664469812616e-01
9.359182763842637254e-01
2.728412202963039213e-01
7.461065008455058933e-01
6.202178194361518404e-01
3.812643814133583331e-01
8.456191005259211524e-01
2.479049150895981934e-01
4.528273191759373817e-01
3.462861593851317421e-01
8.175598778176524917e-01
9.109496309298182881e-01
9.775503768268308802e-01
3.958574726585022963e-01
4.161275707071444563e-01
6.121878865536724001e-01
6.457559878402332476e-01
3.122591076848106884e-01
4.669964653621954676e-01
9.076852245364730454e-01
8.485546250265485480e-01
4.150784455485103663e-01
5.486480680218306372e-01
8.992671493379575942e-01
5.335659295606776098e-01
2.565050961850271483e-01
4.779858230651850559e-01
5.023736167421538612e-01
6.137279343895160055e-01
8.698610274802212050e-01
5.289855645422423258e-01
6.421485899471512937e-01
3.090618638487113712e-01
4.285821835816025493e-01
4.410269710229092754e-01
5.846218705680756855e-01
4.936867818100187932e-01
3.635545297059195047e-01
3.952101959790291774e-01
4.242492428358635159e-01
2.177833137089849602e-01
3.222031790737295287e-01
8.755167134840274867e-01
7.441358087281578770e-01
7.835766199561664536e-01
5.595347966913166715e-01
2.940022854829487109e-01
4.486963928214011132e-01
4.147293748984813844e-01
4.295445923255007403e-01
4.483894275874865665e-01
9.982485634378587269e-01
5.027960225326288946e-01
4.475165565140027946e-01
3.617098307117517786e-01
6.515237792201764577e-01
