-4.728990112877443260e-03
3.359918224923630903e-01
-4.919126651438277681e-02
1.093820826280619829e-01
1.797369416117394481e-01
1.386306098304116441e-01
-8.710286824399769701e-02
1.456886939440335538e-01
-1.049276154456394716e-01
1.149935426844685138e-01
-9.238316032997641314e-02
2.776226123785862088e-01
1.193009129728364454e-01
5.311743106927193647e-01
-3.731683163239406242e-02
-2.356333251892778757e-01
-1.655527641179435627e-01
1.865612923217626340e-01
2.982689982468964690e-02
-1.351541926404879745e-01
1.562960163680705492e-02
1.508356928663137642e-01
-2.461952381507120230e-02
9.229205996106562560e-02
6.526857447140065049e-02
5.512648195878162849e-03
-3.615580665527964310e-01
-8.543905603215605493e-02
-1.968586759967429767e-01
-6.009671435721525984e-02
3.765236624016413680e-01
3.839027302787498958e-02
-8.436262396447033463e-02
9.605490873078828540e-02
3.547946952526964126e-01
2.443313120008125394e-01
-3.551802423964570132e-02
-1.503637686023081010e-01
-1.452284819782575231e-01
3.005291638143231525e-01
1.219618101295417006e-01
2.607036573937016044e-01
2.456841847330877848e-01
-1.645731444505888763e-01
-4.498207863498997205e-02
-1.351703746398371653e-01
-1.650283741383197778e-01
2.130114956005973725e-01
2.305411925174669086e-02
4.488611538627065162e-02
1.001672041344263270e-01
-2.405118165064280278e-01
1.760815650169465785e-01
-3.103546974399733899e-02
-7.708328458531966965e-02
4.065899877389981820e-01
1.837406823288563473e-01
4.490353231438026088e-02
-1.938298550248810925e-01
-1.784180710356152860e-02
1.506278804605221400e-01
5.798907060136165859e-01
1.834529819608909582e-02
3.333320427418519707e-03
-1.106308142728231886e-01
3.299241473888540055e-01
-2.514367672358567840e-01
9.348449563266056361e-02
2.451317347248071210e-01
-3.820891960455705672e-01
1.503342612359485908e-01
5.431932493572996790e-02
-1.452715474291695064e-02
3.863623871840593527e-02
2.973853597972894724e-02
-2.490851507526801178e-01
7.884684600719049641e-02
1.160396516774313824e-01
2.462977063161512492e-01
-8.261488826315371847e-02
-2.853742486729879402e-01
-1.300583648314416162e-02
2.130729522764145956e-01
-3.305806436207928828e-02
-1.553343339082464691e-01
7.258921343208496468e-02
1.791902833639794079e-01
-2.332065208296566494e-01
-1.732506437440769209e-01
1.129021673223494504e-02
-2.454227344604303571e-02
1.719048920208360309e-01
-3.261770305746276577e-01
-8.243238207175070109e-02
-1.571947075380740466e-01
3.723237394653059473e-01
-1.667546928574805687e-01
1.285053055806836264e-01
-1.724230999836846023e-01
-4.973540239299040905e-03
5.256434976679859317e-03
9.378585176710224625e-02
-4.363451374445246889e-01
-2.373502571904798075e-01
3.133001498047292555e-01
1.922161344005630934e-01
7.286437998645257930e-02
2.637964528048216684e-01
1.819024039343996035e-01
9.319917894439203043e-02
-1.044592524333730343e-01
2.140312285558503558e-01
-1.125611895147232561e-01
1.373345707307059571e-01
3.974927498881898891e-01
4.420231046927053375e-02
6.418363621132039398e-02
6.574235893577801138e-01
-4.369151192186205290e-01
5.452147879850294254e-02
9.211486849628169882e-02
-1.924784091756795434e-02
2.139238867828500701e-01
-3.121810923063628174e-01
-7.736283807520101530e-02
-8.986215583989431988e-03
4.262703416432155057e-02
-2.486964775398993188e-01
-2.226481696767305674e-01
1.858160629032808431e-01
2.350016204162880817e-01
-3.491667573729964613e-01
1.015289942531645562e-01
4.721287780923112964e-01
-5.942399059851982690e-02
-1.333078693409369686e-01
4.828386067183626507e-02
1.134087064136459488e-01
1.986141120237214786e-01
-7.360331718397711276e-02
8.467773667557654260e-02
-3.074360777352434515e-01
1.590673182216711112e-01
-1.018932109251431406e-01
-1.696949490171467123e-01
-3.340549685689732373e-02
1.994994168659845746e-02
-1.886128628170267441e-01
-1.609973640840973996e-01
-1.748222492980641418e-01
1.522929149140312965e-01
5.992279020486156182e-02
6.645520788590338068e-02
1.965935570036279056e-01
-1.649695033140360645e-01
2.166666330939655966e-02
-1.178314470784990881e-01
2.401216695735579609e-01
-3.377302453223046674e-01
-2.260568767319967864e-01
-3.719024651519411279e-02
-1.725681938274438165e-01
7.688211114307481886e-02
1.872420762035449382e-01
3.517822271329574396e-02
2.530019376921097130e-01
1.027539867852288180e-01
-5.065265482844823197e-02
-1.046930055172999030e-01
2.481060754324135309e-02
-2.704986558037024702e-01
-1.135573824329484671e-02
6.173489873082797091e-02
5.272811255962941424e-01
-9.767162469460474727e-02
-7.568772365390058487e-02
-1.611726179504461842e-01
-6.823160228738800459e-03
6.073182159451899487e-03
-2.679440144222268796e-02
1.401652741616503661e-01
7.457335998684311296e-03
-2.191135067657239144e-02
1.067471550297599825e-01
3.151431613942760057e-01
-1.054163063974103143e-01
2.887168293605354291e-03
1.248759690111509724e-01
1.631202505072220643e-01
4.052702954157661464e-01
2.522549618650272649e-02
1.135071070571531809e-01
-3.567649947617628770e-01
1.382916797742759774e-01
-3.234514110718945956e-02
4.464793224110347181e-02
-2.283108022246757018e-01
-3.709015448887263977e-01
-4.387826165812314105e-01
-3.155555285922925224e-01
3.313409844735415999e-01
1.717812463475482110e-02
1.452829256152541881e-01
-2.625523214080127121e-01
-2.630528312110854694e-01
-3.876413539652667772e-02
1.477045941416235686e-02
-2.067209412175314079e-02
-1.147121080001010235e-01
2.308937191190684191e-01
-6.928994117699539823e-02
-7.698830654808298812e-02
2.245606744420852730e-01
2.871258927573068775e-01
1.677801869565411774e-01
-8.764548604875653515e-02
-4.341323173568915617e-01
-1.316629998356220466e-01
3.098348702147825096e-01
-7.238115247155971210e-02
2.251884792529797175e-02
-1.614609316727192156e-01
1.844371922232427019e-01
-4.747108978063800666e-02
-6.099444434300224649e-02
-4.907897516328378340e-01
-1.605256461809043411e-01
-1.846818796749044034e-01
-1.116281147413371033e-01
-1.502161774853429110e-01
-2.260656849202260371e-02
1.562119601677321723e-01
3.277110250264356206e-02
-3.978068196910852783e-02
3.615926345141778353e-01
-1.755519315987516538e-02
-4.646680170876700267e-01
-3.049333479470499597e-01
1.687554932291342458e-01
5.598565273547691235e-02
3.027475598015695601e-02
6.428304499383703796e-02
1.982410817623916077e-01
3.243331430092592504e-01
6.437141807564368545e-02
1.227989275974408073e-01
2.007482973447247410e-01
2.163152256292904738e-02
-1.815203910909545804e-01
-2.439876167840562826e-01
-3.434933822727205266e-01
-3.094979483021418343e-01
-6.954454497979725702e-02
-1.934767107101817429e-01
-6.002783532068196176e-03
1.970573911085349850e-01
-1.165492138208388817e-01
3.813531755146858937e-01
8.666391935874181995e-02
-9.171622839734427934e-02
-1.041976431132360936e-01
-1.511729660832119571e-01
1.143795438223768335e-01
-8.565880260443287098e-02
-2.925262346069203989e-01
