Generation: 0 71.9532 3.3650 4.5935 20.4293
Generation: 1 71.9005 3.3650 11.7778 24.1465
Generation: 2 76.8844 3.8000 14.6223 25.6482
Generation: 3 71.9532 3.3650 16.8906 23.9383
Generation: 4 71.9532 3.3650 20.6226 27.3470
Generation: 5 71.9532 3.3650 25.1730 27.8826
Generation: 6 67.9417 3.7850 34.2502 27.1587
Generation: 7 72.1135 3.5150 49.3869 25.3603
Generation: 8 63.5360 3.8150 53.1412 26.0747
Generation: 9 53.8648 3.5900 53.8988 25.2868
Generation: 10 78.9448 3.6650 58.7253 24.5616
Generation: 11 71.9532 3.3650 65.8981 18.6107
Generation: 12 72.1532 3.5650 60.1054 24.4946
Generation: 13 71.9532 3.3650 59.6548 25.9218
Generation: 14 71.9532 3.3650 63.4124 21.2427
Generation: 15 71.9532 3.3650 68.2981 15.3335
Generation: 16 71.9532 3.3650 66.8691 16.3376
Generation: 17 71.9532 3.3650 63.3272 23.9285
Generation: 18 47.2845 3.7250 63.7351 22.5681
Generation: 19 71.9532 3.3650 65.9864 18.7624
Generation: 20 71.9532 3.3650 70.5925 8.7068
Generation: 21 74.4634 3.5000 70.9990 5.6141
Generation: 22 71.9532 3.3650 70.3927 10.9109
Generation: 23 71.9532 3.3650 71.3708 4.0717
Generation: 24 71.9532 3.3650 71.9077 0.4528
Generation: 25 71.9532 3.3650 71.3313 6.1872
Generation: 26 71.9532 3.3650 69.6151 13.2950
Generation: 27 71.9532 3.3650 70.5920 8.7744
Generation: 28 71.9532 3.3650 70.3576 10.9120
Generation: 29 71.9532 3.3650 69.9892 11.2244
Generation: 30 71.9532 3.3650 71.9533 0.0011
Generation: 31 71.9532 3.3650 70.8960 8.2062
Generation: 32 71.9532 3.3650 70.0388 11.4223
Generation: 33 71.9532 3.3650 69.3370 13.4522
Generation: 34 71.9532 3.3650 71.0233 5.1695
Generation: 35 71.9532 3.3650 70.1011 9.3032
Generation: 36 72.1143 3.5150 71.9548 0.0160
Generation: 37 71.9532 3.3650 71.1738 7.7546
Generation: 38 71.9532 3.3650 70.7727 5.6860
Generation: 39 71.9532 3.3650 68.9862 13.8038
Generation: 40 71.9532 3.3650 68.8040 14.3929
Generation: 41 81.4502 3.6050 67.3409 18.3234
Generation: 42 72.1168 3.5150 68.5783 15.4116
Generation: 43 71.9532 3.3650 64.6871 21.5389
Generation: 44 49.7813 3.7700 68.2175 15.5007
Generation: 45 71.9532 3.3650 66.4892 19.0711
Generation: 46 71.9532 3.3650 68.6621 15.4948
Generation: 47 71.9532 3.3650 68.6584 13.9391
Generation: 48 71.9532 3.3650 71.4091 3.8218
Generation: 49 71.9532 3.3650 70.7272 6.4101
Generation: 50 71.9532 3.3650 71.0160 5.3572
Generation: 51 71.9532 3.3650 71.6724 2.7940
Generation: 52 71.8972 3.3650 70.9107 5.1493
Generation: 53 85.7684 3.7650 69.4456 12.1129
Generation: 54 62.7774 3.4250 70.3774 9.4198
Generation: 55 77.1966 3.7500 71.2046 4.8543
Generation: 56 71.9690 3.3800 70.4846 8.7170
Generation: 57 71.9532 3.3650 69.6639 11.1831
Generation: 58 71.9532 3.3650 70.8113 5.6926
Generation: 59 71.9532 3.3650 71.3917 3.9303
Generation: 60 71.9532 3.3650 71.4201 4.3419
Generation: 61 71.9532 3.3650 71.1738 7.7546
Generation: 62 71.9532 3.3650 71.6965 2.5540
Generation: 63 71.9532 3.3650 71.1256 7.6238
Generation: 64 71.9532 3.3650 70.8810 8.2563
Generation: 65 71.9532 3.3650 69.9273 11.5704
Generation: 66 71.9532 3.3650 69.9485 11.7195
Generation: 67 71.9532 3.3650 71.9532 0.0002
Generation: 68 71.9532 3.3650 71.9532 0.0000
Generation: 69 71.9532 3.3650 71.9532 0.0000
Generation: 70 71.9532 3.3650 69.9709 11.6401
Generation: 71 71.9532 3.3650 71.8217 1.3079
Generation: 72 71.9532 3.3650 71.1738 7.7546
Generation: 73 71.9532 3.3650 70.7276 8.8968
Generation: 74 71.9532 3.3650 71.1889 7.6041
Generation: 75 71.9532 3.3650 71.1889 7.6041
Generation: 76 71.9532 3.3650 70.1279 11.1919
Generation: 77 71.9532 3.3650 71.1889 7.6041
Generation: 78 71.9532 3.3650 70.2780 9.6410
Generation: 79 71.9532 3.3650 70.9529 8.0388
Generation: 80 71.9532 3.3650 70.4770 10.3496
Generation: 81 71.9532 3.3650 71.1889 7.6041
Generation: 82 71.9532 3.3650 70.9460 8.0001
Generation: 83 71.9532 3.3650 71.9532 0.0000
Generation: 84 71.9532 3.3650 70.9000 8.0643
Generation: 85 71.9532 3.3650 70.7488 8.1628
Generation: 86 71.9698 3.3800 69.6529 13.0847
Generation: 87 71.9532 3.3650 70.3548 8.6757
Generation: 88 71.9532 4.1011 68.1621 15.4023
Generation: 89 71.9532 4.8372 70.8044 5.0647
Generation: 90 71.9532 5.5733 69.3252 12.7915
Generation: 91 71.9532 6.3094 70.9675 7.8955
Generation: 92 71.9532 7.0455 70.1254 9.1413
Generation: 93 71.9532 7.7816 67.7846 16.5990
Generation: 94 71.9532 8.5177 70.0480 10.2342
Generation: 95 71.9532 9.2538 69.2745 13.3175
Generation: 96 71.9532 9.9898 68.6052 14.4580
Generation: 97 71.9532 10.7259 68.5379 14.3801
Generation: 98 71.9532 11.4620 69.3316 12.3046
Generation: 99 71.9532 12.1981 71.1164 6.4470
Generation: 100 71.9532 12.9342 71.9307 0.2237
Generation: 101 71.9532 13.6703 69.5498 12.5893
Generation: 102 67.4850 14.5348 70.1925 10.8363
Generation: 103 71.9532 15.1425 69.6380 13.0349
Generation: 104 65.3651 16.1617 70.6530 7.8795
Generation: 105 67.6151 16.9109 70.5572 7.6837
Generation: 106 71.9532 17.3508 71.1229 4.0768
Generation: 107 71.9532 18.0869 71.0353 6.6406
Generation: 108 71.9532 18.8230 71.2630 6.6390
Generation: 109 71.9532 19.5591 70.8884 8.1428
Generation: 110 71.9532 20.2952 71.5881 2.6345
Generation: 111 65.6660 23.2813 71.1013 6.9745
Generation: 112 65.5068 23.1258 70.6492 5.7400
Generation: 113 73.9592 22.8713 71.0704 4.4112
Generation: 114 63.4827 24.4136 70.9252 4.9802
Generation: 115 63.5379 24.6169 71.0955 6.6651
Generation: 116 63.0389 25.2992 69.2677 11.8537
Generation: 117 67.8684 27.8300 68.6800 11.8051
Generation: 118 76.6776 29.1019 67.8788 14.1532
Generation: 119 67.8722 29.4400 68.1686 11.9785
Generation: 120 65.3792 27.5200 68.2687 11.6171
Generation: 121 71.9532 26.9200 68.6043 11.4758
Generation: 122 71.9532 26.9200 68.0899 12.4905
Generation: 123 85.6680 28.8400 71.2943 7.0567
Generation: 124 74.5671 31.1200 70.2736 8.9078
Generation: 125 85.5477 28.5200 69.1498 9.4244
Generation: 126 65.4717 28.3600 68.9549 9.4004
Generation: 127 85.6576 29.8800 68.8671 11.5790
Generation: 128 67.8574 29.3200 69.4867 7.9792
Generation: 129 74.3502 29.9600 69.8936 6.5226
Generation: 130 67.7334 28.3600 68.7059 8.6511
Generation: 131 69.0190 35.7600 69.3988 7.4262
Generation: 132 68.1906 29.3600 66.7931 11.3287
Generation: 133 68.5379 32.1600 69.1784 7.2506
Generation: 134 85.3633 43.6800 68.4075 10.1393
Generation: 135 86.8130 38.7200 68.1286 9.8290
Generation: 136 85.5698 28.8400 67.2454 10.9133
Generation: 137 69.0483 36.0800 66.5270 10.9584
Generation: 138 87.3881 43.2400 64.7700 13.3844
Generation: 139 85.6258 45.5200 61.7124 16.0875
Generation: 140 86.5207 36.7200 62.4741 18.2110
Generation: 141 87.7708 44.9200 64.1385 15.9333
Generation: 142 81.5722 32.9200 63.5765 16.0478
Generation: 143 68.6367 32.8800 66.5923 11.0715
Generation: 144 86.7238 38.1200 66.2399 12.2450
Generation: 145 90.7537 50.7200 61.5271 15.0358
Generation: 146 90.5537 49.1200 63.2391 13.7546
Generation: 147 74.8669 32.7200 60.5444 15.0437
Generation: 148 81.9648 35.9600 63.5453 14.4949
Generation: 149 85.5948 45.5200 64.4408 15.1062
Generation: 150 76.7018 45.5200 62.6039 14.4328
Generation: 151 86.1913 34.3600 64.7085 13.4311
Generation: 152 86.2756 34.5200 63.1430 14.0037
Generation: 153 90.1929 46.3200 64.8067 13.1556
Generation: 154 90.6682 50.0400 67.3798 11.8212
Generation: 155 86.0793 32.9200 63.3129 13.9219
Generation: 156 68.9238 35.0400 66.4274 11.5138
Generation: 157 87.7893 45.3200 65.1291 12.9849
Generation: 158 90.7537 50.7200 65.6362 13.7276
Generation: 159 90.6032 49.5200 65.5907 13.3942
Generation: 160 90.7088 50.3200 63.4429 14.2587
Generation: 161 90.5194 48.9200 66.7061 12.3880
Generation: 162 90.6382 49.8000 66.7367 12.0397
Generation: 163 87.8687 45.6400 66.0024 12.7206
Generation: 164 68.8829 35.1600 64.5700 12.5822
Generation: 165 78.9481 45.5200 62.1739 14.9752
Generation: 166 90.6532 49.9200 64.4901 13.6700
Generation: 167 68.9560 35.5200 65.6264 13.2293
Generation: 168 87.8448 45.5200 64.4800 13.4088
Generation: 169 87.0041 40.1200 61.7781 14.8115
Generation: 170 69.5241 39.3200 65.9237 12.9140
Generation: 171 68.9714 35.8000 63.0037 14.0449
Generation: 172 76.7003 45.5200 65.6068 12.6118
Generation: 173 90.6532 49.9200 63.9161 15.0443
Generation: 174 90.6532 49.9200 67.8414 12.4221
Generation: 175 81.2003 45.5200 65.5707 13.1159
Generation: 176 90.6532 49.9200 65.4214 13.1340
Generation: 177 90.6532 49.9200 67.8916 13.1181
Generation: 178 90.5782 49.3200 65.3244 14.1895
Generation: 179 87.8458 45.5200 62.8252 14.3987
Generation: 180 90.7156 50.3200 64.2636 13.8333
Generation: 181 90.4037 47.9200 67.6844 12.5141
Generation: 182 68.9057 34.8000 61.8893 13.6845
Generation: 183 90.6532 49.9200 64.4992 14.8861
Generation: 184 83.3736 45.5200 64.8921 13.7224
Generation: 185 90.6532 49.9200 65.8668 13.8651
Generation: 186 90.5656 49.1200 66.5738 13.2759
Generation: 187 90.6969 50.1200 65.9315 14.3084
Generation: 188 90.7532 50.7200 65.4612 11.6705
Generation: 189 74.4489 45.5200 63.7265 13.6892
Generation: 190 90.4220 47.9200 62.5702 14.1402
Generation: 191 69.0634 36.1600 60.6652 13.3080
Generation: 192 69.0005 35.3200 62.0397 13.4929
Generation: 193 85.6247 43.9580 64.8212 12.4250
Generation: 194 68.8428 31.7412 65.4422 11.4759
Generation: 195 90.3588 42.6282 63.0244 12.2709
Generation: 196 78.9467 39.2722 64.7422 12.6353
Generation: 197 87.8736 37.7102 65.4899 11.9547
Generation: 198 69.0236 28.4294 67.0062 9.8746
Generation: 199 72.2980 34.5863 65.5342 11.4478
Generation: 200 90.7243 36.2165 63.5517 13.3197
Generation: 201 91.1444 37.2682 66.4210 11.7616
Generation: 202 76.7018 29.9004 65.7718 9.8064
Generation: 203 90.7083 31.3267 66.5602 10.9944
Generation: 204 90.3532 27.9529 63.6358 12.7955
Generation: 205 76.7018 25.2145 66.9428 9.6176
Generation: 206 90.5275 25.3153 63.3884 12.9213
Generation: 207 90.6532 24.2259 66.9664 13.2390
Generation: 208 76.6996 20.5286 66.3672 11.2372
Generation: 209 87.8521 18.9667 65.6725 11.1990
Generation: 210 78.9467 18.9667 64.9634 11.8220
Generation: 211 85.6247 18.9667 66.2163 11.6904
Generation: 212 78.9489 18.9667 66.7470 10.2034
Generation: 213 90.7588 21.1333 64.4380 11.8461
Generation: 214 76.7018 18.9667 63.9024 12.5056
Generation: 215 90.8583 21.4667 65.7422 12.0912
Generation: 216 90.5792 20.6667 65.9087 10.9275
Generation: 217 91.0750 22.0167 65.9549 10.6647
Generation: 218 90.2370 19.3500 64.0618 12.9388
Generation: 219 81.2408 19.1333 64.8710 12.3577
Generation: 220 90.2220 19.3000 65.9710 10.7730
Generation: 221 91.2918 22.8833 64.4343 13.4743
Generation: 222 90.7551 21.2000 65.0200 11.4902
Generation: 223 79.0481 19.3000 66.2227 12.3715
Generation: 224 90.5941 20.4667 64.8384 12.8199
Generation: 225 90.6941 20.8000 69.3157 10.9410
Generation: 226 90.7720 21.1333 65.9654 12.7602
Generation: 227 91.0100 21.8000 67.9600 11.3888
Generation: 228 90.3532 19.8000 67.3894 11.8641
Generation: 229 90.7720 21.1333 67.4777 11.1315
Generation: 230 90.2720 19.4667 64.5673 12.8852
Generation: 231 90.7588 21.1333 66.5168 10.6579
Generation: 232 78.9474 18.9667 64.4839 12.6500
Generation: 233 91.0100 21.8000 66.7855 12.6096
Generation: 234 90.5941 20.4667 65.9424 11.2773
Generation: 235 90.8461 21.5000 66.5815 12.8131
Generation: 236 91.0100 21.8000 65.0208 12.8132
Generation: 237 90.7720 21.1333 67.0891 13.0460
Generation: 238 90.8083 21.3000 66.9277 13.8633
Generation: 239 90.5086 20.5000 66.3343 13.4953
Generation: 240 91.3588 23.1333 70.5515 11.8233
Generation: 241 90.6788 20.8667 68.2627 12.9258
Generation: 242 90.8600 21.3000 67.7606 12.9451
Generation: 243 90.5941 20.4667 64.0905 14.9236
Generation: 244 90.7220 20.9667 68.7245 11.7550
Generation: 245 91.1600 22.3000 64.2408 13.9629
Generation: 246 91.1600 22.3000 64.4934 13.9769
Generation: 247 91.0106 21.9500 64.8886 14.3561
Generation: 248 91.1287 22.1333 66.7079 13.2380
Generation: 249 91.0600 21.9667 68.1489 11.7213
Generation: 250 79.0175 19.1333 66.3178 12.7451
Generation: 251 91.1635 22.4167 64.7044 13.5587
Generation: 252 91.0373 21.9667 68.6761 11.8451
Generation: 253 91.0027 21.9667 68.3014 14.5772
Generation: 254 90.3493 19.8000 70.6990 8.4750
Generation: 255 91.0100 21.8000 66.9750 13.0225
Generation: 256 91.4862 23.4167 69.7495 12.6224
Generation: 257 91.2012 22.4667 70.6320 10.6967
Generation: 258 91.0373 21.9667 70.5425 12.2913
Generation: 259 90.9405 21.8000 70.7754 12.7444
Generation: 260 91.2012 22.4667 70.4501 10.7068
Generation: 261 91.1373 22.3000 68.9930 11.3812
Generation: 262 91.2235 22.6167 71.4795 10.8628
Generation: 263 90.4660 20.2500 68.5660 11.6967
Generation: 264 90.9407 21.6333 68.1144 11.7418
Generation: 265 90.8111 21.3833 70.3910 11.8054
Generation: 266 91.0296 22.1167 68.8540 13.0967
Generation: 267 91.2287 22.4667 66.7026 12.6324
Generation: 268 91.1600 22.3000 67.7634 12.8083
Generation: 269 91.4600 23.3000 70.9834 12.3296
Generation: 270 90.8993 21.6333 70.7575 10.8546
Generation: 271 91.1600 22.3000 71.6386 10.8794
Generation: 272 91.0373 21.9667 69.0590 12.0642
Generation: 273 90.9773 21.7667 68.0335 13.6029
Generation: 274 91.2287 22.4667 68.7875 12.5943
Generation: 275 91.1287 22.1333 70.5982 12.5953
Generation: 276 91.0373 21.9667 71.8324 13.9442
Generation: 277 91.0373 21.9667 70.2573 13.5095
Generation: 278 91.2287 22.4667 74.0269 12.3720
Generation: 279 91.2287 22.4667 74.5244 11.4244
Generation: 280 90.9720 21.8000 70.9415 13.4822
Generation: 281 90.8000 21.3000 71.6048 14.9212
Generation: 282 91.4785 23.4667 70.0045 13.7885
Generation: 283 91.2216 22.6833 73.5684 10.7526
Generation: 284 91.1327 22.4500 71.5961 12.9774
Generation: 285 91.5070 23.5000 71.7067 17.7456
Generation: 286 90.9105 21.7000 72.0056 11.9813
Generation: 287 91.2224 22.6333 77.4057 10.7075
Generation: 288 91.1123 22.2167 75.5336 12.5729
Generation: 289 91.1835 22.4833 76.1589 11.5079
Generation: 290 91.4514 23.4000 76.3360 12.2355
Generation: 291 91.4600 23.3000 77.3970 12.1745
Generation: 292 91.8654 24.6000 79.0467 10.7448
Generation: 293 91.5287 23.4667 76.7759 9.1296
Generation: 294 91.5287 23.4667 75.8509 13.4493
Generation: 295 91.2096 22.6500 77.3143 10.8679
Generation: 296 91.5287 23.4667 76.5398 14.7648
Generation: 297 91.4487 23.5000 77.8037 10.9297
Generation: 298 91.2178 22.5833 77.0028 11.7648
Generation: 299 91.3095 22.8500 78.6307 10.5361
