-2.425214087000812091e-01
2.958820419119949086e-01
-1.409524144566935311e+00
-4.839357290310798421e-01
-4.591377086108835437e-01
6.663274509019447844e-01
1.073321724655021736e+00
-1.657660109354851086e+00
-5.689308332789070333e-01
1.479165372982558679e+00
-1.162799408186383499e+00
1.169701950062585816e+00
-1.413844118398881688e+00
-1.168090054340528983e-01
2.605004777184189990e-01
6.246468203923214446e-01
4.720122173316572134e-01
-7.451182110457497121e-01
5.962318095310914501e-01
3.734876656385854865e-01
-4.800064601284676491e-01
1.474049402595969616e+00
-1.105402569029242110e-01
1.008843903566951861e+00
2.215344393494286912e+00
1.754157589826070396e+00
1.011090360765762641e+00
-2.541845821319544729e+00
1.066908912972117207e+00
-3.886807449541419546e-01
-8.742024401546059087e-01
7.963358088593401884e-01
-5.418849478284409882e-01
-7.558466381079576024e-01
6.221319170932393394e-01
-1.103524535561423603e+00
1.265920543376671370e+00
1.268816085456901055e+00
-9.914248391197173493e-01
-2.149183585066240632e+00
-1.241108362966488743e+00
2.272022358212104631e+00
1.452208286930735337e+00
-2.098759760527529217e+00
-3.412776698262386110e-02
7.594897506096098816e-01
9.495164672448409560e-01
1.753106880278716417e-01
-7.523313587631917931e-01
-9.199118274138659013e-01
1.073734434100356516e+00
-6.747837346611513798e-01
-2.008253399462643918e-01
-5.418182782138052378e-01
4.177979375352857128e-01
-9.561476386634520930e-02
-1.492950539126016718e+00
-1.871487747641243704e+00
7.212233250414611385e-01
1.817247111262750403e+00
6.146435574971047533e-01
3.473496949486170604e-01
-8.738952692419715840e-01
4.778622382996834950e-01
-2.209995323737161677e+00
9.742795385313910428e-01
-9.636367100617950765e-01
-8.875703400475595806e-03
-9.743681952596329188e-01
-3.124040878463560489e+00
3.698902357180389733e-01
-1.282177544555103132e+00
1.838148305505191149e-01
1.492582204656791589e+00
-1.671686686358380358e+00
-3.350865295613080885e+00
-1.691431699042117209e+00
-9.163135210604591574e-01
2.021438721258069560e+00
2.127839221089472765e+00
-1.533473526241744711e+00
-8.119676849823315168e-01
-1.052924727033988761e+00
-2.641693907831427879e+00
-8.176930844807703269e-02
2.003186657418018601e+00
1.166545443619574574e+00
8.077456352342353707e-01
1.420906139940772306e+00
-2.271074800700430441e+00
2.439431574064207187e+00
-6.293641314302503287e-02
7.914636654821319839e-01
9.671149820551085963e-01
-1.394732476864267712e-01
-2.406539773603970922e-01
-1.989097307593536090e+00
1.094842176045872195e+00
-8.402359628900160082e-01
1.289207324421361323e+00
-7.060849623049869628e-01
-4.296009250227168508e-01
-1.645630508420125704e+00
-8.083512386715101250e-02
-2.041895933776570526e+00
-5.968687413065251191e-01
2.079434864390966586e-01
-6.946555837269473566e-01
-1.807394774847674024e-01
1.618659797275365519e-01
-1.815905771613843145e+00
-2.197270446085139994e+00
1.087033299989003332e+00
2.091114439941912817e+00
1.527309904940819862e+00
6.543367116561397134e-01
-4.655695253750657403e-01
-2.274198266628973952e-01
-1.296123043797741570e+00
7.704625665657882649e-01
-9.400105432566174812e-01
9.072585617075211439e-02
-9.550305429721607231e-01
-6.366209362430026442e-01
-1.214567745910189345e+00
-9.725570891377830485e-01
1.056510658327114438e+00
-8.980521908425644906e-01
-1.594794819393724694e+00
-1.428683827179345611e-01
1.807354364688684156e-01
-8.175132970254722631e-01
-6.834740355756125929e-01
7.309464389357150926e-01
-1.422609587975488976e+00
-3.053690649105420540e-01
-1.283993115390446693e+00
7.813481561376929285e-01
9.439353706558862855e-01
-2.207420984619323512e-01
-7.147683900430716886e-01
-1.737399825943538589e-01
-4.929799143747920498e-01
1.983679925318669657e+00
-2.633679078980212251e-01
9.246209192439489577e-01
-1.000067591966157104e-01
-8.801494673190148887e-01
1.551777428199371478e+00
1.802790796333129109e-01
1.318390222428714065e+00
-5.164983460815480987e-03
1.635634430191140742e-01
3.667267852916041848e-01
1.000667699698583046e-01
-1.348501138725346493e+00
-2.270959324171729410e+00
7.061802325072724651e-01
-1.628890139152926242e+00
1.996185830843669295e+00
1.553199696472688851e+00
-1.265893697986427424e-01
-8.641971505453905911e-01
-2.538880805483390568e-01
-3.645823234583678296e-01
2.405686801635735783e-01
2.325655806729306219e-01
2.381075282234629498e+00
1.019830743128928852e+00
1.941920162294336061e-01
4.530505162580359957e-01
-5.202873382735752061e-01
9.502341390087509776e-01
-1.811623123602368768e+00
-1.947658715983673072e-01
-5.623807960425299818e-02
2.263880173291429321e-01
-4.939688948555191472e-01
1.976530808240967441e-01
4.934965900055528487e-01
2.016823457036953093e-01
-1.541403435014661705e+00
-3.725143944367877991e-01
3.976132712528170354e-01
8.469663619278154920e-01
9.672698344696323280e-01
1.476016942563320056e+00
-7.549827878477972654e-01
-1.574360586762892256e+00
-1.011685476429607489e+00
-1.112695842726429130e-01
-6.265893946508499512e-01
-1.353394756037811231e+00
1.041918598552658892e+00
7.695053418998388794e-01
-1.764801533894857499e+00
-8.018088982871357517e-01
4.824855092958983960e-01
-7.031254583138905057e-01
-1.782704417454935852e-01
-7.692297304437040184e-01
2.563351477023563252e-01
1.252235022458204838e+00
-1.238642576263345729e+00
2.078792167986764028e+00
-9.051342897066423643e-02
-5.302454518141688222e-01
-4.330881217653482773e-01
-7.540063868254475166e-01
-3.202695238654849896e-02
-1.448900321239360078e+00
-9.329742383114767446e-01
2.248934748315072618e-01
1.461970030685510125e+00
1.485529327376733377e+00
9.427347521183442325e-01
-2.226189045540197142e+00
-2.543123220024231523e-01
-1.488268476559266584e-01
1.159294204927089122e+00
-1.054268768900163522e+00
7.537707823707963106e-01
1.022716160566840449e+00
-7.777256009018522487e-02
1.435400280156831521e+00
-1.071728340217947606e+00
8.358951248846561155e-01
1.812661063816599083e-01
1.441226567765801381e+00
5.626289026421574246e-02
-2.785117818368165188e-01
-1.466125544657332913e+00
-9.433594318648551580e-01
3.718424642419679849e-01
-4.192430837629154694e-01
-2.530114753380613424e-01
-2.067132035011573221e-01
1.082892484465839189e+00
-1.350628392945906420e+00
2.505884911336166532e+00
-1.725990543146448397e+00
-6.202669010645047408e-03
8.786554285547575338e-01
9.586796096511948084e-01
2.392904368151682615e-01
1.179925040077878906e+00
3.275885979982417151e+00
3.211080040705089012e+00
-8.482145946050893837e-02
2.071805187461947195e+00
-6.619237342828790949e-01
4.113005166053601558e-01
1.562152527019155246e-01
-3.381015582294234489e-01
9.654165704433320672e-02
2.309427102546954269e-01
2.088609069596921441e-01
2.435748052954052334e-02
1.127233512342422916e-01
1.725432739194271647e+00
-2.873311337831412349e-01
-4.853870823304966109e+00
-1.532699127840168263e+00
2.494822986250415098e-01
2.887150625536297199e-01
