Generation: 0 61.3074 75.0076 8.2878 20.8533
Generation: 1 71.9532 102.8126 23.2337 25.8946
Generation: 2 80.9240 110.9132 34.5805 25.4548
Generation: 3 76.6767 130.0968 36.8743 24.6127
Generation: 4 68.6162 121.6765 45.3783 26.0197
Generation: 5 74.8316 128.4598 52.0722 25.1687
Generation: 6 74.3531 104.9644 52.7989 27.8887
Generation: 7 78.6281 108.8172 59.4312 21.5895
Generation: 8 76.4181 106.8276 64.5806 16.3307
Generation: 9 73.3186 126.9567 64.2358 17.5663
Generation: 10 74.2127 104.8560 66.3038 15.5225
Generation: 11 78.8249 132.2296 65.6991 14.4650
Generation: 12 71.9056 125.7448 68.0724 11.4120
Generation: 13 84.4029 154.1371 65.1889 13.6270
Generation: 14 72.9267 108.5562 59.3725 18.9006
Generation: 15 72.7761 126.3985 62.8567 19.0563
Generation: 16 68.2291 139.1677 62.9360 18.8582
Generation: 17 83.4230 136.3465 61.4430 21.3442
Generation: 18 83.3026 153.0809 60.8436 20.8799
Generation: 19 74.1841 127.8036 62.2153 14.8448
Generation: 20 75.0217 128.4362 63.3579 15.8838
Generation: 21 74.6813 128.3099 64.7492 13.4851
Generation: 22 81.5431 134.5282 67.0109 12.5614
Generation: 23 74.7819 128.4098 67.0992 12.5008
Generation: 24 73.5071 127.1437 65.3660 13.6840
Generation: 25 79.7266 132.7131 65.5755 13.2811
Generation: 26 85.0271 137.5834 67.4192 11.8887
Generation: 27 77.1975 130.6136 65.9947 11.1365
Generation: 28 77.0263 130.4475 60.4924 16.0573
Generation: 29 81.9053 134.8925 61.9013 13.7667
Generation: 30 81.1281 134.1181 63.2315 13.6343
Generation: 31 77.3735 130.7953 63.7826 13.3762
Generation: 32 85.0231 154.5896 61.8597 18.0433
Generation: 33 81.6148 134.6025 67.5001 12.3469
Generation: 34 76.9241 130.3459 64.2359 15.6566
Generation: 35 81.4802 134.4682 66.0868 12.3174
Generation: 36 76.8310 130.2540 62.8572 14.1604
Generation: 37 81.5428 134.5314 65.6539 11.8791
Generation: 38 80.1566 133.1431 65.6820 14.8523
Generation: 39 81.4983 134.4864 65.6482 14.7354
Generation: 40 81.7346 134.7231 66.3933 14.5409
Generation: 41 76.7184 130.1394 67.5141 10.0743
Generation: 42 77.0849 130.5075 65.9389 11.1316
Generation: 43 81.6771 134.6670 62.4835 19.1644
Generation: 44 76.8120 130.2340 63.7928 14.4710
Generation: 45 81.9726 134.9598 63.3078 19.6519
Generation: 46 82.0877 135.0753 64.6993 17.7974
Generation: 47 83.7424 136.4984 66.3837 13.3889
Generation: 48 81.6518 134.6409 67.5397 11.8626
Generation: 49 77.1299 130.5525 66.7846 10.0518
Generation: 50 81.5713 134.5609 65.8865 10.8507
Generation: 51 85.4993 138.0559 68.2029 9.2657
Generation: 52 81.5927 134.5820 67.4506 8.8462
Generation: 53 81.9323 134.9203 69.7650 7.8002
Generation: 54 81.9623 134.9503 69.6470 8.6500
Generation: 55 81.5554 134.5448 67.7707 10.2438
Generation: 56 77.1355 130.5571 68.1659 9.4359
Generation: 57 81.5263 134.5159 69.2655 7.9170
Generation: 58 81.7063 134.6959 69.7800 8.2598
Generation: 59 81.3788 134.3664 69.4643 7.9968
Generation: 60 81.6337 134.6226 70.8644 6.4578
Generation: 61 81.9323 134.9203 70.7962 6.6198
Generation: 62 83.1748 135.9334 70.8451 7.1037
Generation: 63 85.4984 138.0540 69.8122 8.3572
Generation: 64 85.5976 138.1538 70.6543 7.7824
Generation: 65 81.6282 134.6170 71.1721 6.6637
Generation: 66 87.5410 179.8822 69.9913 8.8273
Generation: 67 83.3507 136.1304 71.6940 5.7682
Generation: 68 83.0854 135.8580 72.1125 6.9744
Generation: 69 83.2714 136.0436 72.7199 8.1070
Generation: 70 82.9821 135.7548 71.5645 7.2009
Generation: 71 83.5533 136.3253 71.6982 4.7188
Generation: 72 85.4360 154.9984 72.4951 5.9224
Generation: 73 83.9214 136.6906 71.8234 6.3221
Generation: 74 83.6029 136.3734 71.3735 9.4446
Generation: 75 88.5795 180.9170 70.5992 8.7897
Generation: 76 87.9551 180.2962 71.5940 7.5227
Generation: 77 85.2053 137.7624 71.8358 6.2267
Generation: 78 83.0977 135.8784 71.6538 6.2939
Generation: 79 83.5130 136.2854 70.5633 9.0076
Generation: 80 85.2044 137.7615 71.9828 7.1723
Generation: 81 85.4108 137.9629 69.4359 10.0348
Generation: 82 83.2353 136.0080 73.0011 5.7430
Generation: 83 83.2345 136.0063 73.7319 3.5763
Generation: 84 83.7900 136.5592 73.0594 3.9494
Generation: 85 83.5569 136.3290 71.0816 6.9514
Generation: 86 83.1868 135.9674 71.7957 5.7114
Generation: 87 83.7455 136.5133 72.9611 6.4837
Generation: 88 88.5190 180.8595 74.4526 4.2496
Generation: 89 87.9757 180.3169 72.6943 6.9584
Generation: 90 85.4984 155.0636 73.5808 5.3977
Generation: 91 87.9585 180.2990 71.8340 8.4650
Generation: 92 85.4765 155.0390 72.6062 8.3336
Generation: 93 87.5801 179.9212 71.9615 9.8727
Generation: 94 85.2494 137.8065 73.2347 6.8736
Generation: 95 87.9383 180.2786 73.5809 7.6611
Generation: 96 87.6001 179.9412 74.4183 7.9096
Generation: 97 88.2785 180.6197 72.9286 8.0212
Generation: 98 88.3093 180.6570 73.2915 7.9918
Generation: 99 87.7096 180.0508 74.7365 7.2870
Generation: 100 88.1384 180.4786 74.7564 6.3899
Generation: 101 88.0676 180.4087 74.6839 8.1090
Generation: 102 87.7048 180.0460 73.8835 7.4712
Generation: 103 87.8585 180.1997 74.4164 6.4015
Generation: 104 87.9935 180.3347 73.5526 8.1350
Generation: 105 87.6892 180.0303 74.8187 10.3757
Generation: 106 87.9785 180.3197 75.0726 6.0002
Generation: 107 88.6627 181.0110 74.6254 5.9675
Generation: 108 88.1684 180.5086 74.1879 10.1877
Generation: 109 87.7535 180.0947 74.2921 8.2325
Generation: 110 88.2134 180.5536 75.6009 7.1318
Generation: 111 88.0473 180.3876 75.4191 6.1270
Generation: 112 87.5410 179.8822 74.8532 9.5116
Generation: 113 87.6883 180.0294 74.5110 10.4237
Generation: 114 87.8984 180.2386 75.6790 6.4231
Generation: 115 88.2645 180.6076 73.7251 8.6082
Generation: 116 88.0484 180.3886 75.4498 8.0105
Generation: 117 87.8876 180.2287 75.8162 5.7494
Generation: 118 88.3800 180.7304 76.3309 6.9935
Generation: 119 87.9876 180.3286 76.1412 6.8666
Generation: 120 88.9318 181.2800 75.5039 8.6622
Generation: 121 85.8203 138.3774 74.5321 7.3270
Generation: 122 76.3628 151.5641 73.6592 8.8355
Generation: 123 87.7881 180.1290 73.7676 13.0588
Generation: 124 88.3284 180.6760 74.9662 8.3755
Generation: 125 87.7133 180.0544 76.6424 5.8712
Generation: 126 88.3504 180.6876 76.5259 6.8326
Generation: 127 88.8458 181.1913 75.8315 10.0657
Generation: 128 88.2423 180.5890 74.4216 10.5739
Generation: 129 87.8534 180.1936 74.8428 9.7911
Generation: 130 88.2018 180.5500 75.8946 6.5625
Generation: 131 89.2212 181.5614 76.0198 10.3155
Generation: 132 87.9161 180.2557 72.5104 10.7261
Generation: 133 88.3817 180.7261 74.9511 10.2807
Generation: 134 88.1702 180.5132 74.9998 8.5534
Generation: 135 88.1144 180.4560 76.0226 7.0165
Generation: 136 87.7385 180.0797 75.8204 12.6223
Generation: 137 88.0875 180.4277 75.9222 9.2388
Generation: 138 88.0566 180.3968 76.1408 7.5402
Generation: 139 88.0957 180.4369 76.2882 10.6090
Generation: 140 88.2668 180.6150 74.1512 11.5327
Generation: 141 88.1684 180.5086 75.1382 10.3003
Generation: 142 88.3910 180.7301 75.9724 8.2077
Generation: 143 88.2567 180.6052 75.0731 12.5699
Generation: 144 88.2075 180.5552 74.0822 11.2699
Generation: 145 88.8225 181.1696 76.1084 10.9353
Generation: 146 88.5137 180.8620 74.4265 11.5778
Generation: 147 88.8539 181.2020 76.0432 9.2104
Generation: 148 88.4235 180.7642 74.4723 12.6115
Generation: 149 88.5084 180.8543 77.7886 7.3988
Generation: 150 88.8255 181.1666 75.2276 12.6212
Generation: 151 88.4954 180.8290 76.0604 8.8877
Generation: 152 88.5086 180.8516 78.2317 7.4908
Generation: 153 88.4096 180.7513 77.0061 9.0129
Generation: 154 88.7320 181.0811 77.3072 7.1638
Generation: 155 88.3777 180.7211 77.6558 7.2858
Generation: 156 88.4949 180.8430 77.5429 6.5171
Generation: 157 88.4925 180.8319 78.9094 7.5068
Generation: 158 88.4656 180.8142 79.1233 6.3627
Generation: 159 88.4996 180.8413 78.1657 6.5384
Generation: 160 88.8058 181.1513 77.8523 8.4908
Generation: 161 88.4332 180.7733 78.8686 8.4028
Generation: 162 88.2309 180.5790 78.5373 7.1471
Generation: 163 88.6505 180.9970 78.9693 6.4851
Generation: 164 88.5406 180.8892 79.3634 6.5008
Generation: 165 88.7773 181.1197 78.4258 7.2131
Generation: 166 88.3837 180.7259 78.4813 6.4787
Generation: 167 88.9808 181.3263 78.9833 6.5008
Generation: 168 88.9508 181.2963 79.8923 6.7991
Generation: 169 88.8263 181.1752 79.7433 7.0449
Generation: 170 88.4804 180.8140 79.1464 6.6637
Generation: 171 88.7258 181.0713 78.8454 6.9439
Generation: 172 88.7464 181.0888 79.7471 6.5156
Generation: 173 88.4918 180.8241 80.0086 6.0071
Generation: 174 88.3506 180.6992 78.2138 9.4415
Generation: 175 88.6787 181.0228 78.1886 10.8242
Generation: 176 88.6536 180.9908 79.1089 6.9216
Generation: 177 89.1246 181.4696 80.6438 7.1708
Generation: 178 88.3999 180.7457 74.9418 16.7010
Generation: 179 88.7063 181.0552 78.8628 7.2652
Generation: 180 88.9468 181.2950 79.7513 7.7756
Generation: 181 88.6966 181.0373 81.0861 6.2019
Generation: 182 88.5246 180.8663 78.3370 8.1581
Generation: 183 89.0063 181.3552 79.8014 6.3122
Generation: 184 88.9120 181.2611 80.4085 6.7938
Generation: 185 88.7922 181.1347 80.4983 7.0925
Generation: 186 88.7087 181.0509 80.4104 6.2711
Generation: 187 88.6865 181.0364 79.4640 6.5635
Generation: 188 88.5635 180.9042 79.3652 11.4363
Generation: 189 88.8158 181.1613 80.2271 6.9778
Generation: 190 88.5555 180.9020 79.4932 8.5435
Generation: 191 89.1868 181.5350 80.2263 6.5381
Generation: 192 88.8813 181.2302 82.2017 5.2229
Generation: 193 89.3114 181.6586 80.8118 7.0946
Generation: 194 88.7828 181.1291 80.6051 6.8369
Generation: 195 88.5763 180.9252 80.8017 9.8834
Generation: 196 88.6169 180.9631 81.1015 6.5631
Generation: 197 88.6843 181.0243 80.4338 6.6565
Generation: 198 88.9168 181.2650 81.4542 5.8502
Generation: 199 88.8158 181.1613 81.5235 6.1861
Generation: 200 88.6900 181.0361 81.0554 8.9032
Generation: 201 88.5057 180.8516 80.6323 9.7703
Generation: 202 88.9808 181.3263 79.7541 11.6555
Generation: 203 88.8370 181.1861 81.5646 6.5314
Generation: 204 89.0526 181.3940 80.9559 6.6835
Generation: 205 88.8334 181.1793 81.5440 5.9400
Generation: 206 89.0108 181.3563 80.7933 6.2997
Generation: 207 88.9208 181.2663 79.8003 10.7409
Generation: 208 88.7166 181.0623 80.1547 6.4967
Generation: 209 88.6075 180.9533 80.3173 7.4670
Generation: 210 89.0614 181.4086 80.9384 6.2723
Generation: 211 88.9613 181.3102 82.0748 4.8798
Generation: 212 88.5862 180.9282 81.5629 7.0581
Generation: 213 88.8908 181.2363 80.4942 7.9136
Generation: 214 88.9508 181.2963 82.0579 4.9438
Generation: 215 88.5704 180.9123 80.7185 7.0909
Generation: 216 88.7249 181.0704 81.3295 5.5707
Generation: 217 88.9658 181.3113 81.1741 6.3338
Generation: 218 88.9265 181.2754 81.0850 6.4326
Generation: 219 88.9013 181.2502 81.0326 7.3953
Generation: 220 88.7615 181.1104 80.5119 7.3230
Generation: 221 88.8768 181.2250 79.1544 9.8005
Generation: 222 88.6376 180.9787 80.8426 8.3360
Generation: 223 88.6375 180.9833 80.4130 6.4576
Generation: 224 88.8611 181.2037 80.4935 9.2334
Generation: 225 88.6446 180.9863 81.4334 6.5781
Generation: 226 88.8325 181.1783 79.8029 9.1516
Generation: 227 89.0108 181.3563 80.3782 6.0480
Generation: 228 88.7184 181.0643 78.7255 11.7292
Generation: 229 89.0796 181.4246 80.7169 7.7966
Generation: 230 88.8520 181.2011 78.9427 10.5690
Generation: 231 88.8960 181.2451 80.2583 9.7372
Generation: 232 88.8558 181.2040 80.9295 6.3630
Generation: 233 88.8618 181.2100 81.4743 5.8410
Generation: 234 88.8398 181.1885 80.9095 9.6622
Generation: 235 89.0668 181.4150 81.9878 5.9318
Generation: 236 88.6230 180.9636 81.2113 6.5580
Generation: 237 88.9715 181.3204 81.2708 6.6718
Generation: 238 89.1158 181.4613 81.2816 5.6517
Generation: 239 88.9126 181.2614 81.4619 6.7416
Generation: 240 88.9899 181.3380 81.6032 6.5088
Generation: 241 88.8162 181.1665 81.3373 9.8206
Generation: 242 88.7475 181.0936 80.7874 7.3387
Generation: 243 88.9808 181.3263 82.6516 5.2444
Generation: 244 88.8113 181.1602 80.6081 11.0282
Generation: 245 88.8826 181.2314 79.9457 10.8889
Generation: 246 88.7608 181.1063 81.9826 5.5720
Generation: 247 89.0300 181.3789 82.1099 5.7946
Generation: 248 88.9658 181.3113 82.2577 8.4869
Generation: 249 89.0518 181.4000 82.0418 7.1138
Generation: 250 89.0663 181.4152 80.9325 8.1227
Generation: 251 88.7708 181.1163 82.7612 5.5853
Generation: 252 89.0055 181.3466 83.1307 4.5170
Generation: 253 88.9013 181.2502 83.7705 4.5982
Generation: 254 88.9208 181.2663 83.1182 4.7425
Generation: 255 88.7170 181.0661 83.4939 4.2314
Generation: 256 89.0175 181.3646 82.5835 6.0818
Generation: 257 88.7668 181.1131 82.7868 4.7337
Generation: 258 88.8166 181.1623 82.0710 8.4890
Generation: 259 88.9020 181.2510 83.9569 5.1425
Generation: 260 88.8568 181.2050 83.9156 4.0270
Generation: 261 88.9563 181.3052 83.9911 4.7296
Generation: 262 89.0895 181.4362 83.5108 4.4478
Generation: 263 89.0108 181.3563 83.6359 4.4080
Generation: 264 89.0434 181.3893 84.0165 3.9230
Generation: 265 88.9954 181.3440 83.0017 5.2671
Generation: 266 88.5542 180.8918 83.5918 4.8773
Generation: 267 89.1011 181.4437 83.2805 4.3845
Generation: 268 88.7268 181.0750 83.8377 4.3122
Generation: 269 88.9729 181.3221 83.9517 3.9276
Generation: 270 89.1309 181.4790 83.6615 4.3930
Generation: 271 88.9768 181.3250 83.1566 4.7103
Generation: 272 89.1008 181.4463 84.1180 3.9779
Generation: 273 89.1418 181.4900 84.1700 3.9163
Generation: 274 88.9834 181.3293 84.0581 4.3449
Generation: 275 89.1009 181.4490 83.0511 4.7308
Generation: 276 89.0663 181.4152 83.9426 4.5136
Generation: 277 88.8170 181.1592 83.0282 4.2694
Generation: 278 89.1268 181.4750 83.8795 3.9473
Generation: 279 89.1009 181.4490 83.7956 4.1952
Generation: 280 88.8110 181.1571 83.1025 3.9417
Generation: 281 88.9659 181.3140 83.4266 3.9761
Generation: 282 89.0765 181.4254 83.4769 4.3674
Generation: 283 89.0465 181.3954 82.8197 4.5875
Generation: 284 89.1075 181.4536 83.6892 3.8199
Generation: 285 89.0776 181.4264 83.3406 4.5677
Generation: 286 89.0254 181.3740 83.3077 4.7469
Generation: 287 88.9661 181.3087 82.5367 5.5280
Generation: 288 88.9865 181.3354 82.4334 5.1142
Generation: 289 89.1799 181.5257 82.6504 4.8454
Generation: 290 89.0968 181.4450 84.0696 4.2085
Generation: 291 88.9509 181.2990 83.1543 4.1040
Generation: 292 88.8849 181.2330 82.2731 5.0749
Generation: 293 88.9849 181.3307 83.3135 4.3008
Generation: 294 89.0859 181.4340 82.3831 5.4670
Generation: 295 89.1459 181.4940 83.0161 4.4373
Generation: 296 88.9809 181.3290 83.0270 4.3716
Generation: 297 89.1609 181.5090 83.5323 4.2798
Generation: 298 89.0104 181.3590 82.9177 4.3401
Generation: 299 88.9659 181.3140 84.2384 3.7029
Generation: 300 89.0925 181.4386 82.7400 6.2143
Generation: 301 89.1609 181.5090 83.1622 6.3523
Generation: 302 89.0859 181.4340 83.7002 4.2674
Generation: 303 88.9768 181.3250 82.6978 5.5230
Generation: 304 89.0775 181.4236 82.0671 6.3569
Generation: 305 89.0625 181.4086 83.4926 4.7065
Generation: 306 88.9358 181.2813 83.2593 4.4229
Generation: 307 89.0368 181.3850 83.7712 4.3605
Generation: 308 89.0109 181.3590 83.0252 4.8159
Generation: 309 89.1118 181.4600 83.2401 4.4100
Generation: 310 88.9808 181.3263 83.1373 4.3153
Generation: 311 89.1309 181.4790 82.9850 4.6833
Generation: 312 89.1118 181.4600 82.7496 4.9796
Generation: 313 88.9799 181.3281 83.2653 4.4091
Generation: 314 89.0339 181.3820 84.4224 3.9891
Generation: 315 89.1418 181.4900 82.4641 5.1653
Generation: 316 88.7558 181.1013 83.3275 4.3713
Generation: 317 89.0668 181.4150 83.0057 4.8056
Generation: 318 89.0999 181.4481 83.7787 4.3830
Generation: 319 89.0259 181.3740 84.0858 3.8007
Generation: 320 88.9808 181.3263 83.7691 4.8247
Generation: 321 88.8759 181.2240 84.0575 3.7294
Generation: 322 88.8168 181.1650 83.7561 4.0920
Generation: 323 89.0799 181.4280 84.5262 4.1464
Generation: 324 89.0968 181.4450 83.3247 5.3191
Generation: 325 88.8478 181.1943 82.7737 5.2238
Generation: 326 88.9468 181.2950 83.3413 4.3361
Generation: 327 89.0775 181.4236 84.1307 4.3421
Generation: 328 89.1459 181.4940 83.1622 4.6659
Generation: 329 89.1239 181.4720 82.8929 4.5892
Generation: 330 88.9511 181.2937 83.2871 4.1412
Generation: 331 89.0818 181.4300 83.9436 4.0117
Generation: 332 88.9200 181.2628 83.2591 4.2280
Generation: 333 89.1309 181.4790 83.3530 4.6309
Generation: 334 89.0182 181.3670 83.0658 4.2388
Generation: 335 89.0859 181.4340 83.9430 3.8708
Generation: 336 89.1309 181.4790 82.8079 5.4474
Generation: 337 88.8003 181.1428 83.5341 4.4162
Generation: 338 88.9170 181.2592 83.0117 4.5734
Generation: 339 88.9059 181.2540 84.2869 3.7837
Generation: 340 88.8759 181.2240 84.0383 4.0341
Generation: 341 89.0859 181.4340 84.7206 3.6845
Generation: 342 88.9018 181.2500 83.3066 4.0126
Generation: 343 89.1159 181.4640 83.5958 6.1569
Generation: 344 89.0575 181.4033 85.0712 4.0620
Generation: 345 88.9320 181.2742 84.6146 3.3828
Generation: 346 89.1159 181.4640 83.8011 4.1708
Generation: 347 89.0368 181.3850 83.3270 4.8885
Generation: 348 89.0361 181.3850 83.9616 4.6463
Generation: 349 89.1309 181.4790 83.3488 3.7810
Generation: 350 88.9433 181.2895 83.7096 4.5888
Generation: 351 89.0530 181.4011 83.4649 4.9106
Generation: 352 88.9236 181.2703 83.8222 3.9072
Generation: 353 89.0961 181.4450 83.9802 3.9493
Generation: 354 89.2649 181.6131 83.8970 4.5280
Generation: 355 89.0404 181.3890 83.8039 4.0671
Generation: 356 89.0554 181.4040 84.6057 3.8676
Generation: 357 89.1989 181.5470 84.6265 4.0646
Generation: 358 89.2075 181.5575 84.2365 4.5977
Generation: 359 88.8672 181.2097 84.3851 3.0809
Generation: 360 89.2180 181.5661 84.1521 4.3456
Generation: 361 88.9386 181.2853 84.1449 4.9594
Generation: 362 89.0068 181.3550 84.1442 3.8872
Generation: 363 89.1258 181.4740 84.2212 4.2005
Generation: 364 89.2234 181.5693 84.1314 4.4271
Generation: 365 89.1625 181.5083 84.4676 3.6010
Generation: 366 88.9377 181.2843 84.0502 3.7884
Generation: 367 88.9618 181.3100 84.2667 3.0637
Generation: 368 89.0068 181.3550 84.8597 3.4065
Generation: 369 89.1568 181.5050 84.7078 3.7281
Generation: 370 89.1568 181.5050 84.9955 3.4146
Generation: 371 89.1268 181.4750 85.2812 3.5303
Generation: 372 89.1449 181.4931 84.8128 3.4898
Generation: 373 89.0849 181.4331 84.1798 4.3576
Generation: 374 89.1459 181.4940 85.2935 3.1231
Generation: 375 89.1418 181.4900 84.8491 3.3316
Generation: 376 88.9809 181.3290 84.6587 3.8283
Generation: 377 89.1268 181.4750 84.5976 4.0271
Generation: 378 89.1868 181.5350 85.3206 3.8771
Generation: 379 89.0063 181.3552 85.0846 3.4082
Generation: 380 89.1568 181.5050 84.7082 3.9286
Generation: 381 89.1458 181.4940 84.4894 4.1143
Generation: 382 89.1568 181.5050 85.0599 3.5356
Generation: 383 89.1268 181.4750 85.0172 3.5678
Generation: 384 89.1268 181.4750 84.8263 3.6750
Generation: 385 89.1568 181.5050 84.6669 3.8397
Generation: 386 89.1459 181.4940 85.3844 3.9964
Generation: 387 89.1868 181.5350 84.7407 4.3065
Generation: 388 89.1909 181.5390 84.8075 3.9744
Generation: 389 89.1008 181.4463 85.0890 3.6306
Generation: 390 89.1309 181.4790 84.9268 3.7245
Generation: 391 89.1568 181.5050 85.3468 3.3745
Generation: 392 89.0441 181.3931 85.4298 3.1607
Generation: 393 89.1868 181.5350 84.2312 3.8354
Generation: 394 89.1210 181.4701 85.1526 4.2714
Generation: 395 89.1868 181.5350 84.1869 4.1799
Generation: 396 89.1418 181.4900 85.2508 3.2973
Generation: 397 89.1975 181.5436 84.9597 3.8145
Generation: 398 89.1759 181.5240 85.7834 3.3551
Generation: 399 89.1759 181.5240 84.7559 3.3811
Generation: 400 89.1609 181.5090 84.8112 3.5282
Generation: 401 89.1975 181.5436 84.6489 3.3820
Generation: 402 89.1718 181.5200 84.7678 3.9596
Generation: 403 89.1909 181.5390 84.6976 3.8893
Generation: 404 89.0813 181.4302 85.2179 4.1691
Generation: 405 89.1759 181.5240 85.2920 3.5171
Generation: 406 89.1418 181.4900 85.2833 4.0035
Generation: 407 89.1759 181.5240 84.8329 3.9272
Generation: 408 89.2049 181.5531 85.4669 3.3612
Generation: 409 89.1609 181.5090 85.2355 3.3822
Generation: 410 89.1868 181.5350 84.6734 3.5022
Generation: 411 89.1609 181.5090 84.5489 3.8383
Generation: 412 89.1868 181.5350 85.4028 3.7074
Generation: 413 89.1718 181.5200 85.2668 3.8876
Generation: 414 89.1868 181.5350 85.5284 3.4764
Generation: 415 89.2018 181.5500 85.4788 3.3422
Generation: 416 89.1418 181.4900 85.0172 3.9283
Generation: 417 89.1909 181.5390 85.7235 3.2922
Generation: 418 89.1868 181.5350 85.3200 4.0762
Generation: 419 89.1418 181.4900 85.6431 3.2313
Generation: 420 89.1868 181.5350 85.5868 3.8859
Generation: 421 89.2018 181.5500 85.5206 3.6587
Generation: 422 89.1418 181.4900 85.5671 3.6542
Generation: 423 89.1909 181.5390 85.7052 3.8578
Generation: 424 89.1759 181.5240 84.9004 4.2901
Generation: 425 89.1868 181.5350 84.6421 4.3545
Generation: 426 89.1718 181.5200 84.5332 4.4454
Generation: 427 89.1909 181.5390 85.0874 3.5926
Generation: 428 89.1909 181.5390 85.2918 4.0643
Generation: 429 89.2018 181.5500 85.3286 3.5411
Generation: 430 89.1066 181.4526 84.4760 4.1730
Generation: 431 89.1868 181.5350 85.4096 3.6456
Generation: 432 89.1459 181.4940 85.5375 3.9261
Generation: 433 89.2684 181.6143 85.8068 3.8991
Generation: 434 89.2018 181.5500 85.9826 3.4969
Generation: 435 89.2566 181.6026 85.2299 3.7702
Generation: 436 89.1459 181.4940 85.0760 3.8746
Generation: 437 89.2018 181.5500 85.4294 4.1504
Generation: 438 89.1868 181.5350 85.4384 4.1161
Generation: 439 89.1868 181.5350 85.2655 3.6567
Generation: 440 89.2018 181.5500 85.5283 3.9131
Generation: 441 89.1868 181.5350 85.4972 3.2481
Generation: 442 89.1868 181.5350 85.1836 3.5839
Generation: 443 89.1268 181.4750 85.3064 3.8377
Generation: 444 89.2018 181.5500 84.6375 4.0591
Generation: 445 89.2018 181.5500 85.9459 3.7184
Generation: 446 89.1868 181.5350 85.5860 3.8024
Generation: 447 89.2018 181.5500 85.1285 4.2209
Generation: 448 89.2018 181.5500 85.2670 4.0853
Generation: 449 89.1718 181.5200 85.1276 3.4723
Generation: 450 89.1568 181.5050 84.7441 4.0373
Generation: 451 89.2018 181.5500 85.1338 3.7970
Generation: 452 89.2018 181.5500 85.9953 3.2018
Generation: 453 89.2018 181.5500 84.9877 4.1452
Generation: 454 89.1909 181.5390 85.0685 4.3740
Generation: 455 89.2018 181.5500 85.3386 4.0169
Generation: 456 89.2018 181.5500 85.7104 3.7628
Generation: 457 89.1868 181.5350 85.5074 3.8965
Generation: 458 89.0629 181.4121 84.9529 4.5745
Generation: 459 89.1568 181.5050 85.2822 3.7231
Generation: 460 89.1268 181.4750 85.1361 4.2765
Generation: 461 89.1909 181.5390 85.3070 3.9158
Generation: 462 89.0968 181.4450 85.5261 4.4688
Generation: 463 89.2168 181.5650 85.6925 3.6145
Generation: 464 89.2018 181.5500 85.8534 3.5941
Generation: 465 89.2018 181.5500 86.2869 3.0265
Generation: 466 89.2018 181.5500 85.2632 3.7322
Generation: 467 89.2018 181.5500 85.8968 3.4366
Generation: 468 89.1868 181.5350 86.0840 3.5047
Generation: 469 89.2018 181.5500 85.0937 3.5962
Generation: 470 89.2018 181.5500 85.9384 3.4486
Generation: 471 89.2018 181.5500 85.9377 3.9476
Generation: 472 89.2018 181.5500 85.7769 3.2305
Generation: 473 89.2168 181.5650 85.5352 3.8791
Generation: 474 89.1113 181.4602 85.4832 3.8431
Generation: 475 89.2168 181.5650 86.0516 3.5920
Generation: 476 89.2168 181.5650 85.5425 3.8223
Generation: 477 89.2748 181.6235 86.3822 3.0701
Generation: 478 89.2608 181.6063 85.5987 4.3480
Generation: 479 89.2018 181.5500 86.3937 3.3162
Generation: 480 89.2903 181.6381 85.8090 3.6205
Generation: 481 89.5010 181.8471 86.3983 2.7433
Generation: 482 89.2018 181.5500 86.1368 3.6367
Generation: 483 89.2168 181.5650 86.1011 3.4237
Generation: 484 89.2748 181.6235 85.8273 3.5904
Generation: 485 89.2168 181.5650 85.7667 3.8391
Generation: 486 89.2018 181.5500 85.2776 4.2628
Generation: 487 89.2018 181.5500 86.0557 3.4158
Generation: 488 89.2153 181.5631 85.6089 3.7842
Generation: 489 89.2018 181.5500 85.6202 4.0485
Generation: 490 89.2018 181.5500 86.3856 3.4548
Generation: 491 89.2018 181.5500 86.3859 3.3016
Generation: 492 89.2448 181.5935 85.7821 3.8925
Generation: 493 89.2018 181.5500 86.6139 3.0334
Generation: 494 89.2298 181.5785 86.0145 3.5042
Generation: 495 89.2018 181.5500 85.5111 3.5269
Generation: 496 89.2018 181.5500 85.9142 3.7834
Generation: 497 89.1263 181.4752 86.1412 3.3815
Generation: 498 89.1848 181.5335 86.2010 3.7110
Generation: 499 89.1268 181.4750 85.4953 4.2976
Generation: 500 89.2148 181.5635 85.9476 3.8747
Generation: 501 89.2148 181.5635 86.2627 3.1932
Generation: 502 89.2018 181.5500 86.0412 3.7433
Generation: 503 89.1998 181.5485 86.2388 3.4985
Generation: 504 89.2753 181.6231 85.4508 3.6984
Generation: 505 89.2209 181.5690 85.7592 3.6487
Generation: 506 89.3203 181.6681 85.6550 3.7715
Generation: 507 89.1868 181.5350 85.6640 3.7556
Generation: 508 89.2898 181.6385 85.1593 3.8929
Generation: 509 89.3504 181.6951 85.7893 3.5133
Generation: 510 89.2018 181.5500 85.2068 4.1522
Generation: 511 89.2148 181.5635 85.1315 4.2512
Generation: 512 89.2603 181.6081 86.0532 3.1806
Generation: 513 89.3203 181.6681 86.1409 3.4994
Generation: 514 89.2903 181.6381 85.9291 3.7600
Generation: 515 89.3063 181.6542 85.6069 3.6112
Generation: 516 89.2148 181.5635 86.1309 3.5358
Generation: 517 89.2448 181.5935 86.0691 3.5562
Generation: 518 89.1568 181.5050 85.8245 4.0736
Generation: 519 89.2168 181.5650 85.9748 3.7298
Generation: 520 89.2153 181.5631 85.9719 3.7176
Generation: 521 89.2018 181.5500 85.9230 3.7547
Generation: 522 89.3058 181.6513 85.8707 4.1022
Generation: 523 89.2453 181.5931 85.5508 4.0754
Generation: 524 89.1559 181.5045 85.7244 3.8530
Generation: 525 89.1259 181.4745 85.7812 3.7380
Generation: 526 89.2318 181.5800 85.7911 3.8891
Generation: 527 89.2153 181.5631 85.4668 4.5218
Generation: 528 89.1893 181.5341 85.9571 3.9066
Generation: 529 89.1718 181.5200 86.2407 3.5947
Generation: 530 89.2898 181.6385 85.7680 3.9357
Generation: 531 89.1718 181.5200 85.6193 3.9400
Generation: 532 89.2453 181.5931 86.2608 3.0633
Generation: 533 89.1568 181.5050 86.3290 3.2472
Generation: 534 89.2603 181.6081 86.8826 2.9338
Generation: 535 89.2753 181.6231 86.7421 3.3374
Generation: 536 89.1848 181.5335 86.1467 3.7498
Generation: 537 89.2153 181.5631 86.2017 3.3348
Generation: 538 89.1698 181.5185 86.5582 3.4880
Generation: 539 89.2603 181.6081 86.3018 3.3110
Generation: 540 89.2448 181.5935 85.8365 4.1041
Generation: 541 89.2303 181.5781 86.8209 3.1855
Generation: 542 89.2219 181.5671 86.5717 2.9571
Generation: 543 89.2898 181.6385 85.6542 4.2542
Generation: 544 89.2105 181.5594 86.8543 3.0925
Generation: 545 89.2493 181.5941 86.2591 3.7842
Generation: 546 89.2748 181.6235 86.5339 2.9185
Generation: 547 89.4910 181.8410 86.1929 3.7285
Generation: 548 89.3353 181.6831 86.6912 3.0745
Generation: 549 89.2298 181.5785 85.6243 3.9360
Generation: 550 89.1998 181.5485 86.9112 2.8829
Generation: 551 89.3503 181.6981 86.8738 3.0220
Generation: 552 89.2898 181.6385 87.0328 2.2735
Generation: 553 89.2898 181.6385 86.9430 3.3526
Generation: 554 89.2903 181.6381 86.4313 3.1389
Generation: 555 89.2898 181.6385 85.7127 4.1474
Generation: 556 89.2898 181.6385 86.0862 3.8153
Generation: 557 89.3353 181.6831 86.4611 3.1205
Generation: 558 89.2748 181.6235 86.3767 3.0764
Generation: 559 89.2909 181.6395 86.0127 3.5335
Generation: 560 89.2898 181.6385 86.4828 2.8805
Generation: 561 89.3503 181.6981 86.6230 3.0471
Generation: 562 89.3503 181.6981 85.9803 3.7063
Generation: 563 89.3653 181.7131 86.6145 2.8712
Generation: 564 89.2748 181.6235 85.7663 3.5917
Generation: 565 89.3503 181.6981 86.4203 3.2377
Generation: 566 89.3503 181.6981 86.5456 2.9869
Generation: 567 89.2748 181.6235 86.3036 3.2338
Generation: 568 89.2598 181.6085 86.6632 3.1303
Generation: 569 89.3203 181.6681 86.2568 3.6411
Generation: 570 89.2148 181.5635 86.6643 2.9816
Generation: 571 89.3053 181.6531 86.2400 3.7642
Generation: 572 89.3353 181.6831 86.7368 3.1450
Generation: 573 89.2898 181.6385 86.5346 2.8920
Generation: 574 89.2598 181.6085 86.4635 3.3736
Generation: 575 89.2748 181.6235 86.9559 2.8591
Generation: 576 89.3503 181.6981 86.9174 2.7403
Generation: 577 89.2903 181.6381 86.3876 2.7060
Generation: 578 89.3743 181.7191 86.2880 3.4103
Generation: 579 89.3503 181.6981 87.1746 2.9214
Generation: 580 89.2753 181.6231 86.9747 3.0052
Generation: 581 89.2153 181.5631 86.9146 3.0570
Generation: 582 89.3053 181.6531 87.4939 2.6098
Generation: 583 89.3353 181.6831 86.7870 2.8018
Generation: 584 89.3503 181.6981 86.6681 2.9613
Generation: 585 89.2255 181.5744 86.3635 3.4571
Generation: 586 89.2163 181.5642 85.5861 3.9068
Generation: 587 89.2748 181.6235 86.5100 3.3982
Generation: 588 89.2903 181.6381 86.5717 2.8959
Generation: 589 89.3503 181.6981 86.1564 3.7810
Generation: 590 89.3353 181.6831 86.6420 3.2335
Generation: 591 89.3653 181.7131 86.9869 2.8250
Generation: 592 89.3653 181.7131 86.1292 3.4444
Generation: 593 89.3363 181.6842 86.4395 3.7839
Generation: 594 89.3363 181.6842 86.6479 3.4314
Generation: 595 89.3503 181.6981 86.9888 2.8055
Generation: 596 89.3803 181.7281 86.9669 3.2180
Generation: 597 89.3503 181.6981 86.3084 3.2855
Generation: 598 89.2463 181.5942 86.0976 3.2715
Generation: 599 89.3803 181.7281 86.8421 2.7089
Generation: 600 89.2943 181.6391 86.6018 2.7843
Generation: 601 89.3213 181.6692 86.3713 3.0571
Generation: 602 89.3203 181.6681 86.6507 2.8608
Generation: 603 89.3513 181.6992 86.3318 3.3815
Generation: 604 89.3353 181.6831 86.5509 3.1702
Generation: 605 89.3663 181.7142 86.4136 3.4139
Generation: 606 89.3513 181.6992 86.7871 3.1335
Generation: 607 89.3663 181.7142 86.0108 3.8164
Generation: 608 89.3353 181.6831 86.7966 3.3616
Generation: 609 89.3053 181.6531 86.1530 3.6281
Generation: 610 89.5095 181.8550 86.6564 3.4866
Generation: 611 89.3653 181.7131 86.9513 3.1262
Generation: 612 89.3803 181.7281 86.4291 3.5935
Generation: 613 89.3803 181.7281 86.8427 3.0325
Generation: 614 89.3653 181.7131 86.9111 2.9791
Generation: 615 89.3653 181.7131 86.7142 2.9206
Generation: 616 89.3653 181.7131 86.9950 3.3242
Generation: 617 89.3653 181.7131 86.7110 3.4003
Generation: 618 89.3053 181.6531 86.3789 3.8694
Generation: 619 89.3653 181.7131 86.9257 2.8899
Generation: 620 89.3353 181.6831 86.5486 3.1890
Generation: 621 89.3503 181.6981 86.9639 2.8197
Generation: 622 89.3503 181.6981 86.2701 3.2112
Generation: 623 89.3653 181.7131 87.0868 2.5365
Generation: 624 89.3663 181.7142 86.3059 3.1500
Generation: 625 89.3653 181.7131 86.9778 2.7865
Generation: 626 89.3653 181.7131 86.8781 2.9643
Generation: 627 89.3653 181.7131 86.6294 3.0050
Generation: 628 89.3653 181.7131 87.1187 2.9576
Generation: 629 89.3653 181.7131 86.5388 3.0872
Generation: 630 89.3653 181.7131 86.7546 3.5126
Generation: 631 89.3653 181.7131 86.9573 3.1956
Generation: 632 89.3653 181.7131 86.9055 2.4943
Generation: 633 89.3653 181.7131 86.6248 3.0740
Generation: 634 89.3653 181.7131 86.9969 3.0690
Generation: 635 89.3653 181.7131 86.6236 2.9242
Generation: 636 89.3503 181.6981 86.2249 3.3385
Generation: 637 89.3503 181.6981 87.0703 2.5275
Generation: 638 89.3653 181.7131 86.8638 2.8476
Generation: 639 89.3653 181.7131 86.7334 2.6608
Generation: 640 89.3503 181.6981 86.5740 3.3561
Generation: 641 89.3503 181.6981 86.6074 3.2956
Generation: 642 89.3653 181.7131 86.1208 3.1953
Generation: 643 89.3653 181.7131 86.7398 2.7510
Generation: 644 89.3653 181.7131 86.9646 2.4758
Generation: 645 89.3503 181.6981 86.3469 3.0442
Generation: 646 89.2748 181.6235 86.6908 3.4486
Generation: 647 89.2903 181.6381 86.0236 3.9201
Generation: 648 89.3503 181.6981 86.0892 3.5606
Generation: 649 89.3503 181.6981 85.8194 3.7171
Generation: 650 89.3503 181.6981 86.3787 3.2521
Generation: 651 89.2028 181.5510 86.2130 3.3658
Generation: 652 89.2753 181.6231 85.9382 3.7604
Generation: 653 89.2255 181.5744 86.1016 3.7944
Generation: 654 89.3503 181.6981 86.4608 3.3700
Generation: 655 89.2448 181.5935 86.4280 3.3523
Generation: 656 89.3653 181.7131 86.5078 3.1836
Generation: 657 89.2753 181.6231 86.4597 3.2597
Generation: 658 89.3663 181.7142 86.8078 3.0000
Generation: 659 89.3503 181.6981 86.0192 3.8184
Generation: 660 89.3653 181.7131 86.0301 3.4776
Generation: 661 89.3663 181.7142 86.0239 3.3944
Generation: 662 89.3653 181.7131 86.8460 2.8370
Generation: 663 89.4703 181.8181 86.4188 3.5872
Generation: 664 89.3653 181.7131 85.4363 3.8636
Generation: 665 89.3653 181.7131 86.6730 3.6916
Generation: 666 89.3653 181.7131 85.9283 4.2930
Generation: 667 89.3653 181.7131 86.7250 2.5583
Generation: 668 89.3663 181.7142 84.9431 4.5287
Generation: 669 89.3653 181.7131 86.4284 3.0473
Generation: 670 89.3663 181.7142 86.9119 3.5052
Generation: 671 89.3653 181.7131 86.8278 2.8282
Generation: 672 89.4693 181.8141 86.4082 3.1644
Generation: 673 89.3653 181.7131 86.6684 3.6782
Generation: 674 89.3653 181.7131 86.8883 2.5265
Generation: 675 89.2903 181.6381 86.8129 2.7423
Generation: 676 89.3653 181.7131 86.3473 3.1439
Generation: 677 89.3663 181.7142 86.7839 2.9890
Generation: 678 89.3653 181.7131 86.0509 3.5642
Generation: 679 89.2753 181.6231 86.6240 3.3094
Generation: 680 89.3653 181.7131 86.9526 2.9800
Generation: 681 89.3353 181.6831 86.8550 3.2856
Generation: 682 89.3653 181.7131 86.0604 3.9334
Generation: 683 89.3953 181.7431 86.5951 2.7986
Generation: 684 89.3653 181.7131 85.8119 3.6150
Generation: 685 89.3503 181.6981 86.4404 3.3184
Generation: 686 89.2748 181.6235 86.4789 3.3718
Generation: 687 89.3503 181.6981 86.5943 3.6555
Generation: 688 89.3653 181.7131 86.7661 2.7935
Generation: 689 89.4553 181.8031 86.9059 2.6975
Generation: 690 89.3653 181.7131 86.3734 2.8866
Generation: 691 89.3503 181.6981 86.1744 3.3434
Generation: 692 89.3653 181.7131 87.0023 2.0783
Generation: 693 89.3653 181.7131 87.2591 2.5874
Generation: 694 89.2618 181.6100 86.6856 2.9579
Generation: 695 89.3653 181.7131 86.8382 3.0259
Generation: 696 89.3203 181.6681 86.5815 3.2750
Generation: 697 89.3653 181.7131 86.6597 3.0281
Generation: 698 89.3653 181.7131 86.9313 3.1191
Generation: 699 89.3203 181.6681 86.6543 3.4707
Generation: 700 89.3668 181.7150 86.9381 3.3908
Generation: 701 89.3053 181.6531 86.7027 3.3839
Generation: 702 89.2303 181.5781 85.1645 4.7673
Generation: 703 89.2493 181.5941 86.0624 3.7258
Generation: 704 89.2903 181.6381 86.7882 3.2953
Generation: 705 89.3803 181.7281 85.9975 3.8357
Generation: 706 89.2453 181.5931 86.1497 3.7288
Generation: 707 89.2618 181.6100 86.3286 3.5979
Generation: 708 89.3259 181.6740 86.5552 3.5362
Generation: 709 89.2748 181.6235 86.3581 3.5787
Generation: 710 89.2768 181.6250 86.8963 2.8265
Generation: 711 89.2748 181.6235 86.6063 3.1590
Generation: 712 89.2748 181.6235 86.5053 3.0861
Generation: 713 89.3653 181.7131 85.9610 3.5974
Generation: 714 89.3053 181.6531 86.3909 3.0807
Generation: 715 89.3503 181.6981 86.3029 3.5501
Generation: 716 89.3653 181.7131 86.7002 3.2943
Generation: 717 89.2448 181.5935 86.4708 3.6077
Generation: 718 89.2903 181.6381 87.2953 2.7698
Generation: 719 89.3353 181.6831 86.1666 3.6143
Generation: 720 89.2448 181.5935 86.4150 3.6423
Generation: 721 89.3053 181.6531 86.9358 2.6777
Generation: 722 89.3503 181.6981 86.7393 2.9332
Generation: 723 89.4703 181.8181 86.4632 3.2384
Generation: 724 89.2448 181.5935 86.5319 3.2786
Generation: 725 89.3503 181.6981 86.9596 2.9886
Generation: 726 89.2684 181.6143 86.2355 3.6252
Generation: 727 89.3353 181.6831 86.3384 3.9413
Generation: 728 89.3503 181.6981 87.2260 2.4435
Generation: 729 89.3203 181.6681 87.0617 2.6004
Generation: 730 89.3203 181.6681 86.1703 3.6652
Generation: 731 89.3503 181.6981 86.0728 3.7592
Generation: 732 89.3203 181.6681 86.4035 3.0316
Generation: 733 89.3943 181.7391 86.7022 2.9410
Generation: 734 89.3053 181.6531 86.5245 3.5759
Generation: 735 89.3353 181.6831 86.2871 3.1099
Generation: 736 89.3053 181.6531 86.7960 2.5878
Generation: 737 89.3203 181.6681 87.1626 2.6375
Generation: 738 89.2298 181.5785 85.9898 3.6239
Generation: 739 89.3053 181.6531 87.0851 2.7147
Generation: 740 89.3803 181.7281 86.7056 3.1067
Generation: 741 89.2448 181.5935 86.2365 3.4904
Generation: 742 89.3204 181.6681 87.0533 2.6569
Generation: 743 89.2753 181.6231 86.8081 2.6533
Generation: 744 89.3203 181.6681 87.0482 2.5753
Generation: 745 89.2903 181.6381 86.6584 3.4862
Generation: 746 89.3653 181.7131 87.1829 2.8433
Generation: 747 89.3653 181.7131 86.9603 2.9458
Generation: 748 89.3503 181.6981 87.4227 2.5376
Generation: 749 89.2753 181.6231 86.7927 2.7713
Generation: 750 89.3503 181.6981 87.3698 2.5162
Generation: 751 89.2264 181.5754 87.0770 2.8004
Generation: 752 89.3353 181.6831 86.8747 3.1364
Generation: 753 89.3503 181.6981 86.9929 2.9565
Generation: 754 89.2193 181.5641 86.8207 2.9624
Generation: 755 89.3653 181.7131 86.7298 3.0420
Generation: 756 89.3653 181.7131 87.0467 2.9787
Generation: 757 89.3203 181.6681 86.7609 3.1740
Generation: 758 89.3653 181.7131 86.9097 2.9829
Generation: 759 89.3653 181.7131 86.4905 3.8624
Generation: 760 89.3503 181.6981 86.8240 3.0911
Generation: 761 89.3203 181.6681 87.0239 2.7194
Generation: 762 89.3503 181.6981 86.8739 3.3598
Generation: 763 89.3503 181.6981 86.6354 3.1439
Generation: 764 89.3503 181.6981 87.3372 2.8063
Generation: 765 89.3503 181.6981 86.9849 2.7196
Generation: 766 89.3653 181.7131 87.3366 2.7090
Generation: 767 89.3653 181.7131 87.0638 2.9534
Generation: 768 89.3653 181.7131 86.7923 2.6435
Generation: 769 89.3653 181.7131 86.6244 2.6501
Generation: 770 89.3653 181.7131 87.1753 2.7621
Generation: 771 89.3653 181.7131 87.4847 2.0925
Generation: 772 89.3353 181.6831 87.1043 3.0345
Generation: 773 89.3653 181.7131 87.4028 2.4540
Generation: 774 89.3503 181.6981 86.0288 3.6663
Generation: 775 89.3353 181.6831 87.1539 2.8523
Generation: 776 89.3503 181.6981 87.3738 2.4523
Generation: 777 89.3653 181.7131 87.3001 2.5363
Generation: 778 89.3653 181.7131 87.0529 2.8277
Generation: 779 89.3503 181.6981 86.3512 3.7817
Generation: 780 89.3653 181.7131 87.2588 2.8300
Generation: 781 89.3653 181.7131 86.5653 3.4454
Generation: 782 89.3653 181.7131 86.8296 2.8799
Generation: 783 89.3653 181.7131 86.7587 3.0852
Generation: 784 89.3213 181.6692 86.7854 3.2403
Generation: 785 89.3653 181.7131 86.7197 3.1447
Generation: 786 89.3653 181.7131 87.2199 2.7899
Generation: 787 89.3653 181.7131 86.7031 2.9737
Generation: 788 89.3653 181.7131 86.7767 3.4006
Generation: 789 89.3653 181.7131 85.9924 4.3532
Generation: 790 89.3653 181.7131 86.2969 3.7984
Generation: 791 89.3653 181.7131 86.0824 3.7568
Generation: 792 89.3653 181.7131 85.8571 4.3726
Generation: 793 89.3663 181.7142 85.4275 4.2377
Generation: 794 89.3653 181.7131 87.3854 3.1497
Generation: 795 89.3653 181.7131 86.3896 3.4391
Generation: 796 89.3653 181.7131 86.6033 3.3272
Generation: 797 89.3653 181.7131 87.0200 2.6715
Generation: 798 89.3353 181.6831 86.8015 3.2809
Generation: 799 89.3503 181.6981 86.8257 3.0336
Generation: 800 89.3503 181.6981 87.2568 2.6178
Generation: 801 89.3653 181.7131 86.8017 3.2022
Generation: 802 89.3653 181.7131 86.2795 4.1554
Generation: 803 89.3653 181.7131 86.8543 3.2625
Generation: 804 89.3353 181.6831 86.1897 4.7561
Generation: 805 89.3503 181.6981 86.5251 3.6881
Generation: 806 89.3503 181.6981 87.0819 3.2184
Generation: 807 89.3503 181.6981 87.0080 3.3059
Generation: 808 89.3503 181.6981 86.8658 3.0020
Generation: 809 89.3653 181.7131 87.1377 2.7655
Generation: 810 89.3353 181.6831 86.8940 2.7237
Generation: 811 89.3503 181.6981 87.0352 3.4351
Generation: 812 89.3503 181.6981 87.3538 2.9279
Generation: 813 89.3503 181.6981 86.4544 4.1912
Generation: 814 89.3503 181.6981 87.3704 2.1582
Generation: 815 89.3653 181.7131 87.0287 3.2037
Generation: 816 89.3503 181.6981 87.1258 3.0230
Generation: 817 89.3653 181.7131 86.8351 3.0822
Generation: 818 89.3503 181.6981 87.0022 2.8393
Generation: 819 89.3353 181.6831 87.2500 2.8245
Generation: 820 89.3653 181.7131 87.3057 2.4716
Generation: 821 89.3503 181.6981 86.7177 3.6226
Generation: 822 89.3653 181.7131 86.8788 3.7674
Generation: 823 89.3653 181.7131 87.2606 2.5459
Generation: 824 89.3653 181.7131 87.0672 3.0290
Generation: 825 89.3653 181.7131 86.9397 3.1295
Generation: 826 89.3653 181.7131 86.7354 3.1383
Generation: 827 89.3653 181.7131 86.5526 3.1075
Generation: 828 89.3653 181.7131 86.7266 3.2071
Generation: 829 89.3503 181.6981 87.0445 3.0043
Generation: 830 89.3503 181.6981 87.0379 3.2943
Generation: 831 89.3653 181.7131 86.5655 3.3614
Generation: 832 89.3503 181.6981 87.3051 2.6659
Generation: 833 89.3663 181.7142 86.7355 3.0394
Generation: 834 89.3653 181.7131 87.4413 2.3522
Generation: 835 89.3653 181.7131 86.9735 3.1318
Generation: 836 89.3653 181.7131 86.7721 3.0916
Generation: 837 89.3653 181.7131 87.2976 2.4739
Generation: 838 89.3653 181.7131 87.4927 2.5102
Generation: 839 89.3653 181.7131 87.4344 2.0434
Generation: 840 89.3653 181.7131 87.2474 2.2370
Generation: 841 89.3653 181.7131 87.3572 2.3550
Generation: 842 89.3653 181.7131 87.1328 2.4482
Generation: 843 89.3653 181.7131 87.1380 2.3160
Generation: 844 89.3653 181.7131 87.0793 3.1608
Generation: 845 89.3653 181.7131 86.9687 3.0419
Generation: 846 89.3653 181.7131 87.3808 2.5802
Generation: 847 89.3653 181.7131 87.3127 2.4417
Generation: 848 89.3653 181.7131 87.2885 2.9108
Generation: 849 89.3653 181.7131 87.4771 2.4434
Generation: 850 89.3653 181.7131 87.3294 2.6601
Generation: 851 89.3803 181.7281 86.7015 3.2462
Generation: 852 89.3653 181.7131 87.1572 3.4137
Generation: 853 89.3653 181.7131 87.4993 2.2930
Generation: 854 89.4403 181.7881 87.1704 2.7537
Generation: 855 89.3663 181.7142 87.5045 2.2547
Generation: 856 89.3953 181.7431 87.2308 2.5244
Generation: 857 89.3803 181.7281 87.2872 2.5688
Generation: 858 89.3663 181.7142 87.2010 2.4675
Generation: 859 89.3663 181.7142 87.6205 2.4289
Generation: 860 89.3663 181.7142 87.7419 2.3662
Generation: 861 89.3653 181.7131 87.4761 2.7096
Generation: 862 89.3653 181.7131 87.3641 2.5185
Generation: 863 89.3653 181.7131 87.6320 2.2518
Generation: 864 89.3663 181.7142 87.6483 2.3692
Generation: 865 89.3663 181.7142 87.8714 1.7804
Generation: 866 89.3653 181.7131 87.5358 2.2625
Generation: 867 89.3663 181.7142 87.6404 1.9438
Generation: 868 89.3653 181.7131 87.6230 2.0283
Generation: 869 89.3663 181.7142 87.6322 1.8097
Generation: 870 89.3663 181.7142 87.6266 2.1122
Generation: 871 89.4253 181.7731 87.7376 1.9492
Generation: 872 89.3663 181.7142 87.3275 2.6083
Generation: 873 89.4019 181.7471 87.5774 2.1163
Generation: 874 89.3803 181.7281 86.6896 3.7745
Generation: 875 89.5153 181.8631 87.4164 2.3509
Generation: 876 89.4853 181.8331 87.4381 2.0191
Generation: 877 89.5303 181.8781 87.6033 2.5951
Generation: 878 89.4403 181.7881 86.9732 3.0075
Generation: 879 89.4263 181.7742 86.6305 3.0018
Generation: 880 89.4403 181.7881 87.1082 2.7697
Generation: 881 89.4469 181.7921 87.1086 2.4752
Generation: 882 89.4553 181.8031 87.0159 3.2903
Generation: 883 89.3803 181.7281 87.7473 2.1001
Generation: 884 89.4853 181.8331 86.9527 3.3001
Generation: 885 89.4703 181.8181 86.7161 3.8725
Generation: 886 89.4703 181.8181 87.0776 3.1078
Generation: 887 89.4019 181.7471 86.8351 2.8945
Generation: 888 89.4253 181.7731 86.7078 3.2819
Generation: 889 89.5303 181.8781 87.1753 2.6335
Generation: 890 89.4863 181.8342 87.2316 2.6498
Generation: 891 89.4853 181.8331 87.3512 2.5592
Generation: 892 89.4469 181.7921 86.8536 2.8678
Generation: 893 89.4853 181.8331 87.0746 2.5458
Generation: 894 89.5303 181.8781 87.6018 2.4632
Generation: 895 89.5003 181.8481 87.0263 2.7322
Generation: 896 89.5303 181.8781 86.8084 2.9914
Generation: 897 89.4863 181.8342 87.2511 2.4874
Generation: 898 89.4263 181.7742 86.8681 2.6656
Generation: 899 89.5603 181.9081 87.1709 2.4451
Generation: 900 89.5303 181.8781 87.7644 2.2553
Generation: 901 89.5453 181.8931 86.4828 3.3828
Generation: 902 89.5603 181.9081 87.0796 2.8371
Generation: 903 89.4853 181.8331 86.3198 3.4424
Generation: 904 89.5453 181.8931 86.5461 3.8712
Generation: 905 89.5453 181.8931 86.9445 2.7297
Generation: 906 89.4853 181.8331 86.6770 2.8015
Generation: 907 89.5453 181.8931 86.6835 3.2101
Generation: 908 89.5153 181.8631 87.1444 3.0106
Generation: 909 89.5303 181.8781 87.3454 2.9517
Generation: 910 89.4703 181.8181 87.1886 2.6936
Generation: 911 89.4853 181.8331 86.9222 2.7228
Generation: 912 89.5303 181.8781 86.9156 2.5686
Generation: 913 89.5153 181.8631 87.0404 3.4462
Generation: 914 89.5303 181.8781 87.2701 2.4308
Generation: 915 89.5453 181.8931 86.9547 3.2604
Generation: 916 89.4703 181.8181 87.4265 2.3312
Generation: 917 89.5303 181.8781 87.0784 2.6956
Generation: 918 89.4853 181.8331 87.0003 3.1258
Generation: 919 89.5153 181.8631 86.6671 3.1638
Generation: 920 89.5153 181.8631 87.5020 2.2453
Generation: 921 89.5303 181.8781 86.8219 3.5111
Generation: 922 89.5603 181.9081 87.1160 3.4076
Generation: 923 89.5303 181.8781 86.5308 2.8147
Generation: 924 89.5603 181.9081 86.1599 3.4545
Generation: 925 89.5603 181.9081 86.2628 3.4309
Generation: 926 89.5303 181.8781 85.8011 3.8919
Generation: 927 89.5453 181.8931 86.8286 3.3524
Generation: 928 89.5453 181.8931 87.2344 2.4652
Generation: 929 89.5303 181.8781 86.8704 2.9936
Generation: 930 89.5453 181.8931 86.7215 3.3825
Generation: 931 89.5603 181.9081 86.5650 3.6527
Generation: 932 89.5453 181.8931 86.1075 3.6947
Generation: 933 89.5303 181.8781 86.8948 2.8063
Generation: 934 89.5603 181.9081 86.5936 3.8914
Generation: 935 89.5453 181.8931 86.1063 3.7908
Generation: 936 89.5303 181.8781 86.3910 4.1922
Generation: 937 89.5453 181.8931 86.5873 3.3341
Generation: 938 89.5003 181.8481 85.7904 3.6953
Generation: 939 89.5453 181.8931 86.6439 2.8883
Generation: 940 89.5303 181.8781 86.5620 3.8997
Generation: 941 89.5603 181.9081 86.0700 3.6344
Generation: 942 89.5753 181.9231 85.7971 4.0488
Generation: 943 89.5003 181.8481 86.5315 3.6045
Generation: 944 89.5903 181.9381 86.3906 3.3256
Generation: 945 89.5603 181.9081 85.5489 3.7480
Generation: 946 89.5603 181.9081 86.2871 3.2997
Generation: 947 89.5303 181.8781 86.5168 2.9783
Generation: 948 89.5903 181.9381 85.8568 4.0539
Generation: 949 89.5753 181.9231 86.2809 3.3586
Generation: 950 89.5453 181.8931 86.3075 3.0502
Generation: 951 89.5453 181.8931 86.4676 3.7189
Generation: 952 89.5453 181.8931 86.3947 3.6469
Generation: 953 89.5453 181.8931 86.3399 3.5042
Generation: 954 89.5763 181.9242 86.4023 3.4058
Generation: 955 89.5753 181.9231 86.2646 3.9530
Generation: 956 89.5603 181.9081 87.0511 2.6470
Generation: 957 89.5763 181.9242 86.4654 3.1098
Generation: 958 89.5753 181.9231 86.4276 3.1719
Generation: 959 89.5303 181.8781 86.0453 3.5521
Generation: 960 89.5603 181.9081 86.7913 2.9831
Generation: 961 89.5453 181.8931 86.2970 3.4891
Generation: 962 89.5753 181.9231 86.9198 2.9574
Generation: 963 89.5753 181.9231 86.8119 3.0707
Generation: 964 89.5753 181.9231 86.6176 3.2128
Generation: 965 89.5453 181.8931 86.3816 3.4929
Generation: 966 89.5753 181.9231 86.9876 2.7036
Generation: 967 89.5753 181.9231 86.7460 2.9854
Generation: 968 89.5453 181.8931 86.9185 2.9499
Generation: 969 89.5903 181.9381 86.5360 3.3416
Generation: 970 89.5753 181.9231 87.1781 2.5299
Generation: 971 89.5603 181.9081 86.7585 2.7921
Generation: 972 89.5453 181.8931 87.1910 2.4828
Generation: 973 89.5603 181.9081 86.4388 3.0213
Generation: 974 89.5603 181.9081 86.4282 3.3717
Generation: 975 89.5753 181.9231 85.7674 3.8124
Generation: 976 89.5753 181.9231 86.4756 2.8557
Generation: 977 89.5603 181.9081 86.8371 2.6506
Generation: 978 89.5753 181.9231 86.5849 3.4240
Generation: 979 89.5613 181.9092 86.8098 2.9931
Generation: 980 89.5753 181.9231 86.6406 3.3829
Generation: 981 89.5303 181.8781 86.7431 3.3296
Generation: 982 89.5753 181.9231 87.0276 2.9437
Generation: 983 89.5753 181.9231 86.8793 2.7166
Generation: 984 89.5453 181.8931 86.7986 3.3289
Generation: 985 89.5903 181.9381 86.6406 3.5654
Generation: 986 89.5453 181.8931 86.2486 3.4966
Generation: 987 89.5453 181.8931 86.9267 2.9880
Generation: 988 89.5303 181.8781 86.7506 2.7428
Generation: 989 89.5753 181.9231 86.8431 3.0550
Generation: 990 89.5903 181.9381 86.5385 2.7709
Generation: 991 89.5453 181.8931 86.8586 2.8195
Generation: 992 89.5603 181.9081 86.6142 3.5890
Generation: 993 89.5603 181.9081 86.0289 4.0094
Generation: 994 89.5603 181.9081 86.8789 3.4483
Generation: 995 89.5753 181.9231 86.7943 3.1480
Generation: 996 89.5753 181.9231 86.5972 3.2049
Generation: 997 89.5613 181.9092 86.1247 3.4379
Generation: 998 89.5753 181.9231 86.8640 2.7680
Generation: 999 89.5753 181.9231 86.0834 3.3579
