2.774899380094440482e-01
-3.299527940771663781e-01
1.092686979306459888e-01
2.209371982714119220e-01
5.175330310422689983e-01
-1.401369724860913324e-01
2.513006083062992863e-02
-6.429010942290844244e-02
-1.282498828006595759e-01
-5.130736136542969617e-02
-2.638605768631938076e-02
-4.749950582338150484e-01
1.128477133612032918e-01
-1.315322065087205089e-02
2.128043905250359968e-01
-1.938124305842042761e-02
2.810952851687065213e-02
-1.367716499007151365e-01
1.729453465996897421e-01
-3.971819880836768846e-01
-1.252062890772977222e-01
1.843294684530136229e-03
9.916986764304097646e-02
-8.968126131810413848e-02
-5.416416934133541083e-01
4.997514213454777310e-01
-1.017460955050729018e-02
-4.529792130421744778e-02
-2.903411864650474183e-01
4.204115255728969880e-02
4.316822509614246656e-02
2.054998730788245576e-01
-2.068301187672402786e-01
2.756546001458730077e-01
-1.307347424386407775e-01
-6.076076531339035663e-02
2.067262820562483783e-01
-5.669284760506999588e-01
1.858045112727220172e-01
1.687598522170473958e-01
-1.291129941380645407e-01
1.694343551624831190e-01
1.655647343980788666e-01
-1.284571657139055578e-01
1.468452477559109015e-01
-4.808138149714281662e-01
-4.441732397789445452e-02
1.159337181400096894e-02
-3.536090961671563976e-02
1.528747860606602393e-01
-3.592569961552209423e-01
-5.612024773457545412e-02
2.777563189990147619e-01
1.447823733132798940e-01
5.182402446968058934e-02
1.292742543890486595e-01
6.572142749034994014e-02
-1.357216732018775296e-01
8.560227371807961616e-02
8.554705137623744293e-02
-3.527616646728859440e-01
-1.355145326560144026e-01
-1.078800234151536808e-01
-5.213316867418239797e-02
-9.377920073467174711e-03
2.171704232626636977e-01
1.252688513894824329e-01
-1.889858836067979664e-01
-9.326678257974037323e-02
6.251505683959508730e-02
4.706842620513370101e-01
4.738660720103731738e-01
-3.374149760013378518e-01
1.421597909853896113e-01
-1.632816276483503581e-01
-1.547753261858839657e-01
3.015281814141903549e-01
4.819160153849724737e-02
-3.845417195750269745e-02
-3.574505570442728652e-01
3.354880300484627265e-01
2.510460900555170904e-01
1.066824226889210858e-01
1.950621227441622640e-01
-1.035914560878977847e-01
-1.791704288019217439e-01
-1.440340027358238961e-01
5.423836739007741325e-01
2.061993980879903432e-01
-1.342570855531289575e-01
1.082364067249286244e-01
-1.815560613273040774e-02
-2.591239138461702840e-01
9.226311081802708591e-02
-8.309964389908407190e-03
-1.997243470703386481e-01
5.465417322875363304e-01
-2.609358178926231564e-01
4.960198684716321527e-01
1.542971713654945481e-02
-2.746794937073986920e-01
-3.039757080766588571e-01
-2.679991027117960556e-01
-2.791583902681681884e-01
4.381321045093806710e-01
-3.148455180003284504e-02
3.509467596092845088e-01
-2.459125384174739859e-01
-4.026009587051684324e-01
2.769327999937085671e-01
2.318826437689515407e-01
4.425134238840701395e-02
-4.964891251687394980e-02
-3.738945319551065238e-02
3.091344395365526188e-01
-4.209036050066167212e-01
3.972364144735980596e-02
-1.489110176923404139e-01
-2.085164273175673516e-02
3.812056218782093608e-02
-3.066388152545864720e-01
-2.744440777392650466e-01
2.986371307053146129e-01
-3.041522839391108679e-01
7.536424653758336256e-02
2.829271303357296929e-01
1.503621502413635125e-01
1.045787665402310995e-01
-2.711216423953687338e-01
-1.357402763475092089e-01
2.648198600445245132e-02
-2.873062807434891286e-01
-2.187689007276833464e-01
8.020719369993258019e-02
-9.355423804879129139e-04
-1.272373191920392610e-01
-2.916980513752654991e-01
-1.138077333812676228e-01
6.381499341220436827e-02
-3.403921224262413947e-01
3.752402183341886910e-01
1.446223115880854171e-01
1.608884594359770714e-01
-2.324731647789540778e-01
-1.370121660521683715e-02
3.325904723008308861e-01
-8.197994858645758776e-02
3.605508682602180937e-01
1.003614775986024360e-01
-1.756098708838743916e-01
-2.628576239261029013e-01
-1.506523830776531625e-01
-1.400912891096956492e-01
9.234403132111748680e-02
2.453842408447808043e-01
-1.055720142283619600e-01
1.635159171886478580e-01
-2.049382587358548335e-01
3.364492847090966854e-01
1.760306460223647340e-01
1.334006796494171254e-01
-5.715495761795905127e-02
-6.959773081095219083e-02
-1.442675360040865939e-01
-1.465243025015436074e-01
4.307943719759302903e-01
-1.444734388668403868e-01
-1.133077175626822641e-01
-9.539291682278516760e-03
1.435041470887599702e-01
-2.276580609233211094e-01
-5.914126569158552338e-02
3.270162672940818416e-02
-1.472891663043023047e-01
2.102426663577356691e-01
-2.262041840599763320e-01
-1.690402708074821292e-01
2.389020531153264459e-01
-2.418360792698628359e-01
1.326682267653206404e-02
7.232112946191522618e-02
-1.753482502113614672e-01
6.259477977262357939e-02
-1.366085965628555804e-03
4.387171561566052813e-01
-2.248030966470767056e-01
3.825450503483274201e-02
3.398665070451908216e-02
-3.507240873522346480e-03
-7.999567512807854996e-02
1.524402287660145960e-01
1.743479524630951460e-01
-1.297183959520327723e-01
6.874718206826548050e-02
1.365492630193106682e-01
2.447678259251892252e-01
-6.463208219637419649e-01
1.831248000624952077e-04
1.558172374834351781e-02
6.515556815488851572e-02
1.100217553113546354e-01
6.419331769418736011e-02
2.398955349076610233e-01
3.910769923834777062e-01
-1.999204413176729894e-03
2.039607051765991719e-01
1.292782027167543313e-01
4.514481180025239904e-01
-1.858505054290806868e-01
1.178624179748895620e-02
-6.529685760502865199e-02
-2.631105731402503256e-01
4.862242415548094776e-01
-7.289042557711650216e-03
1.180639412191731158e-01
9.990599098442011494e-02
-4.479068938353304996e-01
3.802405613849532684e-02
3.546867836711582456e-01
4.535988386009013884e-01
-2.822327745077632399e-02
5.107638936790477313e-01
-2.517392636190515232e-01
7.552128279536603206e-02
-4.363847570586887326e-03
3.959933992620330856e-01
-2.662946611285782472e-01
-2.385426270251942982e-01
2.053289572144801900e-01
-2.453017902099390579e-01
-7.139993408715258894e-02
1.128113038769724269e-01
1.363480158455366575e-01
5.741959607606261784e-03
8.260019948157240610e-02
-1.028529613430805567e-01
-3.928922814420392484e-01
-2.296594510225042352e-01
-1.729143511037928849e-01
8.860015406970928042e-02
-2.803167690020469394e-01
1.842402057389720960e-01
6.474415307039464024e-03
-1.704464995133318228e-01
-6.834410854993236972e-01
-3.880253608163400925e-01
3.284273104082136019e-02
2.892942256354060770e-01
2.216529032861386250e-02
5.965558433653405102e-01
-5.430157622992921873e-02
-2.075890419006642118e-01
-3.287960395643877987e-01
8.736337203664903961e-02
-4.576275087723031820e-01
2.753254654064696272e-01
1.052499810602956914e-01
2.205567918410012429e-01
1.368106493260013434e-01
3.087167202095373320e-01
-4.804529701611841563e-01
2.284344297312236594e-01
7.935073025683303527e-02
3.505925572832883086e-01
-8.153334690027157217e-02
