Generation: 0 71.9532 3.3650 10.5093 25.0797
Generation: 1 74.2037 3.3650 9.8247 25.6898
Generation: 2 71.9532 3.3650 18.2843 28.0194
Generation: 3 69.7553 3.3950 26.2798 29.6457
Generation: 4 72.1532 3.5650 38.6860 28.4846
Generation: 5 63.2983 3.6650 49.8471 28.2529
Generation: 6 71.9532 3.3650 55.7208 26.4916
Generation: 7 71.9532 3.3650 60.6833 23.7225
Generation: 8 71.9532 3.3650 66.4471 16.3792
Generation: 9 65.4684 3.5450 66.6233 14.2166
Generation: 10 71.9532 3.3650 67.7970 13.1606
Generation: 11 71.9532 3.3650 69.5809 7.3386
Generation: 12 71.9532 3.3650 69.2385 12.6902
Generation: 13 72.0617 3.4850 68.3592 14.1675
Generation: 14 71.9532 3.3650 67.9000 14.3070
Generation: 15 71.9532 3.3650 64.8132 20.3975
Generation: 16 71.9532 3.3650 67.4406 16.1381
Generation: 17 71.9532 3.3650 65.3013 18.0771
Generation: 18 76.6996 5.6900 64.7739 20.0581
Generation: 19 71.9532 3.3650 64.0907 19.5660
Generation: 20 71.9532 3.3650 64.9701 17.3310
Generation: 21 71.9170 3.4150 64.9614 18.0713
Generation: 22 71.9532 3.3650 68.3214 11.2650
Generation: 23 71.9532 3.3650 69.5323 11.8503
Generation: 24 71.9532 3.3650 71.3230 3.9993
Generation: 25 67.4770 3.4150 70.4650 7.2449
Generation: 26 69.7240 3.4450 69.4663 9.3596
Generation: 27 74.3302 3.5200 69.7989 7.5267
Generation: 28 74.8015 6.0350 69.0702 8.6171
Generation: 29 71.9532 3.3650 67.7744 14.5155
Generation: 30 69.7327 3.4150 66.2335 16.8478
Generation: 31 72.1143 3.5150 67.8146 10.5233
Generation: 32 67.5366 3.4650 67.8680 12.7603
Generation: 33 72.0182 3.4300 66.9444 15.4091
Generation: 34 72.0831 3.5050 69.9280 7.4198
Generation: 35 71.9532 3.3650 69.0847 10.1293
Generation: 36 77.0676 6.0400 69.8947 7.7383
Generation: 37 71.9532 3.3650 70.7474 5.9312
Generation: 38 72.0923 3.5150 71.3732 4.0722
Generation: 39 71.9532 3.3650 71.5778 2.9392
Generation: 40 65.3959 3.5650 70.7189 5.8840
Generation: 41 71.9532 3.3650 71.6118 3.0004
Generation: 42 69.7739 3.4650 71.6938 2.3715
Generation: 43 71.9532 3.3650 70.8733 8.2830
Generation: 44 54.5027 3.3700 71.4979 3.2746
Generation: 45 71.9532 3.3650 71.3524 4.2053
Generation: 46 71.9532 3.3650 71.3517 4.2076
Generation: 47 71.9532 3.3650 70.8733 8.2830
Generation: 48 74.2261 3.4150 71.6755 3.0012
Generation: 49 71.9532 3.3650 70.3305 10.9216
Generation: 50 71.9532 3.3650 71.3516 4.2072
Generation: 51 71.9532 3.3650 71.3887 3.9600
Generation: 52 71.9532 3.3650 71.6526 2.9904
Generation: 53 71.9805 3.4450 71.9479 0.0550
Generation: 54 71.9532 3.3650 71.6526 2.9904
Generation: 55 71.9532 3.3650 71.9532 0.0000
Generation: 56 63.7819 4.1600 71.5709 3.0910
Generation: 57 71.9532 3.3650 71.9532 0.0000
Generation: 58 71.9532 3.3650 71.6522 2.9904
Generation: 59 70.5153 3.9500 71.1594 7.7545
Generation: 60 71.9532 3.3650 71.3061 4.5414
Generation: 61 71.9532 3.3650 71.9532 0.0000
Generation: 62 71.9532 3.3650 71.4738 3.4641
Generation: 63 58.4748 3.4450 71.3406 3.6901
Generation: 64 69.7438 3.4450 70.1989 6.8848
Generation: 65 72.0439 3.4650 70.4401 5.8808
Generation: 66 72.1635 3.5650 71.3018 3.8678
Generation: 67 72.1635 3.5650 71.7537 1.6152
Generation: 68 79.3694 3.9200 70.5741 6.6735
Generation: 69 72.0532 3.4650 70.4037 6.7170
Generation: 70 72.0532 3.4650 70.1535 7.1444
Generation: 71 72.1635 3.5650 70.7238 6.0944
Generation: 72 72.0923 3.5150 70.4288 7.3054
Generation: 73 56.7001 3.7700 70.3385 5.8278
Generation: 74 74.4320 3.6250 65.5755 12.5383
Generation: 75 76.7003 5.6900 66.2590 11.6698
Generation: 76 69.9423 3.6150 65.6698 13.2885
Generation: 77 72.1635 3.5650 68.9875 8.2711
Generation: 78 67.6123 3.5650 65.1574 12.2582
Generation: 79 76.3407 5.4350 66.5081 11.0053
Generation: 80 48.1491 3.5750 64.9295 12.6858
Generation: 81 77.1170 6.0850 64.8367 15.3883
Generation: 82 78.5049 5.3000 63.3473 13.5067
Generation: 83 78.9127 5.6750 67.6294 12.0195
Generation: 84 72.1173 3.5400 67.7234 10.4287
Generation: 85 50.5247 3.7350 68.4486 9.0598
Generation: 86 72.1635 3.5650 64.8199 12.3535
Generation: 87 76.6777 5.6900 64.1351 14.5750
Generation: 88 76.5419 6.7702 64.6058 12.7396
Generation: 89 76.7003 8.1794 64.5746 12.8421
Generation: 90 76.6927 9.4489 66.6958 11.8333
Generation: 91 72.1635 6.6844 63.5404 13.9234
Generation: 92 76.7003 11.9134 66.6065 12.6692
Generation: 93 79.0027 13.3316 63.7279 12.6828
Generation: 94 55.2241 10.1883 57.9706 14.1190
Generation: 95 76.6777 15.6475 60.9277 13.1289
Generation: 96 53.0655 12.0531 58.1544 14.2662
Generation: 97 78.9277 18.1369 61.0251 13.6352
Generation: 98 76.7003 19.3816 60.6666 13.8075
Generation: 99 76.7527 20.8981 62.9354 13.2675
Generation: 100 74.4706 21.9670 63.7518 14.1595
Generation: 101 76.7003 23.1156 61.7950 13.2872
Generation: 102 78.9127 24.2961 60.6308 13.5174
Generation: 103 55.0556 17.2800 60.9706 15.0272
Generation: 104 72.3619 17.7661 60.0630 15.2338
Generation: 105 76.6845 28.2425 63.7549 12.7768
Generation: 106 78.9345 29.4938 60.8260 13.6659
Generation: 107 76.6695 30.6644 61.3092 14.0127
Generation: 108 78.9345 31.9963 58.6582 16.0919
Generation: 109 76.6845 33.2475 59.3365 14.3704
Generation: 110 48.4926 24.8488 56.6058 15.8073
Generation: 111 79.0032 36.0625 63.0762 12.9377
Generation: 112 78.9345 37.0013 60.7748 13.4857
Generation: 113 78.9757 38.5869 62.0953 13.3128
Generation: 114 78.9345 39.5038 61.5024 12.0652
Generation: 115 76.6845 40.7550 60.5121 13.0914
Generation: 116 76.6845 42.0063 59.6120 12.5011
Generation: 117 76.7257 43.6356 62.5336 12.5306
Generation: 118 78.9345 44.5088 63.9481 12.1002
Generation: 119 78.9345 45.7600 63.8231 11.5260
Generation: 120 76.6845 45.7600 64.1715 11.5860
Generation: 121 76.7107 46.0400 61.9370 13.3588
Generation: 122 76.6845 45.7600 62.7100 15.1141
Generation: 123 76.6845 45.7600 60.5384 14.9971
Generation: 124 57.5527 32.3200 61.8005 11.2800
Generation: 125 76.7257 46.1600 62.0321 11.9008
Generation: 126 78.9345 45.7600 61.1913 12.5009
Generation: 127 78.9345 45.7600 62.8993 12.0441
Generation: 128 78.9345 45.7600 63.8287 11.5534
Generation: 129 79.0032 46.1600 64.1100 14.7421
Generation: 130 76.6695 45.6400 63.8707 11.6949
Generation: 131 76.6845 45.7600 62.7056 12.2265
Generation: 132 76.7827 46.3600 64.2283 11.6607
Generation: 133 76.6845 45.7600 62.4368 11.4902
Generation: 134 76.7527 46.1200 59.4340 11.3568
Generation: 135 76.7527 46.1200 56.3411 11.9069
Generation: 136 76.7527 46.1200 58.7467 12.5274
Generation: 137 76.7188 45.9200 61.6466 13.2882
Generation: 138 76.7527 46.1200 62.6074 11.5463
Generation: 139 76.7827 46.3600 59.1396 12.4336
Generation: 140 76.7827 46.3600 60.5024 11.4934
Generation: 141 76.7527 46.1200 59.3252 12.8205
Generation: 142 76.7483 46.1600 61.0013 11.7612
Generation: 143 76.7532 46.1600 60.4478 12.8016
Generation: 144 76.7527 46.1200 60.0821 13.4611
Generation: 145 76.6845 45.7600 60.0886 12.4977
Generation: 146 76.7527 46.1200 62.1575 13.0522
Generation: 147 76.7532 46.1600 62.1023 13.2988
Generation: 148 76.6695 45.6400 61.6752 13.7589
Generation: 149 76.7527 46.1200 58.8452 15.4034
Generation: 150 76.7527 46.1200 61.8265 12.2792
Generation: 151 76.7527 46.1200 62.2743 12.6485
Generation: 152 76.6845 45.7600 60.7405 14.8010
Generation: 153 76.7532 46.1600 63.0189 13.9928
Generation: 154 76.7463 45.9200 60.4742 14.9634
Generation: 155 76.7532 46.1600 61.0876 15.8778
Generation: 156 76.8032 46.5600 62.2762 15.9737
Generation: 157 76.7382 46.0400 62.4386 11.2294
Generation: 158 76.8032 46.5600 61.4306 13.8272
Generation: 159 76.7882 46.4400 59.9829 15.2432
Generation: 160 76.7382 46.0400 59.7646 16.8607
Generation: 161 76.7882 46.4400 61.7090 13.6840
Generation: 162 77.0833 48.3600 62.2259 11.9884
Generation: 163 76.8332 46.8000 61.9876 15.1421
Generation: 164 76.8213 46.5200 60.9279 14.4736
Generation: 165 76.7882 46.4400 59.5812 16.1060
Generation: 166 76.8713 46.9200 60.6254 15.8023
Generation: 167 76.7613 46.0400 62.3194 14.3624
Generation: 168 76.8113 46.4400 59.5108 13.4385
Generation: 169 76.8663 46.8800 62.4155 13.6052
Generation: 170 76.8863 47.0400 63.0807 11.8722
Generation: 171 76.8213 46.5200 62.4981 13.1748
Generation: 172 77.0676 48.3200 62.9313 13.3781
Generation: 173 77.1433 48.8400 62.9447 14.0715
Generation: 174 77.0594 48.4400 62.3702 13.0717
Generation: 175 77.1283 48.7200 61.5888 13.0409
Generation: 176 77.0902 48.6000 59.0995 15.3650
Generation: 177 77.2333 49.5600 65.6490 12.7146
Generation: 178 77.2033 49.3200 60.5843 14.2739
Generation: 179 77.1326 48.8400 63.6916 12.3076
Generation: 180 77.1433 48.8400 60.2464 14.1885
Generation: 181 77.2033 49.3200 63.2316 14.3903
Generation: 182 79.2344 47.8400 62.1888 15.9968
Generation: 183 77.1733 49.0800 63.6834 13.4370
Generation: 184 76.9844 47.8400 63.8667 11.4195
Generation: 185 77.0833 48.3600 63.8933 12.5314
Generation: 186 77.1202 48.8400 61.0060 13.1143
Generation: 187 77.0983 48.4800 63.7458 12.9697
Generation: 188 79.3544 48.8000 65.8986 13.3067
Generation: 189 77.2333 49.5600 62.0649 18.8134
Generation: 190 77.1433 48.8400 62.1235 14.0623
Generation: 191 79.4452 49.4400 60.4333 17.0889
Generation: 192 77.2333 49.5600 61.3492 14.1149
Generation: 193 77.1883 47.5118 61.2991 18.4791
Generation: 194 77.2483 46.2706 65.0334 16.2787
Generation: 195 79.3844 43.9918 64.3527 12.2831
Generation: 196 79.3102 41.7224 63.0292 15.3603
Generation: 197 77.1544 40.7588 64.0484 13.6442
Generation: 198 77.1452 38.9435 63.7144 13.9183
Generation: 199 79.4452 37.5647 66.3781 11.7475
Generation: 200 77.1326 35.4329 61.9445 15.8352
Generation: 201 77.1202 33.7571 57.2474 21.1341
Generation: 202 77.2633 32.7118 61.9832 18.0871
Generation: 203 77.1202 30.4053 61.5528 17.0462
Generation: 204 77.1433 28.7294 59.7988 18.5990
Generation: 205 79.3402 26.9206 62.8621 15.1115
Generation: 206 79.4452 25.6894 63.9338 15.8612
Generation: 207 77.0902 23.5853 64.5500 14.5162
Generation: 208 77.2333 22.3506 64.9685 18.6915
Generation: 209 77.2183 20.6000 65.7319 12.9846
Generation: 210 77.1844 20.6000 64.4287 14.8710
Generation: 211 77.0602 20.1500 64.4024 14.8385
Generation: 212 77.2333 20.6500 64.1710 14.8447
Generation: 213 79.3402 20.2500 60.9878 18.5113
Generation: 214 79.4452 20.6000 64.6542 17.6506
Generation: 215 77.1433 20.3500 66.7752 12.5032
Generation: 216 79.4344 20.6000 64.1858 15.3041
Generation: 217 79.4452 20.6000 64.9606 15.8924
Generation: 218 77.0602 20.1500 66.9339 10.9195
Generation: 219 77.1926 20.5500 63.9108 16.0901
Generation: 220 77.1844 20.6000 65.9638 14.6106
Generation: 221 79.4344 20.6000 65.4595 14.8539
Generation: 222 79.4344 20.6000 66.3944 12.9082
Generation: 223 79.4344 20.6000 69.2211 11.0602
Generation: 224 77.2333 20.6500 68.5104 12.1864
Generation: 225 77.2333 20.6500 67.1004 11.7120
Generation: 226 79.4344 20.6000 65.0763 14.9826
Generation: 227 77.1926 20.5500 69.9188 9.0469
Generation: 228 79.3402 20.2500 65.6648 15.3551
Generation: 229 77.1926 20.5500 61.9029 18.4194
Generation: 230 77.0794 20.2500 68.7400 9.1492
Generation: 231 77.2033 20.5500 67.2366 13.2762
Generation: 232 77.1844 20.6000 68.7508 13.2810
Generation: 233 77.1926 20.5500 69.7205 13.0631
Generation: 234 77.1926 20.5500 67.9861 12.7647
Generation: 235 77.1726 20.4833 66.3216 14.2233
Generation: 236 79.3402 20.2500 68.8763 13.4051
Generation: 237 79.4344 20.6000 69.9505 9.4042
Generation: 238 77.1926 20.5500 68.6340 14.1292
Generation: 239 77.3126 20.9500 69.3008 9.8884
Generation: 240 79.4726 20.6500 70.2781 9.3158
Generation: 241 77.2226 20.6500 69.8219 10.5166
Generation: 242 79.3926 20.3833 67.2222 14.4671
Generation: 243 77.2226 20.6500 70.8735 9.9093
Generation: 244 77.1426 20.3833 70.8044 7.7325
Generation: 245 79.4344 20.6000 68.0959 13.7428
Generation: 246 77.2333 20.6500 70.6725 10.2617
Generation: 247 77.2226 20.6500 68.7412 13.5997
Generation: 248 77.2333 20.6500 69.3401 11.4544
Generation: 249 79.4494 20.6500 68.4882 13.4528
Generation: 250 79.4452 20.6000 67.5376 14.5970
Generation: 251 79.4452 20.6000 68.2897 12.9976
Generation: 252 79.4533 20.5500 69.6569 9.5975
Generation: 253 79.4344 20.6000 69.6968 11.1360
Generation: 254 79.4833 20.6500 69.7475 14.1123
Generation: 255 79.4833 20.6500 70.3046 10.3814
Generation: 256 79.4426 20.5500 70.0530 11.3134
Generation: 257 79.4494 20.6500 71.6935 8.0841
Generation: 258 77.2333 20.6500 71.5661 8.6763
Generation: 259 79.4294 20.5833 69.8670 8.9196
Generation: 260 79.4402 20.5833 71.0567 10.7515
Generation: 261 77.2333 20.6500 70.8261 10.8556
Generation: 262 79.4833 20.6500 71.7387 9.2537
Generation: 263 77.2333 20.6500 70.2704 10.0739
Generation: 264 79.4833 20.6500 71.9529 9.2305
Generation: 265 79.4533 20.5500 69.3783 10.8229
Generation: 266 79.4833 20.6500 70.4337 9.7931
Generation: 267 79.4902 20.7500 70.5325 11.2607
Generation: 268 79.4902 20.7500 73.1272 7.6380
Generation: 269 79.4602 20.6500 71.8638 8.9130
Generation: 270 79.4602 20.6500 68.1851 12.0397
Generation: 271 79.5126 20.7833 71.0928 9.0904
Generation: 272 79.4683 20.6000 70.2907 10.2789
Generation: 273 79.5502 20.9500 67.6272 13.6370
Generation: 274 79.4902 20.7500 72.1214 9.4460
Generation: 275 79.5502 20.9500 71.6380 9.5243
Generation: 276 77.2083 20.6000 72.7083 8.7409
Generation: 277 79.5352 20.9000 70.2708 11.6569
Generation: 278 79.4726 20.6500 72.7609 8.8811
Generation: 279 79.5476 20.9000 72.6299 7.6691
Generation: 280 79.5733 20.9500 70.9899 10.8628
Generation: 281 79.5394 20.9500 72.6211 9.0281
Generation: 282 79.5352 20.9000 72.8284 8.2669
Generation: 283 77.3126 20.9500 72.2601 10.1083
Generation: 284 79.5502 20.9500 70.6783 11.2814
Generation: 285 77.2676 20.8000 71.8285 9.9693
Generation: 286 79.5337 20.9000 72.4536 8.7542
Generation: 287 79.5176 20.8000 72.5819 9.0006
Generation: 288 79.5359 20.9000 73.7597 7.6316
Generation: 289 79.5394 20.9500 71.1587 11.9221
Generation: 290 79.5303 20.8500 73.4234 6.8660
Generation: 291 79.5242 20.8500 72.9963 9.9351
Generation: 292 79.5352 20.9000 71.3893 9.6400
Generation: 293 77.2226 20.6500 72.1711 10.5935
Generation: 294 72.8813 20.8500 72.6887 9.6873
Generation: 295 72.8871 20.9500 70.1950 11.3622
Generation: 296 79.5176 20.8000 73.9753 8.9076
Generation: 297 79.5283 20.8000 72.1035 10.7767
Generation: 298 70.6560 20.9000 71.7567 9.1651
Generation: 299 75.0468 20.9000 71.1091 10.8132
