-1.321979910994137697e-01
-8.897138171060541001e-02
2.863672736421120080e-01
2.690880499587378627e-01
-1.139696832505347895e-01
7.069251495847705957e-02
-1.726508395196000301e-01
-1.883746041544932248e-01
2.754302334464051039e-02
3.965935422457782522e-01
3.046785346950888762e-01
-5.328570227353262023e-01
-3.997540795779229716e-01
1.247432740609621671e-01
1.173770737880868581e-01
-2.253312352936374940e-02
-2.311665134518004205e-01
6.746727242640824240e-01
-3.728425667105511598e-01
-2.676027611238716158e-02
-1.945985438387465294e-01
-6.242178849517990846e-01
4.809274233866636661e-01
3.286486881407931215e-01
-2.140848417481995558e-01
9.821816586863833798e-02
2.564930008087663582e-01
7.212125515861822489e-01
-2.287637812381338176e-01
5.785908056824908829e-01
3.988759892028413412e-01
-5.032309018339113926e-01
-7.873747643927502260e-01
2.062035798630093564e-02
1.170377897124925404e-01
4.817292656535712703e-02
1.410366024027161491e-01
1.648520248564090962e-01
-5.924934511611745780e-02
-7.147074830644712939e-01
-2.256850937708959615e-01
7.687180589491713345e-01
3.250017643507298604e-01
4.507268227634145946e-03
-2.179580916962022830e-01
-2.121830541341140908e-01
-6.505292278971787079e-01
2.696579293837592095e-02
3.814216283026270471e-01
1.812439542375744450e-01
4.430488384040452421e-01
-1.191377982540002267e-01
-6.717277889211645814e-01
3.766376261180632290e-01
1.267516743097978904e-01
2.471808470819993886e-01
2.660677595723571209e-01
-1.215913663530776290e-01
-3.365429401545773080e-01
-1.616689947281996775e-01
8.858431254842262514e-02
-1.779601929164398855e-01
6.831607334112421714e-02
5.654234243368937152e-03
2.344447034808176955e-01
-6.200322359610904721e-01
6.364644411598427975e-01
-2.412628454356620100e-01
4.995924495725024839e-01
-2.323255507339871961e-01
-3.521485761858086372e-01
1.684181117287756047e-01
-6.388637032864719068e-01
2.297350499051286910e-01
7.290686462241044996e-01
1.445916704602651093e-02
1.434662849292983322e-01
-2.210702665747648066e-01
-2.698304575784133963e-01
-2.026282065641987207e-01
5.734452116350949868e-01
2.808305619900094419e-01
-2.625762107552216951e-01
-5.845776468491130640e-01
1.995279195315372012e-01
9.993460669638032368e-01
9.602975206685622489e-02
8.233618829467609368e-02
-3.818049391629922407e-01
-1.311988157253552445e-01
1.322093406260089754e-01
-6.441922182399202335e-01
7.888565170359967960e-01
3.564242632466010918e-01
1.295270082738149697e-01
2.957921694526187695e-01
-1.871929989554365070e-01
-2.629198793386998689e-01
-2.640156284384190255e-02
-3.313771834868656924e-03
2.817007282109909583e-02
2.868604590770985063e-01
6.046406521829140734e-01
-6.139143191169328384e-01
3.037943179339642752e-01
-3.170330363856128653e-01
-5.405416858685552217e-01
-3.666596039952788599e-01
-6.184082122124714420e-01
5.087354195861368833e-01
-4.143763632449280476e-01
1.697056437045423027e-01
7.651774265685643561e-01
-3.518467103386452299e-01
-5.023234106335778826e-01
-1.868548334640159625e-01
3.870565686921411119e-01
1.455699852276281514e-01
5.493573488742325983e-02
9.114747160652153513e-02
-5.845932675972774772e-01
-2.870859453581253717e-02
1.420245195377083380e-01
1.540420646698398288e-02
-5.821909282190165791e-02
-3.774320310332402451e-01
7.810535692777310912e-02
1.139209741381100038e-01
-2.119286461951069289e-01
-4.062438099211149178e-01
-7.120665333044131629e-01
3.366641609979682537e-01
6.759824607296702759e-01
3.880009254267798857e-01
-1.346042977652383010e-01
-1.438176733986410993e-01
2.938086363954923175e-01
-2.195816100086646627e-01
-4.404456598321314087e-01
2.450876631653778059e-01
-7.221743520467982513e-01
2.398518664827930802e-01
2.924755791550160966e-01
2.838737893971218229e-01
2.968569263639482259e-01
-2.462660838897178794e-01
-4.007835606076193269e-02
7.942230701035392082e-01
2.647381568040257926e-01
4.631554984966823607e-02
-3.059219836307883744e-01
-2.098824290829771622e-01
5.795673000334059521e-01
3.673800183538963871e-01
-1.153129369190692421e-01
-1.522329564705848237e-01
4.326156913514486169e-01
1.309197603032638546e-01
-3.317455889983096373e-01
8.353255655708878569e-02
-6.797393621997062096e-01
-1.821305549286043601e-01
4.820490480054532290e-01
-1.677966999089616495e-01
5.334019815889747829e-01
-6.839721746170114303e-01
-1.476556533341479294e-01
-3.057308565459210259e-01
-3.925031939455415064e-01
2.596273611606418896e-01
-8.620008306853196856e-02
-4.214145814972173332e-01
1.350021197341711165e-01
7.264489502363576795e-03
2.478676592115695854e-01
1.704194730381652367e-01
3.942370718197658608e-01
2.854502523680970683e-01
2.393166316161182694e-02
-2.748418376226348103e-01
7.555439618401338375e-01
-7.268392781460963903e-01
-4.030501327805790512e-01
4.114585097436462835e-02
1.473958344699213552e-01
2.368709233110237455e-01
-2.442656193038001411e-01
3.346271864934428908e-02
1.186203743814573941e-01
3.737266338695987011e-01
1.990281598522684048e-01
-5.297703694879403180e-01
-2.531550658052404423e-01
-3.957070482734046935e-01
2.353276896505554217e-01
2.688135510609570011e-01
4.233191250294338071e-01
-2.265511933946938727e-01
-4.539333763333009419e-01
-9.051096290752114193e-02
-5.525360658403751790e-01
6.653341848882060594e-01
-5.897414365973404626e-01
5.832777189253427474e-01
-4.839710997728788322e-02
3.036670799079904670e-01
1.937936807220873026e-01
8.823874335236218114e-01
5.991457086882878702e-01
2.573880686360556225e-01
-1.415097321880492975e-01
7.046236484341843187e-02
5.176830672420951185e-01
1.971790393657395224e-02
1.936088253270872583e-01
2.486533121044123829e-02
4.923959303483714245e-01
-3.165487618457220043e-01
4.177394629467637288e-01
7.826762388573970108e-01
6.579008195185114261e-01
5.112245357276096192e-02
-3.636861121594431867e-01
1.583933546923751989e-01
-4.698646350743530542e-01
-2.129037656385509569e-01
-2.060306990569502339e-01
1.000000000000000000e+00
1.038781577453335436e-01
-6.302190838607363288e-01
-4.411499918463362979e-01
-3.675620434054523988e-01
-4.828756095775675883e-01
-2.540053696901763414e-01
-8.663229132586611203e-02
3.634846030353136026e-01
7.848777772060772095e-02
-8.236969304355837851e-01
7.730296184278855343e-01
2.628819563202267062e-03
1.924709945665074307e-01
5.146653561093550433e-01
1.424514632148359272e-01
2.293319652193514246e-01
4.911154747603926896e-02
-3.807945115713093909e-01
6.846120722840329242e-02
-1.653707148996795273e-01
-3.458008820203194444e-01
2.301260486971681285e-01
2.682984610843471840e-01
7.758084676168635063e-01
1.230327358191505571e-01
-2.724239097895276851e-01
-2.646583091422532452e-01
2.071004989415703990e-01
-3.976674248131571998e-01
-6.928293917319481299e-01
2.207008450015609524e-01
-2.500624749553231330e-01
3.033422841033045492e-02
2.972134088162431964e-01
1.813451017982872782e-01
3.194369572919078526e-01
-1.697961673878548017e-02
4.514737408786200223e-01
4.747035313485297170e-01
5.416113009973864134e-01
4.803908786945056963e-01
5.336982776466361322e-01
4.771170371216908457e-01
5.336910707100531726e-01
3.974489522576300504e-01
4.992738664262671433e-01
5.760108920961610757e-01
4.716663407247781992e-01
5.163377698334034038e-01
5.683726917894871278e-01
5.262021994354177945e-01
4.442667433001944444e-01
4.800319070061657145e-01
6.440747796140717796e-01
4.628073038840989639e-01
4.704437049316176900e-01
4.520551052340112674e-01
5.446674788924469324e-01
5.430290820426568743e-01
3.890876772469767930e-01
4.780017916193876060e-01
4.300005845961706319e-01
4.681436760483482784e-01
5.582289820423627091e-01
5.198986882820916255e-01
5.612081053478680248e-01
4.814623340594413881e-01
4.913589482966496114e-01
4.302306426777757764e-01
4.495433864014123371e-01
5.306615646901597927e-01
5.555614748877235609e-01
4.691222154997526372e-01
4.537562927477732933e-01
6.163850122061380610e-01
5.172428555934081018e-01
4.321170521332349801e-01
4.439916733367152424e-01
4.396921204870571920e-01
4.398252578044690164e-01
4.584649318149107144e-01
4.214619227022543546e-01
5.123245080339243751e-01
4.849608402864281631e-01
5.439789316378794704e-01
5.057318788510000163e-01
4.173048502504300705e-01
4.173485741894411016e-01
4.684416948401753933e-01
5.511635788217518206e-01
5.418128283463536921e-01
3.644365798746441731e-01
6.827809657740016025e-01
5.357514420371907171e-01
4.397448247946958988e-01
5.939238940642372899e-01
5.651200517420285063e-01
5.121371879527782944e-01
4.971056863135677739e-01
3.952855216586064202e-01
4.990894191028600879e-01
5.245248067530938751e-01
5.249713065994986438e-01
5.458862583539902946e-01
5.600509374091351411e-01
4.712697969872627901e-01
3.976110450218008352e-01
5.192810300495700471e-01
5.826785018264724059e-01
4.470788772197288874e-01
5.439996897010624943e-01
5.503483960311263967e-01
4.795162898565655807e-01
4.830636375060709531e-01
4.628670689888817469e-01
4.629444282588861537e-01
5.166304219623677474e-01
4.715900677127872198e-01
4.359485991060493837e-01
6.095121199597101080e-01
5.206514088236777749e-01
4.365850581140410247e-01
3.920672492379467244e-01
4.608183799341629694e-01
4.230886513057076082e-01
4.691073202831769207e-01
5.166257072751366808e-01
6.241676753144188572e-01
5.555211655708139906e-01
4.246329934191608313e-01
5.816741554663820146e-01
4.633859834387749066e-01
5.228981712827907025e-01
5.166714161260365090e-01
6.065963047042151057e-01
4.963540860591363346e-01
4.122979930816529359e-01
6.815745140562599058e-01
4.765788748160758037e-01
5.896254287501772051e-01
4.422340887146019028e-01
4.962729573924081206e-01
4.187724415123527666e-01
3.943246006999566178e-01
4.646953513371913091e-01
6.454238204577911198e-01
6.397814305602675944e-01
5.279726501795107829e-01
5.372891427020435318e-01
4.727461591775463656e-01
5.559479355194952843e-01
5.537591589384434076e-01
5.523083561715773637e-01
5.338163840684488903e-01
4.405125043664285256e-01
5.527864961373567532e-01
6.884788605934779593e-01
5.000777675733322214e-01
6.377676052077607682e-01
4.837941807396936023e-01
4.933580343404285196e-01
4.269073322497159984e-01
5.512818489478287232e-01
4.647976375370302393e-01
4.793973928816360752e-01
4.563372436763271089e-01
5.686903213263846402e-01
4.901258238117714994e-01
4.539208950807839260e-01
4.985189521582626404e-01
4.408860959062845808e-01
4.145261769660113504e-01
5.891855496331848130e-01
5.311626882231226254e-01
5.343588981280663619e-01
5.668949596500778565e-01
5.097522283918989316e-01
5.714208391929904707e-01
5.063523306974003768e-01
4.037595547238994609e-01
5.433506494216590044e-01
4.791423138007896432e-01
5.701227582538029859e-01
5.198012973330261577e-01
6.086852298164121544e-01
3.906164725327254117e-01
5.608011838788491410e-01
5.008254412671322431e-01
5.083355962763168590e-01
4.521762996766073295e-01
4.716305488748184782e-01
5.287299299143232156e-01
4.429698927294137833e-01
5.509703371435101804e-01
4.132534050389942148e-01
5.127162658311177346e-01
4.899819421799979091e-01
3.471710908970672138e-01
3.871731782698571434e-01
4.009899252629559596e-01
4.531157683116748824e-01
6.202117801283784093e-01
5.079796719323836918e-01
5.321888605067168765e-01
4.853761707250788815e-01
4.433268935196980065e-01
5.336604662361059681e-01
4.327438622030850834e-01
4.936787501938981193e-01
4.509787837168397484e-01
6.011779831482331193e-01
6.140614209979814442e-01
5.958122380709507393e-01
5.476556305310485984e-01
5.457028861549506615e-01
4.806299461165600140e-01
6.263204810460143435e-01
5.242008907513440175e-01
5.322626054717010113e-01
4.917453527304959104e-01
4.710316848179280091e-01
4.761302692764237676e-01
4.013023037980835706e-01
5.089756990905909273e-01
4.754420216099158325e-01
6.029754852224300521e-01
5.413490548124626489e-01
4.549930416514155751e-01
5.824210837563070786e-01
3.870615716303461573e-01
5.252213117156261379e-01
5.554935040648183442e-01
5.438972021020673786e-01
4.549734448864515279e-01
5.193916065550429062e-01
4.872074016075468306e-01
4.882292850138175155e-01
5.363344986563194361e-01
4.534814660281971666e-01
5.175586479358993408e-01
5.610252176194608920e-01
4.850592712989307831e-01
5.001651214993212413e-01
3.970525622934595877e-01
4.842065084654590956e-01
6.247242215092317918e-01
4.396835588772779468e-01
4.351390936204701521e-01
5.432975293159596486e-01
5.377544344920096586e-01
4.843792001520162982e-01
5.368860208840486870e-01
5.242986829088125411e-01
5.289099595750921257e-01
5.393980290794979648e-01
5.667998087769071658e-01
4.051393759300073172e-01
4.376447700796285978e-01
5.488383570439404613e-01
5.400677259269934805e-01
5.163686789939642141e-01
5.173909224678853169e-01
5.259373969730638532e-01
4.832950529596871103e-01
5.486078515488367335e-01
6.495762356555264683e-01
5.077133076574431580e-01
4.633078631450888718e-01
5.127426028056977225e-01
5.350507841986456015e-01
5.436818222872975559e-01
4.004708176921109031e-01
5.409205922875145456e-01
4.688991481410935691e-01
6.025129040053052165e-01
4.455529598638281463e-01
4.835723165679687297e-01
5.246405680023403795e-01
5.177650054679608926e-01
4.270855353414618749e-01
4.712290165240659023e-01
4.010254398649237828e-01
5.438869340332000979e-01
4.472897307052029481e-01
4.239579050064987698e-01
4.659988545105616664e-01
5.812527688105241230e-01
5.170934103174200658e-01
4.360621420445640051e-01
4.907199159207848993e-01
4.624588825692618199e-01
5.519258477076401936e-01
5.044413118984633071e-01
4.341004865849257266e-01
6.198799412447952850e-01
5.110716732882472080e-01
4.520634271152316197e-01
4.859607349343628702e-01
3.806846424725314759e-01
3.492366754152793629e-01
4.959070156277199937e-01
4.348728964910743011e-01
