-6.271584765224452740e-01
-1.000000000000000000e+00
7.603520205089614459e-01
9.876260344745022568e-01
-2.051666238748168780e-01
-1.000000000000000000e+00
-8.154012182418635124e-02
-1.000000000000000000e+00
-1.000000000000000000e+00
1.000000000000000000e+00
3.674813440160056843e-01
-1.000000000000000000e+00
5.318509725113447217e-01
1.000000000000000000e+00
-7.246763125353933299e-01
-9.203277618841461116e-01
9.974629494428350895e-01
1.000000000000000000e+00
2.937908400521704322e-01
5.255664039360399276e-01
4.686083964406774216e-01
-5.982536585241611249e-01
7.245466389528076867e-01
-1.000000000000000000e+00
1.000000000000000000e+00
1.000000000000000000e+00
4.367709039667215243e-01
1.401462469685191281e-02
1.000000000000000000e+00
2.805109102927525466e-01
-1.000000000000000000e+00
7.417606528729521198e-01
5.046070286489601209e-02
-2.004353464621384528e-01
3.970584559175229233e-01
3.385520601350866521e-02
1.000000000000000000e+00
1.000000000000000000e+00
-1.000000000000000000e+00
-3.250983282266028951e-03
1.000000000000000000e+00
1.000000000000000000e+00
2.631229819168988682e-01
-1.053145846565586852e-02
8.374453307590973283e-01
5.826829708801378738e-01
-5.709567440238654257e-01
-1.586013387015163256e-01
3.695700575926790243e-01
5.183498909600674498e-01
-7.050299540523699005e-01
-3.428507328702838919e-01
6.381215020523297587e-01
-1.000000000000000000e+00
-1.000000000000000000e+00
1.000000000000000000e+00
3.184127746513694124e-01
-7.380157582209248002e-01
1.114355243916956284e-01
1.388211220226074905e-01
1.000000000000000000e+00
1.000000000000000000e+00
-9.621272790623225379e-01
-2.289795948961256267e-01
-9.324654860307158843e-01
1.000000000000000000e+00
-5.279065249845645846e-01
1.000000000000000000e+00
1.305928146216671637e-01
-1.000000000000000000e+00
8.429139914953223123e-01
8.892359686530604268e-02
-3.078375137504696379e-02
1.000000000000000000e+00
1.250136057207036355e-01
-1.890169228102484000e-01
1.000000000000000000e+00
-6.971650694622842925e-01
-8.844550970738769280e-01
1.331239700963098294e-01
-7.935672559145837690e-01
-7.777255849794516562e-01
3.600422871277015879e-01
1.904916983256876861e-01
2.613784586232692497e-01
-8.111115937591266700e-01
6.403652843338343281e-01
-6.868195736744642232e-01
2.952220447118275026e-01
-5.541194370993998142e-01
2.399930040761818484e-01
3.378043751879299395e-01
1.000000000000000000e+00
-3.620093449467098878e-02
-9.622167288862243373e-01
1.000000000000000000e+00
-2.351233129652957610e-02
-9.173450537737271038e-01
-7.470460367557715253e-01
-1.000000000000000000e+00
1.000000000000000000e+00
6.762797159608218145e-01
5.081620782435437578e-01
-5.846709268470743348e-01
3.061995321658461666e-01
-1.000000000000000000e+00
2.822686723382398233e-01
8.125864177851578607e-02
-1.000000000000000000e+00
-2.689364949996209120e-01
1.457700581539653761e-01
8.556102736211111948e-01
-4.342547048002476373e-01
2.965196364605494073e-01
3.659560982583029976e-01
-1.000000000000000000e+00
-1.000000000000000000e+00
1.573420107562703563e-02
-2.664430493400261057e-01
-1.000000000000000000e+00
-1.785382022051202333e-01
1.000000000000000000e+00
-7.214848375150193505e-01
4.096941010724812759e-01
5.559553457954091726e-02
-1.728656839628389674e-01
-2.576942507339335386e-01
-2.478742422952466828e-01
1.531204007943798573e-01
6.361266853979896663e-01
-9.314745141147055818e-02
6.962073732172263663e-01
1.000000000000000000e+00
1.000000000000000000e+00
-1.000000000000000000e+00
5.410384961270642279e-01
-2.675201675611005303e-02
-8.425171775305675403e-01
7.577687117526739069e-01
-1.000000000000000000e+00
3.316306333594178368e-01
-1.000000000000000000e+00
1.000000000000000000e+00
2.297142324190328266e-01
-4.349557679362622831e-01
-1.000000000000000000e+00
4.225028335098645060e-01
3.509510335246052715e-01
-4.715895435107343436e-01
-1.000000000000000000e+00
-9.340002023495215244e-01
1.000000000000000000e+00
-4.748887042242858625e-01
7.696027686851384386e-01
-8.577659481999708735e-01
-4.234286326348166707e-01
6.893086137033642702e-01
-1.000000000000000000e+00
-5.619907222994444673e-01
1.000000000000000000e+00
9.162607983537625067e-01
3.523289327004215377e-01
-3.360679814608420468e-01
8.895824170066172210e-01
-1.000000000000000000e+00
3.185502697821978452e-02
3.317092478040936099e-01
-3.096186088468926290e-01
1.000000000000000000e+00
1.000000000000000000e+00
3.463171501854871437e-01
-2.827795477204715358e-01
-1.000000000000000000e+00
-1.000000000000000000e+00
-5.508165067496058054e-01
-5.430332230569697716e-01
1.765656266121887197e-01
-8.399429850405881748e-01
-9.947635231169009717e-01
-4.376428086337678103e-01
4.688489934816385540e-01
-7.869843042126118959e-01
1.606956457666722238e-02
1.000000000000000000e+00
-1.000000000000000000e+00
1.000000000000000000e+00
7.213034578850336942e-01
-1.000000000000000000e+00
-6.315374419818895468e-01
-8.068533777859800971e-01
-3.548142828335998367e-02
-4.917326170705973443e-01
-2.568405967202919138e-01
4.246980214696183253e-01
5.090096518087632305e-01
-8.983415032386296017e-01
-1.000000000000000000e+00
8.351562573099500231e-01
-1.000000000000000000e+00
1.000000000000000000e+00
9.150535370436503335e-01
-2.905590244923053622e-01
-1.000000000000000000e+00
1.000000000000000000e+00
-7.064618415225449866e-01
8.615711041045521768e-01
5.832403528995133007e-02
-8.780812616399010784e-01
1.000000000000000000e+00
5.961875606497832880e-01
2.031992147460282838e-01
1.000000000000000000e+00
-3.923861442620734108e-01
3.112901641864765367e-02
2.459784030091506923e-01
-1.000000000000000000e+00
-3.252495563142913104e-01
-8.164316839142823357e-01
1.000000000000000000e+00
4.201316101871388486e-01
-5.235972816058562795e-01
-3.715220513733429875e-01
2.392696107167766595e-01
-9.175678778668721058e-01
-3.512805189940025885e-01
1.000000000000000000e+00
-6.144996104701638817e-01
-1.426838081143286530e-01
-1.632680508680790510e-01
5.802205280355070549e-01
3.614891992616166005e-01
-3.238633385156054478e-01
-6.860025381898947616e-01
-5.808172839178064178e-02
-3.925670827689090592e-01
-3.675186398132389565e-01
-2.439386828837571963e-01
5.029397457302016150e-01
4.702015793953155942e-01
1.000000000000000000e+00
-9.587960830126720513e-01
-7.469697690384409228e-01
6.098340574765737099e-01
-7.698212879278883980e-01
-4.749488449077651220e-01
7.788183227215348392e-01
1.000000000000000000e+00
-5.854790159189395826e-01
4.580247639550908967e-01
1.000000000000000000e+00
1.046678421149434546e-01
1.000000000000000000e+00
-5.908309434303715690e-02
-6.289610593456722576e-01
-1.918383689613299969e-01
-5.043320447408549123e-01
-1.000000000000000000e+00
-1.000000000000000000e+00
-6.855773676594171251e-01
-4.176489730361822028e-01
-7.965419764354403354e-01
6.551255608814255949e-01
-1.413957667311458999e-01
1.000000000000000000e+00
-9.332402938481429988e-01
2.934147125653582822e-01
5.436808265701366105e-01
1.956179968332933394e-01
3.283226450030136134e-01
6.768200253651033282e-01
8.495290865981276474e-01
4.849146420154729631e-01
6.369440984397686245e-01
5.489287610959289188e-01
1.442064759272464192e-01
3.027695793746110753e-01
5.367797511824600187e-01
3.029661752648138417e-01
8.826021415352978128e-01
4.285981876111948918e-01
5.662762962456419080e-01
6.903494304716920604e-01
6.130701465628989322e-01
7.448116963876215690e-01
3.720277397311186895e-01
8.765447341721042118e-01
8.803308590669134404e-01
8.630998211561982103e-01
5.960957944306405354e-01
5.567700339727917891e-01
5.200696704412258731e-01
3.691228592312357781e-01
2.448402769978245408e-01
4.657693455285129014e-01
2.566712899177232554e-01
9.248355972269385328e-01
3.290549586739389687e-01
4.294246955304666380e-01
2.315432584744565037e-01
4.522002365917897615e-01
5.353908446169128865e-01
5.113356443925051176e-01
5.742087752990955307e-01
4.564024277254120632e-01
7.980010870409515178e-01
8.429099497220370329e-01
2.877285015909806232e-01
8.445201542528879557e-01
8.297566621145546772e-01
6.560495245034467793e-01
4.635868634324355475e-01
4.044942606148016484e-01
4.395432623845978992e-01
8.529448860054371639e-01
2.786842256076111912e-01
7.053497798804850838e-01
2.338683564463933662e-01
1.998174786224065635e-01
2.768971529493883810e-01
8.223211191491951455e-01
1.761498505694982508e-01
8.468014152841275566e-01
5.349072752794470365e-01
4.820338045028431107e-01
8.051692392758555972e-01
5.279685266035589741e-01
9.120488660896434174e-01
4.879083122826226027e-01
6.367125849519156278e-01
5.913018130897150781e-01
1.000000000000000000e+00
3.360509477144891233e-01
9.246606069754542689e-02
1.000000000000000000e+00
8.768035735227448502e-01
6.665077615941003009e-01
4.889288835382057941e-01
7.535255535555399620e-01
7.866548044126492334e-01
3.950301386723185093e-01
5.028221568638562289e-01
9.490174391705576973e-01
5.538870216628990484e-01
3.796021900940899085e-01
4.567723499831682354e-01
3.750936771978331530e-01
9.096333243059147033e-01
9.481313323273061755e-01
8.802591722207845359e-01
6.528674525681572582e-01
9.750908682369455738e-01
3.267262750965156948e-01
6.629644429996539579e-01
4.397815554573932806e-01
1.000000000000000000e+00
6.494167921181851488e-01
5.082828229938515241e-01
7.206931839753959457e-01
8.998051349087778927e-01
4.227137081222868131e-01
4.386432839519638915e-01
4.769342176947016232e-01
7.022821231572300427e-01
2.575076211241329460e-01
7.160075454152553531e-01
5.748550753649575018e-01
3.823126639578294239e-01
9.888543590478848788e-01
3.119713337138889653e-01
2.358028846504705844e-01
6.331043472836848096e-01
9.782298806231312094e-01
3.567262755859995638e-01
3.977078275758954007e-01
7.592957621261817724e-01
6.324083757517978688e-01
5.229147136825614828e-01
3.168352127555876252e-01
5.109276740311782250e-01
7.116320308414981755e-01
4.690503710433610030e-01
3.877129933580172882e-01
3.727817889901159365e-01
3.249273907011226425e-01
7.261404136273934551e-01
1.304051543905345723e-01
2.988804038797124862e-01
6.552761096230387272e-01
7.833265724044612410e-01
7.242365142168080139e-01
3.737015074277958426e-01
6.123030057147714755e-01
3.578357928213228845e-01
3.358282504984127503e-01
2.972028350239230843e-01
4.725698709730487279e-02
4.038058459460820981e-01
7.991777775204410295e-02
7.270168772910389210e-01
1.000000000000000000e+00
8.732884135503156120e-01
5.698087408360423822e-01
2.863382413007014016e-01
5.026484037048466469e-01
7.032507723473432337e-01
5.419576055676810222e-01
4.884852428301016958e-01
7.900964659061056050e-01
4.929572591642839008e-01
3.246196415623714415e-01
4.635940071875337409e-01
7.178225026392024422e-01
1.000000000000000000e+00
8.359196375238931997e-01
2.395020624311832991e-01
7.802239691729642157e-01
1.000000000000000000e+00
7.905240610704710180e-01
3.616959780170201921e-01
4.804938639312383852e-01
4.390646531545832620e-01
6.071146849267620160e-01
2.822573595919990463e-01
1.703041191172748603e-01
3.379873774755813298e-01
3.227272171883285301e-01
3.960996987555179816e-01
2.963940547868752495e-01
9.925649302815228170e-01
7.465610029980388473e-01
1.370211534040696455e-01
6.595843614742455951e-01
3.839121325169007615e-01
2.512679228462685876e-01
1.000000000000000000e+00
5.351255879492327061e-01
8.112139374621255561e-01
7.505467808708281563e-01
8.606636915960090839e-01
1.433609525517454963e-01
8.902415004646124785e-01
6.038816818085849247e-01
2.611356806360524696e-01
6.223433633294824796e-01
4.262110590730421866e-01
4.399466740231152695e-01
6.171001086264765734e-01
6.749774223437453591e-01
6.391839545362607566e-01
1.000000000000000000e+00
8.125794722644235080e-01
4.679451593236695905e-01
2.693177457464849822e-01
3.527781958109109661e-01
4.523383282057581445e-01
2.397419554940710962e-01
7.829017063387765374e-01
8.848249568435436752e-01
3.064486634695993694e-01
2.623194372273860986e-01
4.408162729859625428e-01
7.203577232972545596e-01
1.000000000000000000e+00
6.524768136847606259e-01
1.000000000000000000e+00
7.063432976235634042e-01
1.793390785012554389e-01
7.896730729194381126e-01
6.705889239697727655e-01
9.397454674562074617e-01
2.973524014550043004e-01
2.120452520120569562e-01
5.209642880031855050e-01
6.720941793313393031e-01
3.235994624245437934e-01
6.110783653866588283e-01
3.962613091237573992e-01
2.572154972499573478e-01
6.355875208320152514e-02
3.291480597391495122e-01
7.215510484578786521e-01
3.881121835775599438e-01
5.180970927417322125e-01
1.000000000000000000e+00
1.000000000000000000e+00
2.986666990877959171e-01
7.449022248618152320e-01
7.241413364108710837e-01
9.229264329424804458e-01
5.436248973924721062e-01
4.675770276544901072e-01
6.006864264897022743e-01
1.439046774163005304e-01
6.057866413511876491e-01
4.874693543422291553e-01
8.874249813215873139e-01
1.613100631754127989e-01
5.918262790073047785e-01
2.267972420928930088e-01
6.615577958503651157e-01
2.638621616036380124e-01
5.440385133720831989e-01
6.282532208614464153e-01
5.860319185655359364e-01
8.428323945448076282e-01
6.265350540072815999e-01
3.302482331421176531e-01
3.670258625882230064e-01
9.605205217246889360e-01
5.305370567523208791e-01
4.864030709150799492e-01
1.000000000000000000e+00
1.790284954332475864e-01
5.403438223319122491e-01
8.745475350727818231e-01
2.311125021479022434e-01
4.312197709911693710e-01
3.371735990037530439e-01
1.874940612651107563e-01
2.358569309381793044e-01
5.756345237804735282e-01
8.132349607984785678e-01
4.750826237383934392e-01
4.275858229037058367e-01
3.859575403798239379e-01
2.480795479915303137e-01
8.383521490835547096e-01
7.635651921181340063e-01
7.705493883145329015e-01
4.203942349474544260e-01
