-8.842773437500000000e-01
5.756195850554191029e-01
-4.809443670251779546e-01
3.560321988860692954e-03
9.528677575324485671e-01
-4.222760053800064250e-01
4.315795898437500000e-01
-1.806640625000000000e-02
1.157226562500000000e-01
-5.684204101562500000e-01
0.000000000000000000e+00
-1.000000000000000000e+00
3.951596006192924504e-01
-5.703501951092726507e-01
-7.043066446774728373e-01
4.983215332031250000e-01
4.613927530683781253e-02
4.315795898437500000e-01
0.000000000000000000e+00
-8.660298775717790720e-01
-4.690246582031250000e-01
4.937242700106078130e-01
-4.333190917968750000e-01
-9.093929402983395027e-01
-8.960918557820108932e-01
-4.220650577481914745e-01
4.180088970031917706e-01
0.000000000000000000e+00
9.365776598195684199e-01
-8.927612730578271538e-01
4.469796877276049907e-02
-4.819946289062500000e-01
-5.795782069862416286e-01
4.333190917968750000e-01
-5.684204101562500000e-01
-9.627277157394785734e-01
-3.976088237552133364e-01
-1.739501953125000000e-03
7.940249355825950150e-01
9.449969403733888829e-01
8.300552266667984291e-01
-9.801940917968750000e-01
5.684204101562500000e-01
-5.686545606110170459e-01
0.000000000000000000e+00
9.311616169905032603e-01
9.765625000000000000e-02
-4.333190917968750000e-01
5.309753417968750000e-01
1.000000000000000000e+00
-6.159446329350809490e-01
9.819335937500000000e-01
-8.807244977119659257e-01
8.143690839571796625e-01
0.000000000000000000e+00
8.636049339356810517e-02
-9.765625000000000000e-02
-5.354587422357760529e-01
8.842773437500000000e-01
-3.711038580782582974e-02
-9.207145421187249434e-01
4.690246582031250000e-01
1.000000000000000000e+00
9.421022624845440951e-01
-4.762231854378682905e-01
-8.716308611252804317e-01
6.193662869198155452e-01
4.333190917968750000e-01
8.575243679414291664e-01
-9.939575195312500000e-02
9.939575195312500000e-02
-6.255663716326729240e-01
-9.585666289313258259e-01
-8.750779038726437253e-01
-4.511264800319737533e-01
9.127903797590071200e-01
3.525400671557593624e-01
0.000000000000000000e+00
-5.733719423132921378e-02
-4.983215332031250000e-01
9.360378767331428707e-01
9.631294614272621901e-01
-4.333190917968750000e-01
9.353005596861541093e-01
8.350791273929558667e-01
9.023437500000000000e-01
-1.873246802883524742e-01
-9.809283094072946962e-01
-4.707641601562500000e-01
8.919108553270362894e-01
-5.684204101562500000e-01
5.868550537115500010e-01
5.666809082031250000e-01
-9.819335937500000000e-01
-3.907237723391888129e-01
4.169399352343498011e-01
1.806640625000000000e-02
-1.000000000000000000e+00
-5.678367443200782461e-01
9.248109996074875827e-01
5.309753417968750000e-01
-4.982364100528356432e-01
8.842773437500000000e-01
2.503677694100945317e-01
0.000000000000000000e+00
-1.000000000000000000e+00
3.774777340953081040e-01
-4.333190917968750000e-01
4.689279659045914039e-02
-5.842133026568812060e-01
8.384539886923731977e-01
8.889201364898489111e-01
-8.810850059885203533e-01
8.048107513320464923e-01
-7.851075633458903802e-01
-5.309753417968750000e-01
-9.254287367763522898e-01
-5.684204101562500000e-01
-3.918213125839664634e-02
-3.503741445246111863e-01
1.868299576454065525e-01
5.684204101562500000e-01
-5.684204101562500000e-01
-5.490417480468750000e-01
-8.486101606735410030e-01
-8.679656861875316709e-01
-5.684204101562500000e-01
-6.731266227015919590e-03
4.113416390906160514e-01
-8.153443161764438729e-01
5.309753417968750000e-01
9.023437500000000000e-01
-5.684204101562500000e-01
-4.333190917968750000e-01
5.016784667968750000e-01
-7.725436359309303391e-01
6.174011230468750000e-01
-4.497977426796507805e-01
-4.333190917968750000e-01
5.560370037356077155e-01
-1.980590820312500000e-02
-9.498663156330940938e-01
8.772666245789206840e-01
9.765625000000000000e-02
-9.819335937500000000e-01
6.417514274105418082e-03
-1.315536832739730988e-01
-1.806640625000000000e-02
-4.315795898437500000e-01
1.174621582031250000e-01
-5.309753417968750000e-01
1.806640625000000000e-02
8.545412421064217945e-01
8.673064801905578936e-01
-4.333190917968750000e-01
5.684204101562500000e-01
-8.810214990271258984e-01
-1.980590820312500000e-02
-4.246519738773722463e-01
0.000000000000000000e+00
6.323735389857628730e-01
4.385943183328750439e-01
8.842773437500000000e-01
5.880025773665809030e-01
-7.887341206677566108e-01
-9.985046222148483697e-01
5.666809082031250000e-01
-8.262380737691860100e-01
-9.801940917968750000e-01
-4.938989317113789412e-01
9.765625000000000000e-02
-4.315795898437500000e-01
1.266738120479310448e-02
5.666809082031250000e-01
-8.951233307910837489e-01
-1.000000000000000000e+00
1.739501953125000000e-03
4.690246582031250000e-01
-1.038679869179465198e-01
-1.281877121899688277e-02
9.765625000000000000e-02
-5.684204101562500000e-01
-6.390341312689092890e-01
-4.315795898437500000e-01
-8.842773437500000000e-01
-8.333573734989752069e-02
-1.264100088366245656e-01
-1.806640625000000000e-02
5.630292759400112867e-02
-1.588686893565682823e-01
4.315795898437500000e-01
-4.315795898437500000e-01
9.048204765701649555e-01
-9.755241589550238679e-01
-1.157226562500000000e-01
6.327793840261686231e-01
-7.902718639745023310e-01
4.315795898437500000e-01
-9.399906626284599831e-01
9.819335937500000000e-01
-1.806640625000000000e-02
1.157226562500000000e-01
0.000000000000000000e+00
4.006652832031250000e-01
4.006652832031250000e-01
5.197448730468750000e-01
3.532085780712203027e-01
5.309753417968750000e-01
6.174011230468750000e-01
-1.840820312500000000e-01
-1.000000000000000000e+00
-7.868495356646061367e-01
0.000000000000000000e+00
4.315795898437500000e-01
8.569069051434040629e-01
4.639520730357289402e-01
5.684204101562500000e-01
5.160045806899303811e-01
1.000000000000000000e+00
4.315795898437500000e-01
-1.000000000000000000e+00
4.924908748565512973e-01
5.993347167968750000e-01
1.000000000000000000e+00
-6.148326156691399369e-01
8.936929009142570157e-01
-4.690246582031250000e-01
-4.333190917968750000e-01
5.993347167968750000e-01
-9.098501935484566427e-01
5.161210853410201915e-01
-7.797723707508730229e-01
4.333190917968750000e-01
1.806640625000000000e-02
4.333190917968750000e-01
-8.842773437500000000e-01
6.174011230468750000e-01
-4.437903512150471186e-01
3.582854888179089481e-01
-5.309753417968750000e-01
-4.707641601562500000e-01
8.786296773647342961e-01
9.591127059940933730e-01
9.939575195312500000e-02
-2.304536755086705746e-02
-1.210212778478869655e-02
-1.806640625000000000e-02
8.167179549216591061e-01
-1.739501953125000000e-03
-1.000000000000000000e+00
-4.333190917968750000e-01
-9.939575195312500000e-02
-8.842773437500000000e-01
-1.157226562500000000e-01
-9.801940917968750000e-01
4.333190917968750000e-01
-1.000000000000000000e+00
-9.148378019920138104e-01
9.725064834364353095e-01
-4.333190917968750000e-01
1.157226562500000000e-01
-5.309753417968750000e-01
-1.739501953125000000e-03
0.000000000000000000e+00
4.622913323365069882e-01
