-9.780575834578084660e-01
-1.599270701013133511e+00
-1.062124651579816614e-01
-3.053867096574274798e-01
-3.838303106052672886e-01
1.055577569709494012e+00
7.274688889807715553e-01
1.789532088942655363e+00
-1.759510788324282482e-01
3.606079041972327093e-01
-3.295482049928427082e-01
-9.217521989401211702e-01
-4.801940076304689886e-01
3.067817453895533841e-01
-1.139712509382805883e-01
-1.251412225107208620e+00
3.025879943363176672e-01
-2.408659166369428728e-01
-3.140748591832728809e-01
3.066158900303755930e-01
4.223512553119026514e-01
5.436672863607109329e-01
8.138478113202801678e-01
-3.792892865408550307e-01
-5.658697500389824331e-01
4.160751235610699039e-01
-7.773116072671510945e-01
-1.264045547282593995e+00
-2.049048478355825487e-01
1.008945115771935130e+00
4.725894132966618894e-02
-2.216219407599377078e+00
-1.834030650130376305e-01
-1.238536488398237934e+00
-1.011563984992530418e+00
-6.951980192609477083e-01
-7.230887142362321107e-01
-7.159362863055038773e-01
-6.982276597425944864e-01
4.088128034930263444e-01
-5.703126059874575882e-01
6.304877926270987532e-01
1.665847448784166240e-01
-3.577852157306139480e-01
-8.409404065912354231e-03
-3.122758869639148671e-03
-9.706811584987452557e-01
-5.132449905566414117e-01
4.849734720321243198e-01
-1.238865878505908791e+00
-1.172819980987071187e+00
-5.190158081022583358e-01
6.608209226503536371e-02
-4.110485378955177072e-01
-8.151290873574928986e-01
3.644048467609781183e-03
3.595456203656723915e-01
9.068583159643845981e-01
1.536631514888683325e-01
-5.047568919595174508e-01
8.053528342226520254e-01
-6.702507655131229036e-01
-8.798858657811298167e-02
4.464422287050174853e-01
5.919841164624037311e-02
-6.121400699495697095e-01
2.257002744305111885e-01
5.801044065278269102e-01
-8.114367177652616059e-01
-2.839780198602809835e-01
-2.164324528374660606e+00
-3.207532417996977747e-01
-9.270226362833505762e-02
-2.840215518219129098e-01
-2.543119464771428917e-01
-7.309013583110200371e-03
6.249026773419755765e-01
1.220084469333658994e+00
-7.774485241568959148e-01
1.037415678535745345e+00
3.319080911734053063e-01
-1.843038834922450242e-01
-1.392004210656653918e+00
5.995081033158018435e-01
6.008717349125156787e-02
2.991241507555469359e-01
-1.209529712533640833e+00
-1.306150041134899853e+00
-1.180691952241048170e+00
1.853516785659618804e-02
-1.214031711646128331e+00
6.641474658927174479e-01
5.367405778198034438e-01
-2.920219530267240127e-01
1.614260100747976767e-01
4.674094591434976298e-01
1.690942876556901231e+00
-2.405677258576350425e-02
-6.967694422012851163e-01
-1.236069040543197106e+00
-2.253732074214036263e-01
-2.355009859890029311e+00
-6.754768088018614502e-02
4.900877088581996333e-01
-7.074858090717357495e-01
3.190381585474280635e-01
4.449987595750317104e-01
5.199044886015398159e-01
-6.857507466174640465e-01
2.791104316700329102e-01
-8.382321498882336908e-01
6.096267676951129255e-01
-3.026292186687515318e-01
-3.089964237406162689e-02
-1.019507378858929503e+00
-6.525089795203774523e-01
1.649359605830684194e-01
3.117970580220210675e-01
8.274183388796727545e-01
-9.501679542267083001e-01
8.919092276005997633e-01
-5.610713055057618970e-01
-1.195666480538301601e-01
8.993219205958982720e-03
4.707956671156552919e-01
6.284083874425224758e-01
2.616030057619920246e-01
-2.816046125675127354e-01
4.490147902880224362e-01
6.864077220352875486e-01
5.925935098215306951e-02
6.074453929110056327e-01
-1.175181865731947384e-01
1.168353785499563147e+00
8.353590081980732940e-01
-3.481817780201048596e-01
6.336961711039409972e-02
8.751667756900903816e-01
1.245791239607074274e+00
-9.218675455590383816e-01
6.471020066922612557e-01
-1.193610420762027252e-01
-7.976691572875543867e-01
-3.381684358946716595e-01
4.170905878208132633e-01
7.791203929336823486e-02
-3.269026223855223678e-01
-1.234136848839208156e+00
-2.854059609303481460e-01
1.208281337233714892e+00
-7.808394141980529168e-01
3.992648576357827883e-01
1.132960093799977530e+00
-8.990112919860953067e-01
1.797105206817123157e+00
-3.374804923304552395e-01
-2.462336518099299820e-01
4.311122534166922371e-01
2.478642871933592895e-01
4.192944709920254365e-02
1.786870231717429647e+00
1.552997129049753233e-01
1.371975403871646071e+00
3.406541253026555971e-01
-4.996841735113309868e-01
4.501486367668496302e-01
-2.627819385425716470e-01
-1.200167694454767897e-01
-5.436594995607380021e-01
6.242097250779954365e-01
4.463407850486356687e-01
-5.529220881953786915e-01
-6.563614206478195212e-02
9.402441285175805463e-01
8.441943577668921117e-01
-2.154621565577543030e-01
4.062125184186228255e-01
8.736021037898615837e-01
-7.159056976906782443e-01
5.860484437032837945e-01
1.804453007538296960e-01
-5.497796678877833187e-01
-5.518516707349384598e-01
-6.039149075338142714e-01
-2.126633460065939230e-01
3.257106087453242038e-01
1.093510794477033254e+00
-5.829299090260220417e-01
-6.454861409209425860e-01
1.315893295047340095e+00
8.967323592023014323e-01
-7.652850488790330363e-01
-1.273034212528660003e+00
1.488391772008300362e-01
8.080945213208549915e-02
-1.018967145923026951e+00
-1.738138418726405399e-01
-3.473290416309264828e-01
8.558494890426925350e-01
-1.560674463282092361e-01
-1.809475346275718488e-01
-4.877020547615549262e-01
-5.077434295695122390e-01
1.111592421410618314e+00
1.147030989536178769e+00
2.015296444296306722e-01
-3.019072294045125893e-01
-7.252485397799787181e-01
-1.722843670394965665e-01
-3.527245885640148959e-01
-1.298981637683526813e+00
4.877988974367991060e-01
8.384169983825337513e-03
3.064776099401432807e-01
1.034927208731348580e+00
-5.700445656378422959e-02
2.018395533435793698e+00
-2.671126859789428321e-01
1.265590468278242398e+00
8.212897416458270206e-01
-1.404335296172881442e+00
-1.587463415436570102e+00
1.591321074228772448e+00
2.303104310783632147e-01
-1.053482727092546201e+00
-2.188805389737552010e-01
-1.282143978309504995e+00
9.669229270822639055e-01
1.212649636356114974e-01
-5.944446872966705486e-01
3.921460890770803176e-01
5.662217654134300560e-01
-3.602350663403185438e-01
9.052240211131958869e-01
6.562780858196901601e-01
1.681533826609054594e-01
-1.146464255312516223e-01
-2.350767374630279294e-01
3.276608474529939530e-01
7.128255131268674827e-01
1.283023971874622360e+00
-9.728199598889426813e-02
-3.717360678003854280e-01
-1.110557730323927378e-01
9.932701425530876538e-01
-1.101361173332217724e+00
-1.572210514433030948e+00
7.035381853813660324e-01
-4.755353206011719291e-01
1.888921353715808937e+00
-3.314542173118660839e-01
-3.113465144733191803e+00
7.052520258308319079e-01
1.155517224305855573e+00
-1.846584646214938230e+00
7.543245617357089428e-01
-6.238347746102820279e-01
1.154568833607496181e+00
-8.505692455349953551e-01
3.807367476341431689e-01
4.473644028751953133e-02
1.866919123537694736e-01
3.943067416223619559e-02
-1.011316565853594973e+00
-5.653428971380556334e-01
