Generation: 0 71.9532 102.8126 6.1258 20.5231
Generation: 1 75.6955 106.1258 17.9761 27.3465
Generation: 2 71.9532 102.8126 31.2408 28.2837
Generation: 3 74.2253 127.8652 39.3473 27.6803
Generation: 4 71.9559 102.8152 47.6255 28.2512
Generation: 5 84.7939 137.3496 60.4390 21.8943
Generation: 6 71.9532 102.8126 58.2012 23.9105
Generation: 7 72.0798 102.9238 62.1151 19.7475
Generation: 8 72.0086 102.8667 63.6815 18.7623
Generation: 9 70.6124 124.4523 63.7664 18.9476
Generation: 10 81.5371 134.5287 67.1291 14.2977
Generation: 11 72.5328 126.1560 70.4309 6.2712
Generation: 12 75.0001 128.3933 68.6872 9.3880
Generation: 13 77.0902 130.5037 68.1164 9.7637
Generation: 14 84.2552 154.0223 69.1288 8.2585
Generation: 15 72.6814 126.3028 69.6963 7.2494
Generation: 16 79.4296 132.4281 67.5672 13.8233
Generation: 17 73.2527 126.8895 66.2274 12.4447
Generation: 18 70.4866 124.3175 68.3058 8.6226
Generation: 19 76.8671 130.2826 68.4732 10.3249
Generation: 20 75.4868 128.8962 67.8896 11.9243
Generation: 21 74.5389 128.1783 65.0275 13.0205
Generation: 22 83.0208 135.7924 68.0370 12.0807
Generation: 23 75.4797 128.8937 68.1444 9.3671
Generation: 24 75.3360 128.7571 61.8252 16.5190
Generation: 25 74.5684 128.2083 67.6558 10.4466
Generation: 26 82.7212 135.4945 65.4662 14.6888
Generation: 27 80.9508 133.9409 64.9803 17.0144
Generation: 28 76.9227 130.3448 61.8406 17.1587
Generation: 29 83.7021 136.4775 63.8018 15.6747
Generation: 30 82.0213 135.0076 60.9714 18.6110
Generation: 31 83.9057 136.4629 66.5378 12.3001
Generation: 32 81.5168 134.5059 64.1149 17.8569
Generation: 33 83.3633 136.1365 66.5778 12.3878
Generation: 34 83.5726 136.3454 66.4654 13.6165
Generation: 35 81.7959 134.7778 66.3336 14.4552
Generation: 36 81.3741 134.3577 68.8164 11.0088
Generation: 37 83.1721 135.9412 63.4911 15.7360
Generation: 38 81.6968 134.6859 64.9558 14.4393
Generation: 39 81.6482 134.6370 62.8552 18.7654
Generation: 40 82.8050 135.5787 65.6292 13.6046
Generation: 41 82.8278 135.6004 61.4411 13.7565
Generation: 42 82.0484 135.0348 68.1742 10.0264
Generation: 43 81.5221 134.5131 67.1576 10.6291
Generation: 44 81.5411 134.5298 66.2452 11.3206
Generation: 45 83.2408 136.0162 67.3558 11.4593
Generation: 46 83.7296 136.4983 65.5880 12.2041
Generation: 47 83.0075 135.7804 65.9978 11.4045
Generation: 48 83.5055 136.2760 66.7071 11.1776
Generation: 49 81.4813 134.4709 68.0913 10.1312
Generation: 50 81.9053 134.8925 66.6739 14.0867
Generation: 51 81.9417 134.9286 69.6820 9.0267
Generation: 52 81.7371 134.7254 70.8604 7.9051
Generation: 53 85.1982 154.7507 69.1804 10.5316
Generation: 54 83.3123 136.0841 68.7667 10.3366
Generation: 55 81.5036 134.4931 69.4283 9.5509
Generation: 56 81.7185 134.7002 68.1822 12.1444
Generation: 57 84.2488 137.0192 69.3183 11.9455
Generation: 58 85.3898 137.9471 69.2400 10.5974
Generation: 59 83.5755 136.3482 67.7216 12.5307
Generation: 60 81.5427 134.5320 68.8215 9.8024
Generation: 61 83.4135 136.1838 69.6490 11.2309
Generation: 62 85.0966 137.6538 70.3141 8.8591
Generation: 63 78.7836 153.7698 71.6834 7.2268
Generation: 64 83.6588 136.4306 70.9260 8.0225
Generation: 65 85.2316 137.7888 69.8374 9.9426
Generation: 66 87.8192 180.1603 69.7305 10.0828
Generation: 67 83.3177 136.0890 70.3729 9.7125
Generation: 68 85.1753 137.7324 69.4884 10.2283
Generation: 69 87.6965 180.0377 70.7433 10.0215
Generation: 70 85.7064 138.2542 69.3512 12.9947
Generation: 71 85.3812 137.9377 70.4808 11.7324
Generation: 72 85.1921 137.7493 72.3076 6.2867
Generation: 73 83.4319 136.2048 70.6923 9.7201
Generation: 74 88.0751 180.4162 72.1458 10.2639
Generation: 75 83.7552 136.5266 70.6609 14.6938
Generation: 76 85.3692 137.9265 71.9807 6.9192
Generation: 77 87.8651 180.2062 73.3011 6.7992
Generation: 78 83.3836 136.1565 72.0168 7.3894
Generation: 79 87.6710 180.0122 70.9344 11.0934
Generation: 80 83.3505 136.1232 70.0573 11.6488
Generation: 81 87.4442 179.7854 70.5700 11.5016
Generation: 82 87.7601 180.1012 71.7559 10.8486
Generation: 83 85.5593 138.1159 71.5440 9.8916
Generation: 84 85.5794 138.1365 72.3034 7.1950
Generation: 85 88.1834 180.5236 72.8054 7.4303
Generation: 86 85.9566 138.5128 69.7860 14.0668
Generation: 87 88.1585 180.4997 72.1320 10.9203
Generation: 88 88.2466 180.5878 72.1101 13.1669
Generation: 89 88.1142 180.4547 73.4061 10.0675
Generation: 90 85.7326 138.2888 75.1972 5.3366
Generation: 91 87.8435 180.1847 73.8465 6.4496
Generation: 92 87.7537 180.1020 73.3211 7.7550
Generation: 93 88.3334 180.6736 73.5238 8.8279
Generation: 94 85.3767 154.9410 73.5269 7.3759
Generation: 95 88.2123 180.5526 74.2803 7.8344
Generation: 96 87.9083 180.2494 74.9897 7.6622
Generation: 97 85.5068 155.0687 74.5726 5.4331
Generation: 98 88.0634 180.4036 75.2026 8.3059
Generation: 99 87.4033 179.7445 75.5009 6.3605
Generation: 100 88.1276 180.4687 75.6967 5.3563
Generation: 101 88.0484 180.3886 75.3545 6.7219
Generation: 102 87.9935 180.3347 74.3981 9.4914
Generation: 103 88.2452 180.5906 75.8317 5.4723
Generation: 104 87.7301 180.0712 76.9125 5.4243
Generation: 105 88.3484 180.6886 75.7654 5.2812
Generation: 106 88.1234 180.4636 77.1128 5.1304
Generation: 107 87.8651 180.2062 76.2455 5.4451
Generation: 108 88.0521 180.3930 76.5793 7.0541
Generation: 109 88.1534 180.4936 75.7204 7.9089
Generation: 110 88.0484 180.3886 75.6738 5.3486
Generation: 111 88.1984 180.5386 77.2675 5.5247
Generation: 112 88.4534 180.7936 76.1961 7.0534
Generation: 113 87.4770 179.8181 75.5353 5.4605
Generation: 114 87.4774 179.8186 76.6673 5.2081
Generation: 115 83.2660 153.0450 76.7879 5.4774
Generation: 116 87.9631 180.3040 76.8154 5.6176
Generation: 117 88.1684 180.5086 76.3477 6.3369
Generation: 118 88.3484 180.6886 76.5946 5.7891
Generation: 119 87.3983 179.7395 76.4981 5.5453
Generation: 120 87.9021 180.2430 75.7255 5.7797
Generation: 121 88.1834 180.5236 76.8388 5.8064
Generation: 122 85.7326 138.2888 76.8652 5.4704
Generation: 123 87.8535 180.1940 77.5341 6.0881
Generation: 124 88.1984 180.5386 75.2620 14.1315
Generation: 125 88.1084 180.4486 76.2283 10.3463
Generation: 126 88.0484 180.3886 76.2135 9.7665
Generation: 127 88.1223 180.4626 76.8979 6.4625
Generation: 128 88.3323 180.6726 77.7484 6.2785
Generation: 129 85.4527 138.0099 76.4718 8.6001
Generation: 130 88.1373 180.4776 76.0449 12.7133
Generation: 131 88.2134 180.5536 76.2902 10.2888
Generation: 132 87.8984 180.2386 76.9185 6.5374
Generation: 133 88.0484 180.3886 77.2917 6.1523
Generation: 134 88.1823 180.5226 76.3238 9.6771
Generation: 135 88.2284 180.5686 74.8014 14.9348
Generation: 136 88.3923 180.7326 75.1404 15.0546
Generation: 137 87.8834 180.2236 77.2949 8.7062
Generation: 138 88.1673 180.5076 76.9698 7.9055
Generation: 139 88.2884 180.6286 76.7668 6.9974
Generation: 140 88.4684 180.8086 74.1794 14.4764
Generation: 141 88.1823 180.5226 76.8685 7.9516
Generation: 142 88.0634 180.4036 76.5328 6.6605
Generation: 143 88.3184 180.6586 76.3205 7.5727
Generation: 144 88.1673 180.5076 78.5751 5.9485
Generation: 145 88.3023 180.6426 76.4823 7.4337
Generation: 146 88.3334 180.6736 77.1038 6.4292
Generation: 147 88.3923 180.7326 77.2376 6.5990
Generation: 148 88.1823 180.5226 76.0453 7.3228
Generation: 149 88.1984 180.5386 77.8693 8.8615
Generation: 150 88.2134 180.5536 77.0504 6.2214
Generation: 151 88.0934 180.4336 76.7575 8.3185
Generation: 152 88.0784 180.4186 77.8340 6.3843
Generation: 153 88.1534 180.4936 78.3813 5.2418
Generation: 154 88.0725 180.4127 76.5799 6.5740
Generation: 155 88.0784 180.4186 77.4422 6.2009
Generation: 156 88.2284 180.5686 77.9212 8.9787
Generation: 157 88.1534 180.4936 77.2499 5.9660
Generation: 158 88.1223 180.4626 78.4154 5.7660
Generation: 159 88.1947 180.5344 76.8567 6.3267
Generation: 160 88.1523 180.4926 76.2796 11.6949
Generation: 161 87.7685 180.1097 78.8773 4.7133
Generation: 162 88.2134 180.5536 77.9218 5.5631
Generation: 163 88.1325 180.4727 78.7543 5.6374
Generation: 164 88.1984 180.5386 77.8212 5.8972
Generation: 165 88.3623 180.7026 77.9499 6.4296
Generation: 166 88.2423 180.5826 78.8543 5.7227
Generation: 167 88.2723 180.6126 78.9195 5.6872
Generation: 168 88.3173 180.6576 79.0660 5.4490
Generation: 169 88.2573 180.5976 78.0695 5.5953
Generation: 170 88.1384 180.4786 78.2866 5.3280
Generation: 171 88.2573 180.5976 78.3047 5.5319
Generation: 172 88.4073 180.7476 78.1052 5.9724
Generation: 173 88.3484 180.6886 78.6582 6.0629
Generation: 174 88.3784 180.7186 79.2740 4.7157
Generation: 175 88.2907 180.6319 78.2790 4.9858
Generation: 176 88.1234 180.4636 78.4266 5.6600
Generation: 177 88.2466 180.5878 78.1206 5.8667
Generation: 178 88.4073 180.7476 78.4481 5.7005
Generation: 179 88.2723 180.6126 78.0415 5.6322
Generation: 180 88.1925 180.5327 77.7579 5.7655
Generation: 181 88.1523 180.4926 77.8421 5.4597
Generation: 182 88.3623 180.7026 77.7527 6.0293
Generation: 183 88.4234 180.7636 78.8157 5.3959
Generation: 184 88.3323 180.6726 78.4778 5.6697
Generation: 185 88.3173 180.6576 77.9327 5.6948
Generation: 186 88.1475 180.4877 77.6575 5.4325
Generation: 187 88.3473 180.6876 77.7317 4.9899
Generation: 188 88.3207 180.6619 78.2461 6.0871
Generation: 189 85.9566 138.5128 77.2417 5.2392
Generation: 190 88.2273 180.5676 77.8385 5.7787
Generation: 191 88.2757 180.6169 76.8054 6.0351
Generation: 192 88.2907 180.6319 77.8154 5.7696
Generation: 193 88.3323 180.6726 77.9393 6.4315
Generation: 194 88.3323 180.6726 78.0599 5.7651
Generation: 195 88.2423 180.5826 77.6855 5.7367
Generation: 196 88.2525 180.5927 78.8015 5.5200
Generation: 197 88.2434 180.5836 77.6673 5.8332
Generation: 198 88.3057 180.6469 78.4660 5.6103
Generation: 199 88.2723 180.6126 77.9957 5.7189
Generation: 200 88.1973 180.5376 78.9981 5.6717
Generation: 201 87.9734 180.3136 78.8687 4.5905
Generation: 202 88.1073 180.4476 78.6383 5.3484
Generation: 203 88.1534 180.4936 78.3239 6.0522
Generation: 204 88.2307 180.5719 79.6611 5.0105
Generation: 205 88.2607 180.6019 79.2592 4.9685
Generation: 206 88.4373 180.7776 79.2678 4.7456
Generation: 207 88.1107 180.4519 78.8094 5.5637
Generation: 208 88.2573 180.5976 78.4695 6.1950
Generation: 209 88.3323 180.6726 79.5051 5.0042
Generation: 210 88.2573 180.5976 78.7149 5.0031
Generation: 211 88.1823 180.5226 78.8283 5.0474
Generation: 212 88.3807 180.7219 79.2582 5.0983
Generation: 213 88.2873 180.6276 79.5841 5.0062
Generation: 214 88.2573 180.5976 80.0823 4.7670
Generation: 215 88.2873 180.6276 79.1801 5.4870
Generation: 216 88.3507 180.6919 78.9572 5.0540
Generation: 217 88.3173 180.6576 79.7019 5.6767
Generation: 218 88.3323 180.6726 78.8541 5.2280
Generation: 219 88.3657 180.7069 79.1974 5.0965
Generation: 220 88.2666 180.6068 79.3823 5.5173
Generation: 221 88.2907 180.6319 78.4448 5.5293
Generation: 222 88.3207 180.6619 79.7946 5.2282
Generation: 223 88.2457 180.5869 80.0595 4.4885
Generation: 224 88.2907 180.6319 79.7281 5.5538
Generation: 225 88.1025 180.4427 77.9340 5.2700
Generation: 226 88.2225 180.5627 79.3616 5.1282
Generation: 227 88.3473 180.6876 78.6508 5.7284
Generation: 228 88.3666 180.7078 79.9975 5.2313
Generation: 229 88.3173 180.6576 78.7048 5.3395
Generation: 230 88.3173 180.6576 78.1294 5.7245
Generation: 231 88.3323 180.6726 79.0869 5.1631
Generation: 232 88.2307 180.5719 78.4991 5.4546
Generation: 233 88.3507 180.6919 79.8008 5.1618
Generation: 234 88.3023 180.6426 78.3264 5.6417
Generation: 235 88.3357 180.6769 79.1243 5.1045
Generation: 236 88.3023 180.6426 78.6486 5.5646
Generation: 237 88.3923 180.7326 79.5904 5.1337
Generation: 238 88.3057 180.6469 79.6096 5.3096
Generation: 239 88.3473 180.6876 79.0248 5.2257
Generation: 240 88.3623 180.7026 78.8957 5.4859
Generation: 241 88.3173 180.6576 78.1074 5.2230
Generation: 242 88.4073 180.7476 79.5975 5.4465
Generation: 243 88.3623 180.7026 79.4959 4.7143
Generation: 244 88.3173 180.6576 79.8530 4.4660
Generation: 245 88.3807 180.7219 79.7256 5.1832
Generation: 246 88.2375 180.5777 79.1145 5.3373
Generation: 247 88.3023 180.6426 79.2142 4.9157
Generation: 248 88.2607 180.6019 80.4426 4.3362
Generation: 249 88.3057 180.6469 78.9575 5.4765
Generation: 250 88.3357 180.6769 80.4159 4.7262
Generation: 251 88.3807 180.7219 78.9960 5.5864
Generation: 252 88.2423 180.5826 79.3891 5.0149
Generation: 253 88.2907 180.6319 78.6839 5.9678
Generation: 254 88.4073 180.7476 79.7123 5.3545
Generation: 255 88.2873 180.6276 80.7715 4.2282
Generation: 256 88.2873 180.6276 79.8874 5.1746
Generation: 257 88.3173 180.6576 80.4013 4.7727
Generation: 258 88.4073 180.7476 79.2156 6.1322
Generation: 259 88.3323 180.6726 79.8850 5.2149
Generation: 260 88.3357 180.6769 79.0274 5.3071
Generation: 261 88.2907 180.6319 79.1309 5.3813
Generation: 262 88.3216 180.6628 78.7987 4.8290
Generation: 263 88.2273 180.5676 79.5877 4.8365
Generation: 264 88.3057 180.6469 79.9356 5.4169
Generation: 265 88.2423 180.5826 79.7121 4.9954
Generation: 266 88.2423 180.5826 79.8809 4.9439
Generation: 267 88.3357 180.6769 79.2210 5.0193
Generation: 268 88.2723 180.6126 78.4688 5.5548
Generation: 269 88.3623 180.7026 79.0258 5.4699
Generation: 270 88.3207 180.6619 80.0827 4.6620
Generation: 271 88.3507 180.6919 78.9976 5.7250
Generation: 272 88.1084 180.4486 78.8993 5.4080
Generation: 273 88.4407 180.7819 79.9576 4.9782
Generation: 274 88.4673 180.8076 79.8845 5.1220
Generation: 275 88.3923 180.7326 79.2316 5.9820
Generation: 276 88.4523 180.7926 78.3633 5.4535
Generation: 277 88.4823 180.8226 80.3164 4.7660
Generation: 278 88.1973 180.5376 79.3058 5.4436
Generation: 279 88.2873 180.6276 80.2113 4.8853
Generation: 280 88.3066 180.6478 79.6598 5.5191
Generation: 281 88.4823 180.8226 80.3012 5.1374
Generation: 282 88.3057 180.6469 78.9573 5.6504
Generation: 283 88.3807 180.7219 79.6946 5.5290
Generation: 284 88.3773 180.7176 78.7190 5.7076
Generation: 285 88.3173 180.6576 79.8257 4.9803
Generation: 286 88.3507 180.6919 78.7778 5.3279
Generation: 287 88.5157 180.8569 79.3636 5.4440
Generation: 288 88.3807 180.7219 79.5925 5.4345
Generation: 289 88.4073 180.7476 78.1795 5.1480
Generation: 290 88.2607 180.6019 78.5189 5.2218
Generation: 291 88.3173 180.6576 78.9973 4.7748
Generation: 292 88.3057 180.6469 78.1764 5.6425
Generation: 293 88.2873 180.6276 78.2572 5.4382
Generation: 294 88.3507 180.6919 78.2378 5.9645
Generation: 295 88.3357 180.6769 78.9529 5.3168
Generation: 296 88.3057 180.6469 78.4520 5.8448
Generation: 297 88.3207 180.6619 78.8054 5.8531
Generation: 298 88.3173 180.6576 79.0566 5.0581
Generation: 299 88.3207 180.6619 78.9854 5.3308
Generation: 300 88.3507 180.6919 79.6194 5.1136
Generation: 301 88.2907 180.6319 78.3111 5.6480
Generation: 302 88.3507 180.6919 79.1397 5.4881
Generation: 303 85.3917 154.9560 79.4546 5.1367
Generation: 304 88.4373 180.7776 79.2919 5.2335
Generation: 305 88.3023 180.6426 79.7287 5.2891
Generation: 306 88.1973 180.5376 78.7378 5.1399
Generation: 307 88.2907 180.6319 79.5381 5.3279
Generation: 308 88.2134 180.5536 79.0076 5.4834
Generation: 309 88.3473 180.6876 78.8167 6.3335
Generation: 310 88.3923 180.7326 78.4878 6.1036
Generation: 311 88.3125 180.6527 79.2053 5.2301
Generation: 312 88.3207 180.6619 79.7189 5.2951
Generation: 313 88.3473 180.6876 79.0545 5.8211
Generation: 314 88.3484 180.6886 79.2109 5.7869
Generation: 315 88.3125 180.6527 78.9171 5.6145
Generation: 316 88.3784 180.7186 79.9570 5.4766
Generation: 317 88.3634 180.7036 79.3804 5.8073
Generation: 318 88.3773 180.7176 79.0623 5.9637
Generation: 319 88.3634 180.7036 79.1025 5.6649
Generation: 320 88.3023 180.6426 79.6721 5.1707
Generation: 321 88.2873 180.6276 78.2260 5.8257
Generation: 322 88.3173 180.6576 79.5555 5.6533
Generation: 323 88.3023 180.6426 78.9953 5.7562
Generation: 324 88.3484 180.6886 79.7126 4.9226
Generation: 325 88.2434 180.5836 79.4437 5.6864
Generation: 326 88.3484 180.6886 78.9279 5.6252
Generation: 327 88.2134 180.5536 79.3226 4.9040
Generation: 328 88.3634 180.7036 78.6407 5.8863
Generation: 329 88.3173 180.6576 78.8522 5.8184
Generation: 330 88.3366 180.6778 77.8834 6.0406
Generation: 331 88.2884 180.6286 77.7142 6.0981
Generation: 332 88.3173 180.6576 79.6724 5.0571
Generation: 333 83.1169 152.8966 77.2836 5.2575
Generation: 334 88.3023 180.6426 80.2585 4.8438
Generation: 335 88.3023 180.6426 78.4384 5.7288
Generation: 336 88.3023 180.6426 78.6314 6.3457
Generation: 337 88.3173 180.6576 79.1877 5.3144
Generation: 338 88.3023 180.6426 80.3328 4.8242
Generation: 339 88.3173 180.6576 80.1178 5.8414
Generation: 340 88.2907 180.6319 77.6383 6.0386
Generation: 341 88.3473 180.6876 79.0824 5.5519
Generation: 342 88.2873 180.6276 79.1242 5.5714
Generation: 343 88.3023 180.6426 80.0626 5.6327
Generation: 344 88.2616 180.6028 79.1703 5.4716
Generation: 345 88.3023 180.6426 79.8020 5.8893
Generation: 346 88.2907 180.6319 78.6622 5.8945
Generation: 347 89.2929 181.6371 79.6298 5.3945
Generation: 348 88.3023 180.6426 79.7625 5.7556
Generation: 349 88.3057 180.6469 79.3206 5.4154
Generation: 350 88.3207 180.6619 79.8178 5.5025
Generation: 351 88.2757 180.6169 79.4369 5.6438
Generation: 352 88.3023 180.6426 79.5262 6.2016
Generation: 353 88.3634 180.7036 78.3968 5.7906
Generation: 354 88.3023 180.6426 79.4005 5.8002
Generation: 355 88.3057 180.6469 79.7980 5.0722
Generation: 356 88.2873 180.6276 78.2281 6.0567
Generation: 357 88.3623 180.7026 78.6088 5.7594
Generation: 358 88.2757 180.6169 79.1577 5.6342
Generation: 359 88.3023 180.6426 79.9065 5.5405
Generation: 360 88.2757 180.6169 78.7263 6.3852
Generation: 361 88.3173 180.6576 79.9914 6.4731
Generation: 362 88.3023 180.6426 79.1826 6.1971
Generation: 363 88.3023 180.6426 79.0388 5.8556
Generation: 364 88.3323 180.6726 79.7459 5.7501
Generation: 365 88.2734 180.6136 79.7079 5.2345
Generation: 366 88.3634 180.7036 78.7724 6.2963
Generation: 367 88.3023 180.6426 78.6252 6.1192
Generation: 368 88.2907 180.6319 78.5302 5.9453
Generation: 369 88.3323 180.6726 79.4394 5.7429
Generation: 370 88.3207 180.6619 79.5931 5.3885
Generation: 371 88.4257 180.7669 79.2711 5.3550
Generation: 372 88.3357 180.6769 79.8010 5.7171
Generation: 373 88.3173 180.6576 78.7205 5.9515
Generation: 374 88.2873 180.6276 78.8464 5.5051
Generation: 375 88.3023 180.6426 80.4370 4.8467
Generation: 376 88.3057 180.6469 78.9388 5.8149
Generation: 377 88.3207 180.6619 80.0964 5.3907
Generation: 378 88.3023 180.6426 79.0190 5.4585
Generation: 379 88.3623 180.7026 79.5984 5.9585
Generation: 380 88.7870 181.1340 79.3125 5.7165
Generation: 381 88.3323 180.6726 79.0768 6.1361
Generation: 382 88.3623 180.7026 79.2675 5.8078
Generation: 383 88.3923 180.7326 79.3090 6.0124
Generation: 384 88.3807 180.7219 78.8955 5.6936
Generation: 385 88.4823 180.8226 79.4407 5.6172
Generation: 386 88.3473 180.6876 79.9024 5.3651
Generation: 387 88.3657 180.7069 78.7936 6.1786
Generation: 388 88.3173 180.6576 79.5498 5.3798
Generation: 389 88.2907 180.6319 80.1830 5.7105
Generation: 390 88.3623 180.7026 79.2668 5.4697
Generation: 391 88.3357 180.6769 80.5678 5.1945
Generation: 392 88.3473 180.6876 79.3106 5.4634
Generation: 393 88.2734 180.6136 79.0549 5.7829
Generation: 394 88.4523 180.7926 78.4591 6.3329
Generation: 395 88.4073 180.7476 80.9110 5.2029
Generation: 396 88.3623 180.7026 79.3621 5.3583
Generation: 397 88.4373 180.7776 79.1775 5.5508
Generation: 398 88.4073 180.7476 80.1551 5.1614
Generation: 399 88.3473 180.6876 78.8798 5.7834
Generation: 400 88.3057 180.6469 79.6183 5.3417
Generation: 401 88.4523 180.7926 79.5319 5.9774
Generation: 402 88.3173 180.6576 78.4648 6.0856
Generation: 403 88.4073 180.7476 78.9963 6.1692
Generation: 404 88.4234 180.7636 78.7475 5.9425
Generation: 405 88.4523 180.7926 78.5602 5.7662
Generation: 406 88.4823 180.8226 79.4906 5.7917
Generation: 407 88.4523 180.7926 78.8867 5.9349
Generation: 408 88.4984 180.8386 78.0774 6.0558
Generation: 409 88.4373 180.7776 79.5022 5.3468
Generation: 410 88.4373 180.7776 79.0252 5.7008
Generation: 411 88.2083 180.5486 79.7580 5.5085
Generation: 412 88.4234 180.7636 78.8570 5.9806
Generation: 413 88.4223 180.7626 79.8588 5.3188
Generation: 414 88.4834 180.8236 79.6649 5.4159
Generation: 415 88.3634 180.7036 79.1989 5.7989
Generation: 416 88.4223 180.7626 79.6453 5.6181
Generation: 417 88.4823 180.8226 79.6167 6.0377
Generation: 418 88.3023 180.6426 79.2548 5.4144
Generation: 419 88.4534 180.7936 80.2417 5.4083
Generation: 420 88.4084 180.7486 78.1768 5.8985
Generation: 421 88.4084 180.7486 79.1800 6.0847
Generation: 422 88.5134 180.8536 78.8417 5.5266
Generation: 423 88.3484 180.6886 79.0901 5.2366
Generation: 424 88.3666 180.7078 79.0066 6.0233
Generation: 425 88.2975 180.6377 79.5270 5.4743
Generation: 426 88.3923 180.7326 78.7099 5.4092
Generation: 427 88.3923 180.7326 78.8733 5.7550
Generation: 428 88.3623 180.7026 79.2530 5.9090
Generation: 429 88.3816 180.7228 79.4289 5.6052
Generation: 430 88.4223 180.7626 79.2713 5.8460
Generation: 431 88.3623 180.7026 78.5953 6.4052
Generation: 432 88.2375 180.5777 79.9251 5.7579
Generation: 433 88.3623 180.7026 78.1355 6.1508
Generation: 434 88.3666 180.7078 79.8065 5.2884
Generation: 435 88.2675 180.6077 77.9602 5.9528
Generation: 436 88.4107 180.7519 79.1481 5.9339
Generation: 437 88.4084 180.7486 80.0595 6.0645
Generation: 438 88.3323 180.6726 78.0145 6.0019
Generation: 439 88.3125 180.6527 78.7330 6.3416
Generation: 440 88.4673 180.8076 78.9563 6.1731
Generation: 441 88.3623 180.7026 80.1384 5.6837
Generation: 442 88.3773 180.7176 79.9136 5.9207
Generation: 443 88.3923 180.7326 79.4011 5.8077
Generation: 444 88.3173 180.6576 79.6029 5.2705
Generation: 445 88.3657 180.7069 80.2051 5.3024
Generation: 446 88.3207 180.6619 78.7600 6.3970
Generation: 447 88.3623 180.7026 78.4496 6.3039
Generation: 448 88.3473 180.6876 79.3574 6.0189
Generation: 449 88.3207 180.6619 79.6328 5.2815
Generation: 450 88.3334 180.6736 80.7489 5.2734
Generation: 451 88.2723 180.6126 79.4322 5.5634
Generation: 452 88.3323 180.6726 80.1800 5.5622
Generation: 453 88.3623 180.7026 78.2790 6.0932
Generation: 454 88.3657 180.7069 79.8971 6.1053
Generation: 455 88.3773 180.7176 79.0836 5.5884
Generation: 456 88.3023 180.6426 79.7337 5.7796
Generation: 457 88.3957 180.7369 79.3179 6.3607
Generation: 458 88.3125 180.6527 79.6131 6.1550
Generation: 459 88.4547 180.7959 78.6726 6.1573
Generation: 460 88.3173 180.6576 78.7406 6.1334
Generation: 461 88.3173 180.6576 80.7749 5.1515
Generation: 462 88.3275 180.6677 79.3969 5.8241
Generation: 463 88.3957 180.7369 81.1169 5.7694
Generation: 464 88.3725 180.7127 79.3073 6.5119
Generation: 465 88.3623 180.7026 78.9887 6.2156
Generation: 466 88.3323 180.6726 79.0920 6.2384
Generation: 467 88.3323 180.6726 79.5276 6.2276
Generation: 468 88.3725 180.7127 80.2002 6.0497
Generation: 469 88.3623 180.7026 79.0029 6.8923
Generation: 470 88.4984 180.8386 79.8297 5.6736
Generation: 471 88.3623 180.7026 80.2914 5.4927
Generation: 472 88.3023 180.6426 79.8220 5.6579
Generation: 473 88.3725 180.7127 79.0168 6.3374
Generation: 474 88.4973 180.8376 79.4161 6.1927
Generation: 475 88.3934 180.7336 78.4197 6.1972
Generation: 476 88.3623 180.7026 80.2087 5.8879
Generation: 477 88.3773 180.7176 79.3765 6.4284
Generation: 478 88.3623 180.7026 78.2493 6.9321
Generation: 479 88.3173 180.6576 79.7251 6.2810
Generation: 480 88.3173 180.6576 79.4389 6.4936
Generation: 481 88.3634 180.7036 79.4281 6.3727
Generation: 482 88.3784 180.7186 80.0802 6.1752
Generation: 483 88.5908 180.9263 79.3527 6.6223
Generation: 484 88.3666 180.7078 79.0290 6.6090
Generation: 485 88.4834 180.8236 78.8306 6.5625
Generation: 486 88.3484 180.6886 78.3806 6.3863
Generation: 487 88.5434 180.8836 79.8202 5.6049
Generation: 488 88.3173 180.6576 79.4053 5.7834
Generation: 489 88.1925 180.5327 77.9590 6.1288
Generation: 490 88.3334 180.6736 78.8138 5.7498
Generation: 491 88.3623 180.7026 78.9911 6.0626
Generation: 492 88.3784 180.7186 79.8251 5.3682
Generation: 493 88.3323 180.6726 79.6965 5.7483
Generation: 494 88.3484 180.6886 79.6205 6.3707
Generation: 495 88.4973 180.8376 79.1674 6.4518
Generation: 496 88.3725 180.7127 79.9140 6.7948
Generation: 497 88.4823 180.8226 78.9672 6.4166
Generation: 498 88.4973 180.8376 78.0963 6.6574
Generation: 499 88.3634 180.7036 79.3169 5.7780
Generation: 500 88.3023 180.6426 79.3144 5.6222
Generation: 501 88.3323 180.6726 80.3965 5.4859
Generation: 502 88.3507 180.6919 80.3702 5.5032
Generation: 503 88.3923 180.7326 78.7716 6.2371
Generation: 504 88.3623 180.7026 79.1287 5.5972
Generation: 505 88.3623 180.7026 79.5948 6.5480
Generation: 506 88.3323 180.6726 80.4087 5.9733
Generation: 507 88.3623 180.7026 79.3934 6.1991
Generation: 508 88.3323 180.6726 78.6245 6.6705
Generation: 509 88.4857 180.8269 79.8156 6.1684
Generation: 510 88.3623 180.7026 79.4693 5.7784
Generation: 511 88.4973 180.8376 79.1864 6.2180
Generation: 512 88.5123 180.8526 79.4557 6.3874
Generation: 513 88.4973 180.8376 79.2434 6.2140
Generation: 514 88.4973 180.8376 79.2087 6.6468
Generation: 515 88.4673 180.8076 79.2342 6.3548
Generation: 516 88.3784 180.7186 77.8524 6.2586
Generation: 517 88.4973 180.8376 79.6005 5.5977
Generation: 518 88.3773 180.7176 80.4943 5.1760
Generation: 519 88.4373 180.7776 79.6922 6.0446
Generation: 520 88.4973 180.8376 79.1971 6.7526
Generation: 521 88.3634 180.7036 79.5522 6.1364
Generation: 522 88.3634 180.7036 78.6554 6.3618
Generation: 523 88.5273 180.8676 80.4464 5.9538
Generation: 524 88.3934 180.7336 79.0267 6.2693
Generation: 525 88.4234 180.7636 80.0312 6.2904
Generation: 526 88.3623 180.7026 79.6309 6.2996
Generation: 527 88.3484 180.6886 79.4688 6.5061
Generation: 528 88.5284 180.8686 79.9768 6.6390
Generation: 529 88.5123 180.8526 80.4799 6.1018
Generation: 530 88.5134 180.8536 80.0496 6.2411
Generation: 531 88.4834 180.8236 78.5164 7.3444
Generation: 532 88.4973 180.8376 79.1831 6.8257
Generation: 533 88.5123 180.8526 79.7795 6.4994
Generation: 534 88.5434 180.8836 78.8729 6.6484
Generation: 535 88.3323 180.6726 78.0220 6.1324
Generation: 536 88.5423 180.8826 78.4959 6.3883
Generation: 537 88.4073 180.7476 79.3783 6.1638
Generation: 538 88.5434 180.8836 80.6088 5.7061
Generation: 539 88.3784 180.7186 78.6121 6.5363
Generation: 540 88.5273 180.8676 79.5431 6.2549
Generation: 541 88.5284 180.8686 78.5053 6.7841
Generation: 542 88.4234 180.7636 79.8965 5.7460
Generation: 543 88.5123 180.8526 79.8606 5.8291
Generation: 544 88.5284 180.8686 79.0971 6.5454
Generation: 545 88.3773 180.7176 79.6146 6.2257
Generation: 546 88.3773 180.7176 80.6526 6.1636
Generation: 547 88.3657 180.7069 78.5704 6.8530
Generation: 548 88.4523 180.7926 79.8863 6.0042
Generation: 549 88.5123 180.8526 78.6650 6.6907
Generation: 550 88.3623 180.7026 79.1611 6.2597
Generation: 551 88.5123 180.8526 79.0197 6.4037
Generation: 552 88.4523 180.7926 79.7884 6.3071
Generation: 553 88.4673 180.8076 79.2212 6.1768
Generation: 554 88.5123 180.8526 80.2768 6.3489
Generation: 555 88.3623 180.7026 79.4578 6.4137
Generation: 556 88.3923 180.7326 79.8718 6.4727
Generation: 557 88.4973 180.8376 79.5675 6.9177
Generation: 558 88.5423 180.8826 78.3568 7.1583
Generation: 559 88.5273 180.8676 80.0229 6.1922
Generation: 560 88.3923 180.7326 79.4062 6.4401
Generation: 561 88.3923 180.7326 79.0761 6.8800
Generation: 562 88.4707 180.8119 80.3366 6.5154
Generation: 563 88.3923 180.7326 78.2824 6.2080
Generation: 564 88.4073 180.7476 80.7991 5.2747
Generation: 565 88.4857 180.8269 78.9490 6.3135
Generation: 566 88.5423 180.8826 78.4168 6.7056
Generation: 567 88.4073 180.7476 78.0962 6.4388
Generation: 568 88.5157 180.8569 78.7899 6.5564
Generation: 569 88.5423 180.8826 79.6760 6.4911
Generation: 570 88.4973 180.8376 78.9973 6.8141
Generation: 571 88.4973 180.8376 78.8424 6.7061
Generation: 572 88.3323 180.6726 78.3668 6.6732
Generation: 573 88.4073 180.7476 80.6842 5.7130
Generation: 574 88.5273 180.8676 79.2783 6.5352
Generation: 575 88.5423 180.8826 78.5888 6.7053
Generation: 576 88.5273 180.8676 78.6388 6.3959
Generation: 577 88.5123 180.8526 80.7325 5.4171
Generation: 578 88.5423 180.8826 79.8138 5.9335
Generation: 579 88.4984 180.8386 79.9103 6.5634
Generation: 580 88.4073 180.7476 78.2271 6.9567
Generation: 581 88.3034 180.6436 80.0258 5.7883
Generation: 582 88.3923 180.7326 79.8382 6.4439
Generation: 583 88.4073 180.7476 79.3832 6.2960
Generation: 584 88.4823 180.8226 78.9775 6.5160
Generation: 585 88.5134 180.8536 79.5983 6.2524
Generation: 586 88.5123 180.8526 78.1678 6.3288
Generation: 587 88.5123 180.8526 80.3087 5.7382
Generation: 588 88.3923 180.7326 79.4138 5.9615
Generation: 589 88.3623 180.7026 80.8460 5.8565
Generation: 590 88.4557 180.7969 79.7117 6.3734
Generation: 591 88.5273 180.8676 79.6396 6.4942
Generation: 592 88.5273 180.8676 79.9687 6.0508
Generation: 593 88.5273 180.8676 79.2024 6.7875
Generation: 594 88.5123 180.8526 80.3549 5.5957
Generation: 595 88.5273 180.8676 80.6951 6.0599
Generation: 596 88.3923 180.7326 78.5209 6.2017
Generation: 597 88.4373 180.7776 80.1910 5.5605
Generation: 598 88.4557 180.7969 78.5395 6.4158
Generation: 599 88.5423 180.8826 78.9868 6.2451
Generation: 600 88.4857 180.8269 80.5693 5.2243
Generation: 601 88.5273 180.8676 80.1578 6.1540
Generation: 602 88.5123 180.8526 79.3579 6.4692
Generation: 603 88.5273 180.8676 79.6971 6.8465
Generation: 604 88.4823 180.8226 79.8493 6.5320
Generation: 605 88.5273 180.8676 79.6134 6.6318
Generation: 606 88.5123 180.8526 79.9487 6.5684
Generation: 607 88.4823 180.8226 79.4583 7.3180
Generation: 608 88.5123 180.8526 78.7927 6.9124
Generation: 609 88.4857 180.8269 80.3380 6.8565
Generation: 610 88.4257 180.7669 79.1674 6.9436
Generation: 611 88.4073 180.7476 79.4509 6.4267
Generation: 612 88.4073 180.7476 80.9017 5.9227
Generation: 613 88.4557 180.7969 78.7628 7.3911
Generation: 614 88.4973 180.8376 79.6279 6.5613
Generation: 615 88.4373 180.7776 79.9318 6.8394
Generation: 616 88.4857 180.8269 79.5126 7.4082
Generation: 617 88.4973 180.8376 79.8291 6.6468
Generation: 618 88.4973 180.8376 79.4270 7.2038
Generation: 619 88.5157 180.8569 80.3503 6.9992
Generation: 620 88.5157 180.8569 79.2502 6.9608
Generation: 621 88.5273 180.8676 79.0004 7.0178
Generation: 622 88.5423 180.8826 79.3471 6.9404
Generation: 623 88.5123 180.8526 79.3145 6.7929
Generation: 624 88.4973 180.8376 78.2805 7.5764
Generation: 625 88.4973 180.8376 80.0182 7.1604
Generation: 626 88.4973 180.8376 79.6302 7.5891
Generation: 627 88.4973 180.8376 80.3979 6.6789
Generation: 628 88.4707 180.8119 80.0300 7.1316
Generation: 629 88.5273 180.8676 80.4434 6.2334
Generation: 630 88.8881 181.2341 79.0883 6.7493
Generation: 631 88.4973 180.8376 79.1154 7.3588
Generation: 632 88.5273 180.8676 79.0805 6.9137
Generation: 633 88.5123 180.8526 79.7513 6.9641
Generation: 634 88.5157 180.8569 79.5761 7.1134
Generation: 635 88.5123 180.8526 78.7251 7.0080
Generation: 636 88.5273 180.8676 79.2941 6.9641
Generation: 637 88.5273 180.8676 78.5430 7.2364
Generation: 638 89.0241 181.3670 80.5492 6.5450
Generation: 639 88.4857 180.8269 79.0161 6.9108
Generation: 640 88.5720 180.9190 80.0107 7.0336
Generation: 641 88.5273 180.8676 80.0651 6.6557
Generation: 642 88.5423 180.8826 79.7798 7.1497
Generation: 643 88.5273 180.8676 79.2647 7.1110
Generation: 644 88.5951 180.9319 79.7573 7.1079
Generation: 645 89.0431 181.3891 78.4031 7.2336
Generation: 646 88.6455 180.9960 79.1912 6.9382
Generation: 647 88.4973 180.8376 79.3535 7.2096
Generation: 648 88.5423 180.8826 79.0088 7.1336
Generation: 649 88.4973 180.8376 77.7353 7.4475
Generation: 650 88.5423 180.8826 79.7797 6.8834
Generation: 651 88.5273 180.8676 81.3049 6.7491
Generation: 652 88.4973 180.8376 79.4668 7.0315
Generation: 653 88.5423 180.8826 81.2351 6.6503
Generation: 654 88.5718 180.9151 79.1449 7.2543
Generation: 655 88.5273 180.8676 80.3707 6.8654
Generation: 656 88.8280 181.1691 79.5060 7.3118
Generation: 657 88.5273 180.8676 80.6291 7.1683
Generation: 658 88.4823 180.8226 79.1400 7.3790
Generation: 659 88.7330 181.0800 80.3490 6.5342
Generation: 660 89.1763 181.5234 80.4735 6.8639
Generation: 661 88.8613 181.2084 79.2692 7.0594
Generation: 662 88.5273 180.8676 79.4964 7.1644
Generation: 663 88.7544 181.0984 79.2794 6.9826
Generation: 664 88.8439 181.1747 79.2434 7.1596
Generation: 665 88.4973 180.8376 80.3710 7.0601
Generation: 666 88.5978 180.9403 79.1702 6.8393
Generation: 667 89.4872 181.8311 80.1404 6.9302
Generation: 668 89.0567 181.4052 78.1269 7.4875
Generation: 669 88.5423 180.8826 78.8893 7.3701
Generation: 670 88.7569 181.0937 79.9437 6.9996
Generation: 671 88.5273 180.8676 80.6774 7.0083
Generation: 672 88.8627 181.2075 79.8595 7.4866
Generation: 673 88.5543 180.9010 79.8839 7.2924
Generation: 674 89.1681 181.5141 79.1007 7.3018
Generation: 675 88.5655 180.9088 79.7164 6.9739
Generation: 676 88.6037 180.9435 80.5489 6.7676
Generation: 677 88.8180 181.1631 80.0585 7.0395
Generation: 678 89.1506 181.4992 80.4949 6.5875
Generation: 679 88.8731 181.2191 80.3614 7.6347
Generation: 680 89.1906 181.5392 79.3102 7.3811
Generation: 681 89.1531 181.4991 79.8878 7.3003
Generation: 682 88.5375 180.8803 78.3062 7.4206
Generation: 683 89.2206 181.5692 80.1883 7.0270
Generation: 684 88.7320 181.0790 79.6949 6.7232
Generation: 685 88.7294 181.0734 78.8613 7.5863
Generation: 686 89.0429 181.3871 79.4297 7.6042
Generation: 687 88.7700 181.1113 79.0042 7.0980
Generation: 688 88.5804 180.9261 79.4227 6.8874
Generation: 689 88.7305 181.0738 79.4320 7.1417
Generation: 690 89.0781 181.4241 79.2924 7.1449
Generation: 691 88.7842 181.1301 80.2712 6.9072
Generation: 692 89.0642 181.4101 81.5672 7.1717
Generation: 693 89.0420 181.3890 80.5660 7.3621
Generation: 694 88.7370 181.0782 80.0493 7.3473
Generation: 695 88.9455 181.2888 80.8839 7.0586
Generation: 696 88.8968 181.2464 80.3411 7.0527
Generation: 697 89.1531 181.4991 81.6397 6.5288
Generation: 698 89.1381 181.4841 80.0154 6.7459
Generation: 699 89.2281 181.5741 80.2025 7.2479
Generation: 700 89.2131 181.5591 80.9293 6.9019
Generation: 701 89.1720 181.5190 81.3399 6.9348
Generation: 702 88.7043 181.0469 79.7528 7.0580
Generation: 703 89.0820 181.4290 80.0461 7.1299
Generation: 704 88.9614 181.3066 81.0869 6.5959
Generation: 705 89.2320 181.5790 81.9739 5.7367
Generation: 706 88.9778 181.3094 80.4690 7.4000
Generation: 707 89.1720 181.5190 81.7672 6.7569
Generation: 708 89.1231 181.4691 79.3906 8.4141
Generation: 709 89.3631 181.7091 79.9837 7.2451
Generation: 710 89.0731 181.4191 79.6484 7.7857
Generation: 711 89.2470 181.5940 80.3623 7.1375
Generation: 712 89.2270 181.5740 79.9860 10.0301
Generation: 713 89.2320 181.5790 81.0122 6.9708
Generation: 714 89.1920 181.5390 80.1495 7.6079
Generation: 715 89.3993 181.7457 81.1729 6.4869
Generation: 716 89.1120 181.4590 80.9332 7.4202
Generation: 717 89.1320 181.4790 79.5532 6.9678
Generation: 718 89.2770 181.6240 81.3949 7.3803
Generation: 719 89.4861 181.8263 80.2311 7.5040
Generation: 720 89.0581 181.4041 80.8327 6.7272
Generation: 721 89.1616 181.5075 81.3600 6.5354
Generation: 722 89.0620 181.4090 81.0206 6.7677
Generation: 723 88.9949 181.3407 82.1010 6.0870
Generation: 724 89.0368 181.3816 81.3700 7.0421
Generation: 725 89.1356 181.4842 81.7908 6.4194
Generation: 726 89.7372 182.0761 81.4888 6.3243
Generation: 727 89.2752 181.6180 81.7040 6.8133
Generation: 728 89.1906 181.5392 82.3587 6.0544
Generation: 729 89.0031 181.3491 81.4616 6.9793
Generation: 730 89.2963 181.6442 82.2889 6.5955
Generation: 731 89.4653 181.8125 81.6134 6.5134
Generation: 732 89.2774 181.6238 81.0172 6.6443
Generation: 733 89.3584 181.7047 80.7940 6.9814
Generation: 734 89.2320 181.5790 80.9710 6.6637
Generation: 735 89.3884 181.7347 81.8881 6.6730
Generation: 736 89.2534 181.5997 81.8647 7.2089
Generation: 737 89.2840 181.6281 81.2047 6.2659
Generation: 738 89.1620 181.5090 81.3029 7.0259
Generation: 739 88.9520 181.2990 81.1977 7.2948
Generation: 740 89.0730 181.4200 80.8952 6.5200
Generation: 741 89.2631 181.6091 80.7425 6.5850
Generation: 742 89.1087 181.4535 81.2566 6.4638
Generation: 743 89.3706 181.7192 80.6810 7.4523
Generation: 744 89.0331 181.3791 80.8797 6.3522
Generation: 745 89.3502 181.6930 81.4298 6.6346
Generation: 746 89.2855 181.6318 82.2520 6.7219
Generation: 747 89.1320 181.4790 81.8662 5.8556
Generation: 748 89.3502 181.6930 81.6900 6.7361
Generation: 749 89.4766 181.8225 81.1764 6.7646
Generation: 750 89.2790 181.6231 81.9228 6.3191
Generation: 751 89.2400 181.5850 81.2219 6.6537
Generation: 752 89.4271 181.7731 81.9372 7.0632
Generation: 753 89.1552 181.4980 80.5560 6.5093
Generation: 754 89.2379 181.5821 82.4591 6.4731
Generation: 755 88.7864 181.1271 82.0483 6.7085
Generation: 756 89.0385 181.3750 82.5714 6.9361
Generation: 757 89.2556 181.6042 82.3824 6.5116
Generation: 758 89.1531 181.4991 81.9935 7.3950
Generation: 759 89.1506 181.4992 81.1489 7.5448
Generation: 760 89.3984 181.7384 82.4790 6.4717
Generation: 761 89.2291 181.5720 82.9330 5.9611
Generation: 762 89.2270 181.5740 84.1467 5.8314
Generation: 763 89.1290 181.4731 82.6052 6.8293
Generation: 764 89.1763 181.5234 84.3255 5.3921
Generation: 765 89.0431 181.3891 82.3986 6.4187
Generation: 766 89.2090 181.5531 82.9508 6.1501
Generation: 767 89.0849 181.4331 82.3134 7.0537
Generation: 768 89.2374 181.5822 82.6302 5.9197
Generation: 769 89.6461 181.9863 84.8782 4.8721
Generation: 770 89.1906 181.5392 82.5999 6.1375
Generation: 771 89.1649 181.5131 82.6898 6.1691
Generation: 772 89.2529 181.5971 83.6679 5.9278
Generation: 773 89.1552 181.4980 81.7709 7.4213
Generation: 774 89.0849 181.4331 83.1576 6.1626
Generation: 775 89.2190 181.5671 83.6973 5.7003
Generation: 776 89.0152 181.3580 82.8744 6.3994
Generation: 777 89.2991 181.6420 82.7840 6.4402
Generation: 778 89.1840 181.5321 83.1662 6.2422
Generation: 779 89.6372 181.9761 82.0554 7.2044
Generation: 780 89.3799 181.7281 82.2852 7.1431
Generation: 781 89.6672 182.0061 82.4581 6.2479
Generation: 782 89.3917 181.7402 81.8986 7.2477
Generation: 783 89.1270 181.4740 82.5252 6.2463
Generation: 784 89.2070 181.5540 83.5964 6.0247
Generation: 785 89.2596 181.5951 82.7228 6.5995
Generation: 786 89.2074 181.5538 82.2665 6.6500
Generation: 787 89.4224 181.7590 84.1722 5.6221
Generation: 788 89.0031 181.3491 82.5928 6.4387
Generation: 789 89.2099 181.5581 83.3677 6.2952
Generation: 790 89.1949 181.5431 83.0702 6.2033
Generation: 791 89.0906 181.4392 82.8451 6.3458
Generation: 792 89.1130 181.4600 81.4702 6.7349
Generation: 793 89.1617 181.5102 81.0686 6.9077
Generation: 794 89.4661 181.8063 82.7903 6.4596
Generation: 795 89.1767 181.5252 82.7169 6.3860
Generation: 796 89.2470 181.5940 82.8095 6.5115
Generation: 797 89.2517 181.6002 84.6098 5.3134
Generation: 798 89.3556 181.7042 82.5589 6.2752
Generation: 799 89.5572 181.8961 82.9680 5.7676
Generation: 800 89.6322 181.9711 82.4580 6.1784
Generation: 801 89.4281 181.7741 84.0092 5.9092
Generation: 802 89.2490 181.5931 82.8552 5.6919
Generation: 803 89.1731 181.5191 83.3881 6.1693
Generation: 804 89.1424 181.4888 82.4775 6.3232
Generation: 805 89.0380 181.3850 80.9045 7.2009
Generation: 806 89.2056 181.5542 83.2214 5.9653
Generation: 807 89.2356 181.5842 82.9664 6.2757
Generation: 808 89.2352 181.5750 83.4046 6.1402
Generation: 809 89.2446 181.5801 83.7318 5.8585
Generation: 810 89.2040 181.5481 83.3909 6.4684
Generation: 811 89.2755 181.6218 83.8044 5.7770
Generation: 812 89.3090 181.6531 84.8912 5.2790
Generation: 813 89.6522 181.9911 83.1954 6.5743
Generation: 814 89.3256 181.6742 82.8396 6.3869
Generation: 815 89.2656 181.6142 83.5371 5.6368
Generation: 816 89.3670 181.7140 83.1967 6.4191
Generation: 817 89.6311 181.9713 82.1624 6.6078
Generation: 818 89.2979 181.6421 83.2898 6.1021
Generation: 819 89.6461 181.9863 83.1944 6.4871
Generation: 820 89.1917 181.5402 82.5910 6.4406
Generation: 821 89.2379 181.5821 84.1704 5.6359
Generation: 822 89.3596 181.7081 82.5953 6.2790
Generation: 823 89.6611 182.0013 83.8780 5.7118
Generation: 824 89.2206 181.5692 83.3716 6.3002
Generation: 825 89.2620 181.6090 83.6241 6.2589
Generation: 826 89.0830 181.4300 83.7559 5.7230
Generation: 827 89.6111 181.9513 84.5366 5.6407
Generation: 828 89.2053 181.5531 83.6425 6.1593
Generation: 829 89.0870 181.4340 83.0439 6.3254
Generation: 830 89.0952 181.4380 84.1343 6.0056
Generation: 831 89.1617 181.5102 83.8171 5.6895
Generation: 832 89.1230 181.4700 84.6862 5.2110
Generation: 833 89.1317 181.4802 83.6025 5.7721
Generation: 834 89.2056 181.5542 84.4020 5.8594
Generation: 835 89.1852 181.5280 82.7274 6.5635
Generation: 836 89.2506 181.5992 85.2134 5.3480
Generation: 837 89.2870 181.6340 83.4677 6.2314
Generation: 838 89.2453 181.5925 83.9625 6.0367
Generation: 839 89.2206 181.5692 83.6477 5.4203
Generation: 840 89.2761 181.6249 82.8620 6.5591
Generation: 841 89.2281 181.5741 84.5787 5.4029
Generation: 842 89.1756 181.5242 83.3089 6.2962
Generation: 843 89.1317 181.4802 83.8470 6.1584
Generation: 844 89.6362 181.9751 84.0357 5.9381
Generation: 845 89.3856 181.7342 84.0743 6.2189
Generation: 846 89.2253 181.5731 83.6407 6.3712
Generation: 847 89.3390 181.6831 84.7677 5.2737
Generation: 848 89.3106 181.6592 84.9477 5.3472
Generation: 849 89.2640 181.6081 84.7506 5.3888
Generation: 850 89.1906 181.5392 85.2544 4.9404
Generation: 851 89.1467 181.4952 84.7564 5.3883
Generation: 852 89.2956 181.6442 84.6286 5.4358
Generation: 853 89.2356 181.5842 85.5130 4.6872
Generation: 854 89.1870 181.5340 85.8133 4.6048
Generation: 855 89.2206 181.5692 84.2554 5.8744
Generation: 856 89.3540 181.6981 84.9285 5.2085
Generation: 857 89.2811 181.6299 84.7572 5.5817
Generation: 858 89.0730 181.4200 84.5910 5.4303
Generation: 859 89.3240 181.6681 85.0260 5.2794
Generation: 860 89.2390 181.5831 84.5575 5.2051
Generation: 861 89.1617 181.5102 83.8523 5.9783
Generation: 862 89.2640 181.6081 86.0351 4.2080
Generation: 863 89.2790 181.6231 83.9761 5.7938
Generation: 864 89.2302 181.5730 84.0034 6.1820
Generation: 865 89.2790 181.6231 84.4754 6.1166
Generation: 866 89.1317 181.4802 86.2502 3.9272
Generation: 867 89.2790 181.6231 85.6444 4.6377
Generation: 868 89.2273 181.5752 85.2535 5.2010
Generation: 869 89.2790 181.6231 84.6632 5.1459
Generation: 870 89.3561 181.7049 85.5417 4.4942
Generation: 871 89.4140 181.7581 84.7511 5.7086
Generation: 872 89.1831 181.5291 85.7878 4.4030
Generation: 873 89.2911 181.6399 85.8838 3.7100
Generation: 874 89.1117 181.4602 84.6652 5.2795
Generation: 875 89.3261 181.6749 84.8603 5.5238
Generation: 876 89.4290 181.7731 85.6237 4.5600
Generation: 877 89.3261 181.6749 85.0324 5.1518
Generation: 878 89.3411 181.6899 85.0358 4.9127
Generation: 879 89.4477 181.7935 85.8352 4.4381
Generation: 880 89.2431 181.5891 85.1073 5.4821
Generation: 881 89.3411 181.6899 85.4272 5.0498
Generation: 882 89.2367 181.5852 83.5105 6.1313
Generation: 883 89.4440 181.7881 84.6046 5.1023
Generation: 884 89.4390 181.7831 85.9470 4.3950
Generation: 885 89.5429 181.8871 84.5219 5.8864
Generation: 886 89.4161 181.7649 84.4874 5.2535
Generation: 887 89.4140 181.7581 85.2037 5.1909
Generation: 888 89.2515 181.6004 84.3171 5.2529
Generation: 889 89.4161 181.7649 84.8947 5.1066
Generation: 890 89.2920 181.6390 85.4238 5.0762
Generation: 891 89.3261 181.6749 85.5370 4.5078
Generation: 892 89.3711 181.7199 85.2833 4.8218
Generation: 893 89.2131 181.5591 86.3516 3.4538
Generation: 894 89.2590 181.6031 85.6810 4.5244
Generation: 895 89.2130 181.5600 85.8687 4.2144
Generation: 896 89.3254 181.6661 84.8627 5.2649
Generation: 897 89.3111 181.6599 86.2524 3.6216
Generation: 898 89.4429 181.7871 85.1166 5.4244
Generation: 899 89.3261 181.6749 84.5162 5.5897
Generation: 900 89.5666 181.9125 86.3235 3.8740
Generation: 901 89.3390 181.6831 85.2514 4.7413
Generation: 902 89.3561 181.7049 85.7240 4.3782
Generation: 903 89.3679 181.7121 83.8918 5.8049
Generation: 904 89.2367 181.5852 84.7013 5.5522
Generation: 905 89.4279 181.7721 85.0104 4.9839
Generation: 906 89.4140 181.7581 85.6704 4.9921
Generation: 907 89.3417 181.6902 85.0619 4.9812
Generation: 908 89.2956 181.6442 84.5223 5.8929
Generation: 909 89.4140 181.7581 85.6540 4.5024
Generation: 910 89.2661 181.6149 85.4785 4.3583
Generation: 911 89.3856 181.7342 85.3808 5.1867
Generation: 912 89.2490 181.5931 85.3348 4.9107
Generation: 913 89.3711 181.7199 85.4170 4.5958
Generation: 914 89.3370 181.6840 83.9245 6.5511
Generation: 915 89.3520 181.6990 84.9280 5.2750
Generation: 916 89.3861 181.7349 85.1741 5.2918
Generation: 917 89.3411 181.6899 84.6999 5.4801
Generation: 918 89.4031 181.7491 85.3264 5.2507
Generation: 919 89.4690 181.8131 85.4313 4.7632
Generation: 920 89.2367 181.5852 84.7250 5.1305
Generation: 921 89.3829 181.7271 85.0331 4.2030
Generation: 922 89.2806 181.6292 84.0253 6.1111
Generation: 923 89.4311 181.7799 83.9085 6.1246
Generation: 924 89.3861 181.7349 85.4161 5.2852
Generation: 925 89.3561 181.7049 85.2177 4.9378
Generation: 926 89.2656 181.6142 85.4983 4.6104
Generation: 927 89.4140 181.7581 84.5437 5.6378
Generation: 928 89.3340 181.6781 85.3730 4.7716
Generation: 929 89.2972 181.6460 85.4524 5.3603
Generation: 930 89.5677 181.9135 85.2225 5.4080
Generation: 931 89.5227 181.8685 86.4996 3.9649
Generation: 932 89.4927 181.8385 84.4093 5.8087
Generation: 933 89.4120 181.7590 84.7540 5.2152
Generation: 934 89.4829 181.8271 86.0558 4.2881
Generation: 935 89.7621 182.1086 86.3664 3.0205
Generation: 936 89.4161 181.7649 84.7833 5.2996
Generation: 937 89.7771 182.1236 85.8646 4.6688
Generation: 938 89.4011 181.7499 84.7958 5.4332
Generation: 939 89.5971 181.9436 85.1364 5.3250
Generation: 940 89.6421 181.9886 85.8645 4.1573
Generation: 941 89.3882 181.7364 85.8446 4.7279
Generation: 942 89.2590 181.6031 84.7194 5.2893
Generation: 943 89.5140 181.8581 85.1447 5.0271
Generation: 944 89.3361 181.6849 85.7625 4.5230
Generation: 945 89.5781 181.9246 85.2399 4.8133
Generation: 946 89.3267 181.6752 84.9688 5.1302
Generation: 947 89.7471 182.0936 84.7731 4.8731
Generation: 948 89.3861 181.7349 84.8744 5.6767
Generation: 949 89.3827 181.7285 85.7082 5.0339
Generation: 950 89.5931 181.9396 86.0263 4.3957
Generation: 951 89.7171 182.0636 85.4262 4.5857
Generation: 952 89.3117 181.6602 85.1697 5.2746
Generation: 953 89.3272 181.6760 85.1620 4.7818
Generation: 954 89.4161 181.7649 85.0879 5.3411
Generation: 955 89.7321 182.0786 85.8566 4.7371
Generation: 956 89.4011 181.7499 84.6157 5.7339
Generation: 957 89.3840 181.7281 84.4710 5.4984
Generation: 958 89.4011 181.7499 83.1314 6.3217
Generation: 959 89.3361 181.6849 84.5837 5.5042
Generation: 960 89.5211 181.8699 84.5337 5.8229
Generation: 961 89.3265 181.6754 85.5893 4.2892
Generation: 962 89.3511 181.6999 84.2754 5.6684
Generation: 963 89.3872 181.7360 85.0440 5.0902
Generation: 964 89.3711 181.7199 84.6794 5.7445
Generation: 965 89.7471 182.0936 85.4063 4.5411
Generation: 966 89.3561 181.7049 85.3203 4.7765
Generation: 967 89.5631 181.9096 85.4192 4.5312
Generation: 968 89.4181 181.7646 84.0358 5.9359
Generation: 969 89.5827 181.9285 85.7786 4.8198
Generation: 970 89.7171 182.0636 85.4872 4.6813
Generation: 971 89.6829 182.0271 85.8359 4.5213
Generation: 972 89.4877 181.8335 84.8518 5.4048
Generation: 973 89.4172 181.7660 86.3279 3.7432
Generation: 974 89.4711 181.8199 84.3229 5.3367
Generation: 975 89.7481 182.0946 86.4221 3.6077
Generation: 976 89.7771 182.1236 85.7560 4.5806
Generation: 977 89.7171 182.0636 86.7518 3.2858
Generation: 978 89.5177 181.8635 85.5534 4.6806
Generation: 979 89.4321 181.7786 85.4330 4.7558
Generation: 980 89.7471 182.0936 85.2610 4.6975
Generation: 981 89.4165 181.7654 86.1028 3.6703
Generation: 982 89.7021 182.0486 85.7954 4.7756
Generation: 983 89.7171 182.0636 86.6220 3.2417
Generation: 984 89.7171 182.0636 85.9696 4.1062
Generation: 985 89.8071 182.1536 85.4179 4.4232
Generation: 986 89.5827 181.9285 85.9678 4.4411
Generation: 987 89.2517 181.6002 85.9634 4.5340
Generation: 988 89.5429 181.8871 86.1055 4.4333
Generation: 989 89.7021 182.0486 85.6066 4.9322
Generation: 990 89.7621 182.1086 85.3130 4.8676
Generation: 991 89.7171 182.0636 85.8255 4.8415
Generation: 992 89.3872 181.7360 85.6003 4.8280
Generation: 993 89.5661 181.9149 85.3375 4.8239
Generation: 994 89.4172 181.7660 85.8467 4.8834
Generation: 995 89.8371 182.1836 86.4025 4.1794
Generation: 996 89.2780 181.6250 85.6095 4.8961
Generation: 997 89.4911 181.8399 86.6075 3.9168
Generation: 998 89.5941 181.9404 86.5126 4.0821
Generation: 999 89.7321 182.0786 85.8490 4.9118
