9.858834730522727519e-01
9.859159654920104376e-01
8.645190112244899305e-01
-9.262667914090700894e-01
9.895613030920129560e-01
-4.516297081448107931e-01
9.994799859996115199e-01
9.910478106902607109e-01
-9.998946832072854729e-01
9.801018589184201657e-01
-9.911473711547678089e-01
9.949913572442408149e-01
-9.786527424412275744e-01
-9.974979756638207018e-01
9.938263473015718219e-01
9.690885441831533775e-01
-9.950674597791967502e-01
-9.884663739342811617e-01
9.745253955256255596e-01
-9.801485544158692331e-01
-9.830920390399160436e-01
9.870711941976708648e-01
9.821146646149403470e-01
-9.947721965283415901e-01
-9.752540165233204439e-01
-9.895608587462284556e-01
9.955537354240518999e-01
9.983014268734984320e-01
-2.152438968805497899e-02
9.981460323251269973e-01
-9.969052813280616654e-01
9.295599642358001180e-01
-9.906320103698054158e-01
-9.993263419734808028e-01
9.861956321029898831e-01
-9.963004078505430794e-01
-9.985545731010684323e-01
-9.923048584703124675e-01
-9.798276146086815075e-01
9.670498565423026882e-01
-9.827453225982877294e-01
9.764477606119837949e-01
-9.903943624465532114e-01
9.778239176500493901e-01
-9.785042484015886721e-01
9.993818568845529438e-01
-9.786463737526200912e-01
9.868841697221180098e-01
-9.965511361702428239e-01
-9.671177131464128163e-01
9.815262146204986049e-01
-9.814830119971458267e-01
-9.929506793149447397e-01
9.825382729412748262e-01
9.890967624933397762e-01
-9.901728436423635760e-01
-9.821550114215467087e-01
-9.948990885373680815e-01
9.355359284834537936e-01
9.133080668328232843e-01
-9.904016464630966965e-01
9.985170786521084807e-01
-9.998039261676137102e-01
-9.943934072361534371e-01
9.009414161715977309e-01
-9.961331316013868342e-01
-9.814329675312373213e-01
9.994691587355132301e-01
9.812698602565332884e-01
-9.974262063669941947e-01
9.688918008471621990e-01
-9.877972137553092669e-01
9.967262559894355389e-01
-9.947374970552693707e-01
9.937031068817530066e-01
9.627927220642416017e-01
9.867955457614953074e-01
-9.945971857516708869e-01
9.945038108076690309e-01
-9.774829040927270896e-01
-9.976778611010275188e-01
9.985996083680179769e-01
-9.909488086820880115e-01
-9.998969511409415700e-01
9.878612698612510012e-01
9.960383182595704543e-01
9.828724941474263899e-01
-9.886453951179503541e-01
9.868429377885541420e-01
-9.883847076236832452e-01
9.883943083511872452e-01
-9.772930127709529291e-01
9.946179837172423044e-01
-9.943081164485018109e-01
9.811614253997782420e-01
9.881149007272156393e-01
-9.726568530308991045e-01
9.794642088728843232e-01
9.993744375169458793e-01
1.000000000000000000e+00
9.922998751438755205e-01
9.994739369186911304e-01
9.786692017965598067e-01
-9.991738504821103817e-01
-9.875324549864664680e-01
9.989431050639003828e-01
9.968754708060718617e-01
9.870944902420188960e-01
-9.933786456125273112e-01
-9.978360453971145683e-01
-9.808690046267831697e-01
-9.343274723586332264e-01
-9.952513785177037331e-01
-2.824024310409064542e-01
9.979333869785094180e-01
-9.877525363171515416e-01
-9.994379103257764463e-01
-9.786526175859986409e-01
9.883478240637006973e-01
9.962239813273300326e-01
9.786158501174720969e-01
-9.894807723936259736e-01
-9.956767015051137815e-01
-9.864147340666711283e-01
-9.849145511949497500e-01
9.824151288720923691e-01
9.899509883894177520e-01
9.956556915303123034e-01
-9.830657786902962103e-01
9.939007074333132685e-01
-7.798210336192509251e-01
-9.782793404959529981e-01
-9.891320062094035581e-01
-9.999340535189029655e-01
-9.821873622185122166e-01
-9.771954609230097955e-01
-9.956284068508465257e-01
9.871627652682060106e-01
-9.870170931568575945e-01
9.298450368156517820e-01
9.985880705679446301e-01
-9.840639676145159775e-01
9.999436501073655226e-01
-9.934460366146552479e-01
-9.922837722460566834e-01
9.983871949845808391e-01
9.352572340160180131e-01
9.997349897098604110e-01
9.992643132695364638e-01
-9.957993244354064188e-01
9.935103440701776867e-01
9.999678660040580702e-01
-9.842977189208752531e-01
-9.920750936813440557e-01
-9.972795228835674708e-01
9.861576069549455870e-01
-9.333599646159635999e-01
9.921020002683095251e-01
9.866710157324289909e-01
-9.966493507632524507e-01
3.857106711164937640e-01
9.995709577867883944e-01
9.908870390841300058e-01
9.999775204506371473e-01
-9.898795241591392680e-01
-9.866845461874680367e-01
9.884189282271997889e-01
-9.796222026514520564e-01
9.955661775622350884e-01
9.955053911102021980e-01
9.268720469642608428e-01
-9.972595937668293775e-01
9.931244632112707915e-01
9.908777130414905265e-01
-9.865058499143862791e-01
-9.929399294675309573e-01
9.987927326679343354e-01
-9.972455708596892343e-01
-9.917229649708066974e-01
9.989996555366930098e-01
9.354835351557906353e-01
9.860715090608906941e-01
-9.943585151205476258e-01
9.933579952542916924e-01
-9.783018451383030945e-01
-9.994945455727672901e-01
-9.977756311541944312e-01
9.855049059026907976e-01
8.643090626045912828e-01
-9.917003654230001075e-01
9.840392548621996749e-01
9.982190047718243475e-01
8.891952858634153412e-01
9.958094075574333015e-01
-9.003187467920354958e-01
-9.831514870917923421e-01
-9.804696897984441772e-01
-9.933466383860090065e-01
9.980199164928482691e-01
-9.361315209894184308e-01
-6.984476758452318190e-03
9.837871877757347061e-01
-9.844638988772469457e-01
-9.972424908112642594e-01
-9.861314347190139884e-01
9.803783530523169087e-01
9.844153178940073801e-01
9.867103308895324165e-01
-9.311470227712282943e-01
-9.833903521187273844e-01
-9.887406911176518376e-01
8.427552939247233699e-01
-6.109111790546639664e-01
9.985619841942491304e-01
-9.923979389893964331e-01
-9.955694735437594645e-01
9.945175398347982920e-01
9.934613926399263883e-01
9.926024526527240655e-01
-9.973257433965134755e-01
9.831462967366302319e-01
-9.983511780888731924e-01
9.964988537404380065e-01
9.919303736584010878e-01
-9.966191328117112169e-01
9.951129457822354141e-01
-8.781868006740615185e-01
-9.938191726860530206e-01
9.824710628241496435e-01
9.888538858129587439e-01
9.906402266700231607e-01
9.998203797041069762e-01
9.948936181766854236e-01
-9.954942049183339581e-01
9.646674674105684133e-01
9.866018450489401070e-01
9.992417881404799251e-01
-9.917340644198430200e-01
-9.933591607561824688e-01
-9.643457559562486070e-01
-9.955251575110253270e-01
9.719912546004976228e-01
-9.997719339057924426e-01
-9.804644850234925935e-01
9.994042635906964511e-01
9.986383520582875484e-01
-9.875333027714688905e-01
9.992031091492803441e-01
9.973061647883826319e-01
-6.253526156795568003e-01
-9.982302532078013435e-01
9.940691845813007799e-01
9.942922785723891099e-01
9.885959195433435820e-01
9.913900447716414988e-01
9.936303891250554132e-01
-9.902446145827734636e-01
9.956180353638601765e-01
9.999415000718572255e-01
9.843334043983149595e-01
9.890408012879773336e-01
9.643658736497744410e-01
-9.890308900855961927e-01
9.857173452514157441e-01
9.872987037040371616e-01
