-3.101737996207796777e-01
-7.879522240319198900e-01
-9.864463541029664384e-01
5.015222138000278163e-01
8.521233611969711852e-01
5.775574677289074810e-01
-1.198391359933114741e-01
2.474402304722740087e-01
-5.347688451182313479e-02
1.077600569385641915e-01
-5.039252229848947273e-01
-9.244857636044936378e-01
-1.023837871144982481e-01
2.318394413126452225e-01
-2.130037255165825316e-01
-1.787845318667068972e-01
-4.672684875817299521e-01
-4.294575087757031007e-01
-1.907903227935114909e-01
-6.203949396726540222e-01
-2.589206053607558955e-01
-8.774629790561438991e-01
9.366891742610149174e-03
3.726029120611753509e-01
-7.428926493647280971e-02
-1.675119755827852719e-01
8.193510606651102646e-02
6.161977653755879025e-01
9.120592604649624402e-01
9.999996347367160476e-01
-3.797104067954412132e-01
4.773468871509026767e-01
-3.207384810084967786e-01
-3.190661990247602997e-01
-2.827208752372744049e-01
-4.985574354104712613e-01
-4.068181602949365316e-02
5.695279629701343049e-01
-6.626310781676042483e-01
-3.278812228401388196e-01
5.897813308046716552e-01
6.061626926301311169e-01
-9.683899671261491093e-01
8.534672883017281331e-01
2.013611514369283706e-01
1.722246148618460371e-01
9.669517665771693027e-01
7.428292628008523746e-01
-6.882836251657300508e-01
2.731853524208521788e-02
-9.385009298076554263e-01
4.517714903894796685e-01
7.473949561673437492e-02
3.433789556632946827e-01
2.754083919978004766e-02
8.673595663703324021e-01
-5.859256589698835782e-01
-9.744551167568961114e-01
-6.035944530306016631e-01
-7.941704365626591766e-01
-6.285224764880290582e-01
-5.364642924134825908e-01
-4.606114213254017820e-01
7.399114036096635649e-01
3.900614488820464132e-02
-4.650093309895621529e-01
-3.053718892542597318e-01
3.678212150972133831e-01
-5.524566635419303484e-01
6.205567708688759510e-01
7.053379409837956526e-01
3.116415421936855057e-01
3.356732943395893676e-01
-8.693955013398663167e-01
-2.950718051540700548e-01
-3.389820378736981277e-01
-1.000000000000000000e+00
-5.238048632486030920e-02
-6.019196700073864426e-01
-3.375623252884956127e-01
-6.534693864498499760e-01
-6.032779238405510114e-01
8.180766234774267120e-02
-9.850363983275420843e-01
2.364800014977327947e-02
-9.217344248749248514e-01
-6.239731755562727411e-01
5.635129087032235695e-01
4.120385738343430027e-01
7.641029129957883637e-01
-8.458073240648140700e-01
-4.062858064361918320e-01
8.487109417984399773e-01
3.801459618344341651e-01
-5.852464333379476386e-02
-9.077335724502427761e-02
-8.602273267190873041e-01
5.663091988628724538e-01
-6.701072410495471088e-01
-2.692755392462897746e-02
-4.700875202932307539e-01
4.647720532722512399e-01
-3.298165578072908555e-01
6.280711095082807116e-01
9.390118133127560718e-01
-2.395984178826460753e-01
-9.115601117498457473e-01
4.522276672972241895e-01
3.279273865831904278e-01
6.391756946190252364e-01
-4.113317320126949062e-01
6.467433854686368555e-01
3.260808731552765072e-01
-8.565988362109169252e-01
2.746677874104972994e-01
-1.786196952613528788e-01
-2.629244101518529719e-01
-6.548735740263353922e-01
9.848401337964545199e-01
2.439369927092963075e-01
-9.903781929405436335e-01
-2.037444178172987674e-01
4.299184723289172227e-01
-3.912628530500618096e-01
-6.303692060297960698e-02
-9.789340754027574532e-01
4.679961947292180513e-01
9.651195437669892740e-01
5.215649703616087596e-01
-8.420306261017701521e-01
-6.760970561499350939e-01
-9.778963081014045988e-01
3.143885655117016897e-01
-2.833632172547172479e-01
5.977071567406966324e-01
6.611479685051372401e-01
-5.700204204757675086e-01
-3.314778691553993406e-01
4.766767121377536442e-01
-5.358623409518441516e-01
9.704443681239734998e-01
5.001487732813074683e-01
-8.078693286778490523e-02
1.289976587966460975e-01
8.653608458988396590e-01
2.329175144352274573e-01
-5.322051251272083006e-01
1.377215738652275145e-01
-9.289495830100449325e-01
6.758897749876993100e-01
6.324912684876254909e-02
7.070459305487936108e-01
-5.417722563897131582e-01
3.432484359099329252e-01
-3.475693331325298008e-01
-1.678598417776601681e-01
-5.380019391511553506e-01
-1.256390344700044626e-01
5.319117306494745012e-01
3.875536589033662938e-01
-9.795351929458712137e-03
1.363586562351483678e-01
-7.389312461821759825e-01
-4.424211218631799447e-01
-6.871078761462454665e-01
4.090784080449763604e-01
-2.394502401896486110e-01
-1.539562568683811028e-01
4.756964309833878191e-01
-4.673442474334450480e-01
-6.902251449585508070e-01
8.885902636389839682e-01
3.489563970054658237e-01
3.111503284520303891e-01
-7.475136795370147524e-01
-1.550375621725279263e-01
2.989387849118031459e-01
4.240146670997752554e-01
7.203309532352030198e-01
-7.548287743449733078e-01
5.406394597525321366e-01
3.696250248745436284e-01
1.920001457004706924e-01
-2.690038557115701501e-01
-6.509606530225500176e-01
6.195638848931417364e-01
-2.695612121844512266e-01
-4.517785806709015972e-01
-3.014855361219706542e-01
-3.726694402610263024e-02
5.400428777226942145e-01
-6.989715008124284257e-01
1.614569817781884992e-02
-1.000000000000000000e+00
-9.999604304333742366e-01
-2.337306941418711981e-01
-8.067541715589190421e-01
-8.848367046052728613e-01
-1.988162911707922753e-01
4.458253091767967469e-01
3.396064672137785179e-01
-1.801340588368666451e-01
-3.742517220593034599e-01
-5.163460398573522792e-01
-4.008942163442735795e-01
4.926974001447985696e-01
-9.649302581198520024e-01
-9.334750428694962299e-01
-5.313233069372218509e-01
5.838131405445904365e-01
-4.497343516191698587e-02
9.148096979016577812e-01
3.477976297989184840e-01
5.010736594969362745e-01
-9.999736281918859548e-01
5.482473177114346452e-01
4.148201066089566291e-01
-8.179873559884842660e-02
8.593884438102903367e-01
1.218272911895232208e-01
9.515038786651432989e-01
-6.147300990576060054e-02
5.831386169187972035e-01
7.160447958294052784e-02
-2.484332056397440536e-01
-7.875177201725351850e-01
-6.488763813553817261e-01
-5.128627648467931621e-01
-9.070423885435514588e-01
7.984554112715700480e-01
-2.892826688797065504e-01
7.077372851239671636e-01
9.702162333459227739e-01
6.645808584666501595e-01
-3.075743807733568036e-01
-5.593820945540905337e-02
-4.693456827249064545e-01
7.033631353679893339e-01
1.746022967951253446e-01
-4.795862335309173385e-01
4.429214391633092274e-01
-4.390899069695261558e-02
1.544792229793542360e-01
-9.770979411425967376e-01
-5.338572077351650957e-01
9.723385105564812392e-01
-9.597948763305427233e-01
-8.034875547421624908e-01
-9.775234169486650693e-01
4.837660711923261747e-01
-7.841212194951647785e-01
2.197753972117190702e-01
-5.372970190260761836e-01
9.171564184350559923e-02
-8.930741821715951767e-01
-1.186593667818225395e-01
4.805757925643485695e-01
-3.021670664027222286e-01
9.999841629967809453e-01
1.369322358021239361e-01
1.409490633392308234e-01
3.504365565176084107e-01
8.033637596937855951e-01
6.721703118578468139e-01
-7.443901562352240875e-01
4.836826137368448464e-01
4.124785015505946228e-01
5.675198504293877955e-01
4.795996387622729618e-01
4.488062422889183001e-01
4.187490232281657621e-01
6.401989511134036359e-01
4.274205516854853171e-01
5.035058664130112049e-01
3.798232256893056547e-01
3.588747537611722827e-01
4.548035616084645238e-01
5.126003332463491269e-01
6.664481993217638012e-01
5.875563378651232904e-01
3.463610974714764756e-01
4.713778267041950354e-01
6.672042882147476428e-01
4.312860290597625434e-01
5.504743814948460656e-01
4.124289802516762915e-01
6.304155845905023980e-01
4.016058854439263914e-01
5.940186953128315794e-01
4.678083853084424870e-01
5.210239086540476849e-01
3.337820311918388572e-01
5.094181852250971865e-01
4.850677984668166909e-01
4.248134707846508151e-01
4.755573875139146311e-01
3.354961700758234411e-01
4.163131821277850086e-01
5.686933439747342556e-01
5.129807917307331877e-01
5.630220515685209204e-01
5.689339618411501931e-01
6.048298558419047399e-01
7.366598351912009290e-01
4.716837126527595458e-01
4.606283220293312386e-01
4.983309037250059359e-01
3.651390601320962936e-01
4.619092486527432984e-01
6.689737234454931070e-01
4.943598621762848033e-01
7.615526299005095368e-01
7.868706283096513765e-01
3.161596747313125677e-01
3.359613549995419390e-01
3.403476873974643491e-01
3.450869544052963533e-01
4.824322940347284261e-01
5.490191996118359841e-01
2.936666246755334497e-01
5.464303052926501314e-01
6.199616142481997327e-01
5.085878008181585752e-01
4.938255627725342545e-01
4.951400893620571120e-01
6.160565848797223687e-01
5.027411286754929209e-01
3.551200038292201544e-01
3.451327915873206309e-01
4.665350727465896741e-01
4.352888357306871070e-01
3.216805676157807881e-01
5.145172780528424195e-01
4.764521239304341793e-01
3.978012718750397192e-01
4.638598874189179266e-01
7.226824565953464674e-01
3.715600406198995564e-01
5.249769143191118648e-01
5.087215396329010098e-01
5.529951346076465990e-01
5.081432041405440359e-01
5.607144159903226788e-01
6.498283659761030506e-01
4.761492452904723671e-01
3.383731140743166943e-01
5.407254698797667736e-01
6.476901760079738501e-01
4.208238900226749513e-01
4.545001433145878234e-01
4.413681527025941076e-01
4.748892723394864124e-01
4.716151015512968780e-01
4.650595586521136804e-01
4.144963007483167816e-01
4.364075312191177947e-01
4.742296736834861193e-01
3.911094518076209670e-01
7.393585636541528672e-01
5.859336716083407559e-01
5.417038454818277060e-01
5.053062773160444943e-01
4.567588489458812573e-01
4.948603268861843096e-01
4.163137991989789288e-01
7.110863505582155630e-01
3.889392152222930221e-01
6.829535072871133483e-01
3.167392069665769250e-01
6.015422589612773319e-01
4.779731543655353354e-01
8.424368764379979169e-01
3.240663652068337397e-01
3.993009353284564522e-01
3.954350252447247360e-01
4.049654625820471865e-01
5.079488620728740411e-01
4.404838106559538780e-01
4.768632514615276374e-01
2.805915286518758101e-01
3.047535190056908094e-01
6.359333865019758392e-01
3.327386269560116405e-01
3.737237688066687991e-01
3.515056153688446150e-01
6.777539750367199689e-01
5.106345113514829670e-01
5.422261017651275328e-01
5.318462214723186365e-01
5.030334850709388128e-01
5.679279203305629409e-01
4.485202752447391972e-01
3.772005532902894531e-01
3.604699292792504783e-01
4.169955818179139628e-01
5.722968487700645923e-01
4.408130451942120498e-01
4.193993927513222086e-01
3.694199270589410000e-01
5.008955280167384227e-01
6.016158561998768972e-01
2.337602792259622364e-01
5.107389508723328975e-01
4.032528343909571600e-01
4.999056141836474287e-01
7.249628746641034738e-01
4.403477404923129002e-01
4.282297108913190598e-01
2.637580213141082486e-01
5.135364359473724161e-01
6.331445951311746034e-01
4.708610197819487198e-01
5.130782480472416696e-01
8.141269967907907024e-01
6.827314409126268302e-01
3.480114924592727643e-01
6.494431912553029207e-01
5.416282162505807740e-01
3.738420130132036334e-01
5.554812920603875437e-01
5.905741820894043759e-01
5.462813538205222308e-01
4.863378711196474358e-01
4.449566844875612048e-01
6.017293662352395378e-01
3.462778141607587012e-01
6.216351001349804672e-01
4.832441615368753829e-01
8.858321922823209071e-01
3.003562628540056290e-01
8.867857980784901173e-01
4.136318382568735519e-01
5.105751024533295990e-01
6.765789104557407008e-01
6.527101484159740785e-01
4.850795190383785926e-01
6.233246807857207861e-01
5.430274373705376023e-01
3.520472179903966214e-01
5.110830808873659814e-01
5.308013646309172051e-01
3.937533180830190549e-01
4.423703996589474219e-01
2.795700388915105528e-01
6.572776934594806164e-01
5.515550153746316964e-01
6.582666679157891387e-01
4.141500032497034689e-01
4.953277558782971934e-01
4.574991992068528912e-01
5.845848923136730546e-01
4.538679036768841768e-01
4.137557087064216432e-01
5.237161225352243710e-01
3.052099970781599891e-01
7.129896869650137470e-01
5.805323147739369638e-01
3.325200805887907340e-01
5.546862706532671439e-01
3.558385122424036484e-01
5.356112709499424307e-01
5.212361335931938733e-01
5.729246621327026556e-01
5.214624220749739525e-01
5.996485754319468287e-01
3.537594977592861123e-01
4.474698675276090332e-01
3.684970224364415570e-01
3.459254408337163467e-01
4.334492023574427755e-01
7.551212399528652863e-01
3.912317642496066505e-01
4.789077833950386998e-01
5.719667664824712450e-01
5.038162266112651277e-01
3.753547949481987334e-01
4.278059900859247922e-01
3.291479395416413989e-01
3.582960136064161638e-01
4.233003597388843020e-01
6.388461427044637153e-01
5.152165279027998146e-01
4.070139312092505013e-01
3.955602431841412359e-01
5.573867379395957000e-01
4.989688586221737721e-01
3.450808994528344331e-01
4.978131770401206246e-01
4.600178438584890950e-01
3.848529277335415166e-01
5.630887427771984477e-01
6.004707339142996148e-01
6.439103849736000917e-01
5.435542964546885569e-01
6.140572845730705165e-01
5.226262878567047299e-01
5.115224959786663916e-01
5.703434188847349429e-01
4.902968783484271675e-01
7.078485626321691093e-01
2.438711549532653899e-01
3.673900428053155087e-01
7.387865864082758804e-01
3.205340271661352713e-01
3.896001829359572177e-01
4.495521990020303615e-01
5.772686739213628293e-01
4.173985590931705847e-01
5.285980954844151647e-01
4.197171065923041566e-01
3.748288523971975428e-01
4.039700701200523714e-01
5.535407748026944796e-01
4.114617187396829578e-01
5.016549445644857830e-01
3.316179709341298132e-01
3.616675407267764264e-01
5.854304483528330882e-01
2.636272176588208005e-01
6.902992833786749660e-01
3.117282113287053735e-01
2.895141428649907200e-01
4.631070858321834627e-01
6.309532343483957861e-01
6.549352556567122896e-01
5.525005248872187913e-01
4.530562763697532636e-01
3.917258028261747516e-01
4.502164262900791303e-01
6.526169755506094905e-01
