2.512576931536183444e-01
1.901157802678318520e-01
-1.000000000000000000e+00
-6.229274362745543803e-01
-5.267992508393345430e-01
8.541380846087595069e-01
3.882347935789016713e-01
-3.566544151215192970e-01
-7.197827670822705137e-01
-1.000000000000000000e+00
4.098407940076532752e-01
1.000000000000000000e+00
-3.899146711645068430e-02
4.077261428986711511e-01
-1.000000000000000000e+00
9.784505285653217754e-01
7.851747601600738147e-01
6.748942159595596735e-01
1.000000000000000000e+00
7.411327054255401059e-02
-1.000000000000000000e+00
-3.417688889978713895e-01
-1.000000000000000000e+00
2.393770491975039105e-01
-1.000000000000000000e+00
5.211225005217750006e-01
-9.325591795336424239e-01
-6.668165977498092811e-01
-5.789270770926298049e-01
-1.119831505956166706e-01
-1.000000000000000000e+00
-5.125839477583380432e-01
8.516676585913434128e-01
-5.914458915773692649e-01
1.844753254780275853e-01
4.443040127659313443e-01
1.000000000000000000e+00
-4.904539056039151079e-01
1.000000000000000000e+00
-8.427866900934360972e-02
-4.709353449639889777e-01
-1.261012428049654299e-01
1.000000000000000000e+00
-1.000000000000000000e+00
6.568494498887968991e-01
3.097004201999488116e-01
1.000000000000000000e+00
-1.000000000000000000e+00
1.000000000000000000e+00
5.991325122408308612e-01
5.432805008773589073e-01
-7.175761706651694327e-01
-1.000000000000000000e+00
5.783535786204059281e-01
-5.665546179907395841e-01
2.419378024524342918e-01
-7.444339503804213720e-01
-1.000000000000000000e+00
9.265221696614689417e-01
2.559599632804105962e-01
1.609085199626715812e-01
-1.000000000000000000e+00
1.000000000000000000e+00
1.397057029569574449e-01
-1.000000000000000000e+00
-6.942997238631980206e-02
-4.090835256242232321e-01
-2.892726061475480170e-01
6.815816041784670265e-01
9.271607987230364722e-01
-1.000000000000000000e+00
9.439089834644172061e-01
-1.343196700988549264e-01
-7.365365604593870907e-01
1.946796801436094793e-01
-4.775040759519674771e-01
1.000000000000000000e+00
1.000000000000000000e+00
8.765987570291134956e-01
-1.268528143083084703e-01
1.000000000000000000e+00
-2.602788561919476273e-01
1.000000000000000000e+00
-1.000000000000000000e+00
1.851947396588959904e-02
1.000000000000000000e+00
5.804831141205284428e-01
-1.919574388424453160e-01
-1.000000000000000000e+00
1.000000000000000000e+00
2.118734700603296384e-01
1.000000000000000000e+00
9.530829979863613133e-01
-8.467705148913496904e-01
-6.131398904046329867e-02
-1.000000000000000000e+00
-1.000000000000000000e+00
-2.300151006480459226e-01
7.405176165096298835e-01
-1.000000000000000000e+00
-1.000000000000000000e+00
-2.913939670613130417e-02
7.253050504666029852e-01
1.000000000000000000e+00
7.756375514364020063e-01
1.000000000000000000e+00
1.000000000000000000e+00
-8.713491283010924571e-01
-8.184021943188540815e-01
-5.839882603791255455e-01
5.059020917213585822e-01
-2.117250819443716736e-01
1.000000000000000000e+00
1.000000000000000000e+00
-1.000000000000000000e+00
-2.044202645379181726e-01
1.000000000000000000e+00
-4.748376377027368478e-01
-7.398605335897479041e-02
-1.000000000000000000e+00
-1.000000000000000000e+00
-2.397774072827307812e-01
4.802986470976541855e-01
-1.000000000000000000e+00
3.681543528165585055e-01
-1.000000000000000000e+00
-9.264910846361564811e-01
2.330904354241354337e-01
9.265156113597724508e-01
-8.697112318847823875e-01
5.274655616957335535e-03
1.000000000000000000e+00
1.000000000000000000e+00
1.000000000000000000e+00
8.108485944292911363e-01
5.234033225186071059e-01
1.000000000000000000e+00
1.579034948018851470e-01
-3.369508652705403007e-01
-3.799044783607710141e-01
9.123041491283945259e-02
3.009348046028259560e-01
5.738095254975672521e-01
-2.589908801937889637e-01
-9.249465779016241562e-01
4.758226882134704572e-01
9.055406886887028550e-01
-1.000000000000000000e+00
-4.725923583992223675e-01
-1.000000000000000000e+00
5.243809383154216519e-01
-7.506217368782315269e-01
9.054342473389053181e-01
-1.000000000000000000e+00
2.743321940884240195e-01
5.978980311023808225e-01
-2.499060028660024524e-01
-1.000000000000000000e+00
2.209019799466713785e-01
1.379072915184978154e-01
7.810495079553354536e-01
-5.281669454943973552e-01
-3.441780963665200810e-01
7.870979570268423764e-01
-9.466201252805612754e-01
-4.518202777330955766e-01
1.000000000000000000e+00
3.093340614059175708e-02
-2.467388823240777018e-01
7.880692867613641184e-01
1.000000000000000000e+00
-1.000000000000000000e+00
-5.903169863325791189e-01
3.137691204982361870e-01
3.101781806136769681e-01
-5.282087990278172551e-01
4.181244235769907003e-01
1.000000000000000000e+00
-1.505146217969837164e-01
-1.000000000000000000e+00
-1.000000000000000000e+00
-3.586524002762287999e-01
5.015717447586878208e-01
-5.618845691697986755e-01
3.378195171921251072e-01
-1.000000000000000000e+00
-7.763206133530655695e-01
1.713049482188100381e-01
1.561683791074397476e-01
-7.940230725682755342e-01
7.098426846219607622e-02
-1.000000000000000000e+00
-4.913724694920117431e-01
1.000000000000000000e+00
1.000000000000000000e+00
-6.844153117404059294e-01
-4.143139335779477683e-03
5.748110468874403356e-01
-7.351426545274541979e-04
3.656038322728277223e-01
6.650764602982610629e-01
7.099891891918730380e-01
-6.826086999211447015e-01
-1.000000000000000000e+00
6.599488529689916394e-01
-4.445046137640235595e-01
-4.231418828412808475e-02
-9.689524602124959252e-01
-6.273716643565409035e-01
-2.838701428964437445e-01
2.116367686559723071e-01
3.369078013072028810e-01
4.685744744382450699e-01
1.000000000000000000e+00
-9.715256518020423115e-01
1.000000000000000000e+00
1.000000000000000000e+00
6.035204595359660029e-01
-4.010232160553153236e-01
-2.193357812855126487e-01
-1.000000000000000000e+00
-9.842093717738030767e-01
-4.209125987109113010e-01
-2.247416881979535375e-01
8.877779248813494339e-01
-4.246134932120781413e-01
-4.383068489074471996e-01
8.945434823355171705e-01
4.341892531619202522e-01
-4.774339667713265456e-01
-1.000000000000000000e+00
5.992111707771531348e-01
7.559327609800010617e-01
-1.000000000000000000e+00
-9.535206335060243399e-01
9.170347557461754340e-01
-1.000000000000000000e+00
9.418628979370537863e-03
-2.499596954600231680e-01
-2.421106175993479326e-01
9.444651987651664360e-01
-1.000000000000000000e+00
-3.042087792130475643e-01
1.860113074036318093e-02
-1.845089009760150778e-02
-5.940505178831033684e-01
2.157766495949470786e-01
-1.000000000000000000e+00
-2.631715498060550051e-01
8.724352745093589823e-01
7.476922004838839619e-01
-1.000000000000000000e+00
5.111919603285006719e-01
-4.993263205367420854e-02
1.215646555417614072e-01
-4.709901273629932272e-01
-9.024158227943044341e-01
-1.940229701009841545e-01
1.000000000000000000e+00
1.000000000000000000e+00
-1.000000000000000000e+00
-1.000000000000000000e+00
8.489423763667052203e-01
-4.265027439646797980e-01
-7.875090664025404807e-01
8.318793961081951682e-01
3.059871525981526230e-01
5.973977894929737298e-01
3.857952092544070788e-01
9.474868026731305681e-01
4.396474665468237952e-01
4.789219550521184310e-01
5.420604387046211725e-01
4.110901379691448976e-01
7.284546026111811123e-01
5.356024278212349055e-01
6.990131547923619237e-01
5.150230351742289825e-01
4.144465558063158417e-01
7.673800087729154562e-01
3.473488362312859290e-01
4.186543577134703153e-01
4.623204572936803203e-01
1.000000000000000000e+00
7.271563111326860840e-01
1.000000000000000000e+00
2.448110812849046969e-01
5.832762721209819867e-01
5.553151118965502508e-01
6.249410087086851862e-01
6.844993785303676859e-01
2.247226511354137035e-01
4.142583347775762315e-01
6.860833847688893039e-01
2.578138229017034044e-01
9.605124840871831493e-01
2.993070317608136355e-01
3.777786803900792245e-01
5.721220196052918538e-01
3.523396097814422423e-01
4.507019387126709464e-01
8.390466183006742851e-01
5.403488774554389140e-01
8.850840348925679280e-01
5.631246804385278137e-01
4.335170726737724300e-01
3.493589568314113825e-01
3.895204731875719362e-01
4.905997290015344237e-01
4.542218122740153130e-01
3.205502436349734752e-01
1.984420049109828221e-01
8.616427121240264331e-01
4.064139864926522572e-01
5.045002788192898269e-01
1.000000000000000000e+00
3.899159389440206569e-01
8.891193818902953794e-01
2.894732917776920433e-01
3.599124823741230439e-01
4.168249184907644178e-01
4.914110736693835246e-01
9.648213153041407253e-01
6.687521102809781404e-01
1.000000000000000000e+00
3.740455340471277035e-01
2.978854067467621158e-01
7.970861093316240487e-01
4.540461105761792182e-01
3.138848813536746496e-01
2.342325231402464236e-01
6.645477355497956262e-01
6.121496591782787933e-01
5.829400400874433785e-01
3.106367945225383398e-01
6.176335753903884340e-01
6.398433613505543072e-01
9.034240030786181430e-01
2.936240999716090982e-01
4.198041747592459183e-01
4.594374578070023474e-01
5.781056267248424474e-01
3.832684684927666896e-01
8.947053166711792516e-01
3.228742433487303276e-01
2.897703371340364931e-01
8.720410152792332781e-01
3.201387634211265709e-01
9.416763941555016393e-01
1.000000000000000000e+00
4.658900433034632860e-01
7.338930616168942711e-01
7.401203549390106273e-01
6.618530990946341896e-01
4.769207054450848582e-01
9.841684998512588711e-01
5.913134249994518310e-01
4.481825607841537495e-01
4.027189989269274739e-01
3.475283809858182305e-01
5.104251077670954873e-01
5.274437539400360642e-01
4.949329349123473554e-01
5.998503903802421267e-01
6.112527918520045400e-01
7.587203596674597650e-01
8.237531629021266344e-01
6.020418363648037952e-01
3.010374958045417548e-01
8.642306238651062955e-01
7.521899584413689333e-01
1.000000000000000000e+00
8.827277157887678527e-01
7.167376228125224014e-01
7.843230507450440481e-01
4.294938034314801367e-01
2.937967343017440780e-01
6.360612222889251433e-01
5.805095861967298765e-01
3.960602354032569106e-01
7.590498840908138645e-01
7.839944247407732991e-01
3.372717780808309751e-01
6.546539828509764236e-01
3.730963462522712271e-01
5.828905772833674614e-01
5.184761695687220007e-01
7.017385386550210047e-01
8.983828653371354056e-01
6.857383295033980808e-01
5.150197139514789413e-01
3.765530725268904644e-01
3.205074499952633715e-01
8.803612006411032365e-01
5.171965729243415133e-01
1.846163854847538699e-01
4.879297599465050039e-01
4.457896392178943290e-01
5.342828432609173506e-01
4.682004739042668340e-01
3.835647908458421074e-01
5.649974024381716475e-01
4.039200308007938611e-01
5.534231670927965974e-01
2.803711255812380565e-01
3.465278740776446820e-01
9.023137550669689810e-01
3.510513833538753126e-01
7.877708979489892460e-01
2.693310698069991682e-01
7.927986441121953609e-01
2.655505481818183910e-01
5.742989053590684678e-01
3.118375147996753083e-01
2.530117853031596531e-01
7.485623595965259502e-01
1.000000000000000000e+00
2.871007710068569363e-01
2.296554107810526990e-01
5.266413579162929626e-01
6.961684415389016722e-01
3.374813535690821542e-01
5.752886338562238633e-01
4.744070690792730471e-01
6.154524277237243268e-01
7.709077800076258313e-01
1.000000000000000000e+00
6.952663035443327200e-01
8.764830322153791542e-01
5.485949886528467268e-01
4.092155249515135318e-01
8.015141948223206692e-01
3.810492420401019875e-01
3.467971282427540491e-01
4.798841835899957942e-01
4.743805774223215366e-01
6.065020617989086427e-01
2.828438960037830685e-01
5.659593366882746945e-01
3.325635793710982613e-01
6.350126550231465217e-01
3.140371681782554436e-01
7.341271947016315691e-01
6.318178883591484274e-01
9.265781142472239162e-01
5.539430301872168005e-01
5.900177870679479408e-01
6.159154027013589161e-01
5.281018105288686204e-01
3.953311104678352561e-01
1.000000000000000000e+00
4.182300096999931882e-01
4.274297607883605354e-01
4.897362796396232398e-01
9.620614459292909926e-01
5.528234818646011739e-01
6.142600086904829171e-01
5.486173447800141156e-01
6.284139951735906449e-01
5.530494953952785897e-01
3.627811249670003790e-01
5.096315027604025882e-01
9.946383523991574327e-01
7.431009386150100315e-01
3.418952275147223441e-01
4.449322924371823529e-01
6.691209864070609692e-01
4.768002319623314000e-01
9.595566225822849127e-01
4.634856712328749295e-01
5.252874002491000338e-01
4.035424855105439468e-01
6.577455397961009531e-01
8.199081449643388364e-01
7.769454237184985068e-01
3.605168001399777222e-01
6.793394868290559829e-01
5.259573239378719789e-01
1.000000000000000000e+00
2.770309391449031766e-01
5.113720202244815827e-01
4.896995370694782745e-01
8.282763729478940240e-01
2.732878757645063050e-01
5.282532123381258327e-01
2.907109606558245796e-01
5.369856561700628861e-01
2.175366038840064187e-01
7.838906199328687929e-01
5.649043473036212681e-01
6.647775272381447609e-01
1.000000000000000000e+00
9.413929069924864557e-01
5.410936976481162120e-01
3.910786647760150503e-01
3.435393673910822065e-01
5.818091939228046128e-01
5.751095611916317019e-01
3.638742190655905873e-01
2.519924762807879137e-01
2.859725413295760577e-01
3.050738207033750204e-01
3.303848480858253001e-01
7.799255364821426895e-01
7.016546970706728503e-01
5.909622404497959502e-01
2.524077713641429410e-01
6.236514941120987476e-01
5.409094360146251557e-01
4.007802144059449123e-01
4.752767410020153349e-01
3.657521825735546850e-01
8.280060983042020206e-01
4.161462669896173749e-01
1.881407627386965098e-01
4.116101831094875485e-01
4.897739813436091660e-01
4.063363587940186372e-01
3.227654125072766944e-01
6.010060117490955145e-01
4.804603256280853274e-01
4.818078471014275999e-01
6.106183773021363059e-01
7.595998908259036231e-01
1.000000000000000000e+00
5.500236492687029521e-01
5.383109240723070732e-01
3.231572758370646614e-01
2.938614337165764145e-01
4.339320036043457507e-01
