2.924121342498779974e-01
1.000000000000000000e+00
2.305613279062944110e-01
9.946677844802054302e-02
-1.000000000000000000e+00
1.275500158573938114e-01
8.869486214217210396e-01
1.000000000000000000e+00
-6.803416238518513737e-01
2.310242540664952937e-01
7.464538702520250313e-01
1.000000000000000000e+00
4.251244258837026946e-01
-9.548918534916217560e-01
3.386710941741489234e-01
4.604097424350112044e-01
8.220261094950522818e-01
1.175211951482917905e-01
-1.339050443886876940e-01
4.541546967673207869e-01
-9.660978883889822511e-01
-2.765416606306518865e-01
2.165198618529636243e-01
1.541310371870596718e-02
9.147035448676021918e-01
9.752732675621718084e-01
9.904776115877290676e-01
-9.070950137845255057e-01
-9.890294680450943954e-01
1.917200635929714181e-01
6.586568509319621345e-01
1.000000000000000000e+00
2.499807035819908568e-02
4.531508372018486219e-01
5.063524955616902634e-01
6.260706305416625650e-01
-1.000000000000000000e+00
-4.290932615298484465e-01
-1.000000000000000000e+00
6.348410553393024625e-01
-1.659688922050027160e-01
9.257926165290519815e-01
-6.736927163138481944e-01
-2.787813914006338489e-01
5.671451961126291463e-01
3.143642902648251525e-01
-6.987489185299682326e-01
-1.000000000000000000e+00
-4.947224014463613706e-01
1.000000000000000000e+00
-8.141671040629836487e-01
-8.539893883498342886e-01
-1.108361650284195171e-01
-1.000000000000000000e+00
3.821098319700662604e-01
-9.351271040901005804e-01
-1.000000000000000000e+00
2.149376328676373960e-01
-9.659372388916838137e-01
1.000000000000000000e+00
1.000000000000000000e+00
-1.000000000000000000e+00
-3.983479509296090071e-01
2.255238409072494732e-01
1.000000000000000000e+00
-1.000000000000000000e+00
8.326490867629050552e-01
-7.592123745109357058e-01
9.316544439890944718e-01
-5.966217617772175963e-01
1.000000000000000000e+00
5.854364543174486180e-01
4.448536671055368652e-01
-6.514036240196247052e-01
8.011887251271971877e-01
2.841225425418102413e-01
1.000000000000000000e+00
-7.061757184194912274e-01
-7.808532053669053896e-02
2.538123394700678714e-01
-8.310808256631023738e-01
-1.000000000000000000e+00
-9.940077000220874925e-01
8.087068488661970644e-02
-8.328385565630047616e-01
-9.309353353326135228e-01
3.423566338173870127e-01
7.496618764981979322e-01
-9.343493586437852105e-01
9.421942817620203581e-01
4.556033203438348833e-01
-3.275351732459590437e-01
-4.575952474426388250e-02
-8.776130064542917442e-01
3.885537780719544587e-01
-9.600513549292155613e-01
-4.610604182123279743e-02
-4.731918679972386133e-01
6.227828453467757486e-01
1.000000000000000000e+00
2.739433363303089841e-01
3.334875389727989248e-01
3.996519912436077293e-01
-1.000000000000000000e+00
1.000000000000000000e+00
-6.828267131620179287e-01
-3.215740457876807845e-01
-1.466430493606743490e-01
-8.996901299560796650e-01
-1.187719243431718669e-01
-9.971176909500220065e-01
-2.184745217994772948e-01
-9.943001421151345109e-01
9.958879204193360479e-01
-1.000000000000000000e+00
-4.581345068623448036e-01
-6.409456347258498665e-01
-6.160342307625996661e-01
4.869156232008566842e-01
-8.258842807163807587e-01
1.104777537373205359e-01
1.877852638865915580e-01
-9.683765708270470896e-01
-9.781792659225740927e-01
9.480822531106170015e-01
7.640755578238437318e-01
3.969815473048534660e-01
-1.000000000000000000e+00
-1.000000000000000000e+00
-4.165815320865222382e-02
7.335742873358132021e-01
-8.005833932706193923e-03
-8.405389638089817428e-01
1.000000000000000000e+00
5.904697669714834563e-01
-1.836801388792703993e-01
2.548128564435284127e-01
-7.499235522343328242e-01
-9.491298196725658776e-02
-7.372808582994099247e-01
-7.392985910536902239e-01
5.046283775946827088e-01
-9.968566450306493021e-01
9.371489296980008987e-01
-5.891785516189439187e-02
-1.021301045045980016e-01
2.891108379467631218e-01
4.823256020527861287e-01
2.815739247834460057e-01
-6.459608873343641866e-01
7.660550576425348979e-01
-9.916703623970071213e-01
-1.000000000000000000e+00
3.276687586796404039e-01
-3.074969646590135497e-01
5.304195002486596922e-01
2.867378932053368801e-02
8.359431906755580011e-01
7.302615731618833372e-01
1.000000000000000000e+00
-2.898678075788249098e-01
-3.782397703439598080e-02
8.301738060869054969e-01
3.858486126862132881e-01
1.715866186007101168e-01
-3.050392372990831102e-01
-4.144122392931480214e-01
6.837692430521673248e-02
3.557493530527954251e-01
-6.103169085575478325e-01
1.000000000000000000e+00
-9.024461639061750473e-01
-9.771287782844912950e-01
8.926462260524148373e-01
-1.000000000000000000e+00
-6.881204449963121972e-01
1.000000000000000000e+00
-9.867100200452039171e-02
-8.457181182124910990e-01
7.056039658851410712e-01
-4.111459900166624104e-01
4.615154785260514037e-01
8.636923837019017114e-02
1.000000000000000000e+00
-6.501607214075313390e-01
-1.415971168093509702e-01
7.381339560696158486e-01
2.434473598913540482e-01
1.000000000000000000e+00
6.918992567686037543e-01
-8.301671096367175817e-01
1.560433176426205826e-01
3.935808237051143799e-01
7.420857580068281889e-01
-9.087850156801209334e-01
-4.146882563226080287e-01
-3.046365407257159985e-01
2.158924119917279283e-01
-9.752781873563257653e-01
3.747308863580219307e-01
-9.308811691181950732e-01
2.819241998718101661e-01
9.555460771456659730e-01
-8.987090107331638933e-01
-9.019059204124464380e-01
-4.822981041417592207e-01
-7.310396713126949830e-01
-9.550946038358066881e-01
-1.000000000000000000e+00
1.000000000000000000e+00
-9.339650356210257853e-02
-1.509480893704400750e-01
1.719816440461908735e-01
1.841373490544558345e-01
8.908252047757965197e-01
5.598013233538960687e-02
-6.864247383050331441e-01
1.000000000000000000e+00
9.874065534613487571e-01
2.838078420058717799e-03
7.035691803472041705e-01
-1.000000000000000000e+00
4.008054633581512038e-01
-7.695673107569881433e-01
-7.587041595209187417e-01
7.831318310264800964e-01
2.477180535011806739e-01
-9.907381266452501833e-01
8.060253172301663493e-01
-2.128400097232533983e-01
-6.862343581636944911e-01
7.925607520584971866e-01
1.000000000000000000e+00
-1.229550938827010248e-01
-4.768155297482422617e-01
-2.513413323083899531e-01
9.100992255380357943e-01
1.810237414043779913e-01
-7.760995725577519710e-01
-3.858490928598029557e-01
-5.232111753825340328e-01
-9.597080773640178641e-01
-2.661396554046310259e-01
9.433276033262572025e-01
-1.371481823887267248e-01
-1.000000000000000000e+00
9.221908532127247593e-01
-3.797636967034201394e-01
1.000000000000000000e+00
-3.160110063533498881e-01
-8.319804271443418386e-01
-5.448269604005906430e-01
9.949858441759230621e-01
7.586736026123521714e-01
-4.326442929182391928e-01
5.032061963077298916e-01
3.585898435941858864e-01
-7.757864170007954252e-01
5.182481167722287063e-01
8.670012996602007860e-01
5.252897512919401102e-01
-6.848535964329356407e-01
-9.910107192606031346e-01
1.645537433767531310e-01
-1.137386334223584455e-01
4.747039282964535811e-01
4.347253199806286883e-01
2.526763371523934598e-01
5.328234819003553335e-01
3.851595777122236997e-01
7.290806242712175589e-01
5.651036266227220661e-01
4.356192850756562818e-01
4.319079453711960337e-01
5.218561161114272373e-01
4.098026065195060630e-01
4.010729553708300976e-01
3.532346671466718990e-01
6.786211420275145567e-01
6.256945344128035380e-01
6.429657410688045527e-01
4.448509673415930177e-01
3.571450796606037148e-01
2.999699436395700247e-01
3.045937579138261464e-01
7.757923464189108165e-01
7.099777312284294428e-01
5.827958355322708783e-01
8.794661262724969841e-01
3.139985219930947480e-01
6.139587725444186628e-01
5.024003105090190102e-01
7.963811203289514751e-01
4.520886196503923204e-01
4.856667773938566635e-01
3.992682233637518951e-01
4.099586468156578012e-01
5.211221775636181164e-01
6.942938669839251453e-01
6.002568616228576293e-01
4.709682827751188183e-01
4.708835769571657615e-01
4.933209194276981790e-01
5.076670210348912526e-01
3.203725104663515122e-01
4.802641404194737396e-01
1.000000000000000000e+00
7.822685729872701499e-01
3.808568518804067438e-01
4.469609676117539676e-01
3.240232932922595399e-01
4.081337800796545068e-01
4.592903781264197072e-01
5.242771433089823407e-01
5.142403146445992945e-01
5.732971609980037631e-01
8.784615164730814607e-01
7.476524758840059626e-01
6.358274619800603489e-01
4.903442978478492753e-01
4.375159213801205205e-01
5.801244367044574579e-01
5.801320898846182850e-01
6.026019795713017935e-01
9.901656433657590739e-01
1.000000000000000000e+00
6.637162649910965939e-01
9.605553176691676853e-01
5.546824812981472341e-01
4.484444049881590177e-01
5.744408976819515011e-01
7.435551190617819550e-01
6.211692711037537507e-01
6.900822941877549077e-01
3.270002520498106469e-01
4.656175292757729345e-01
4.603357717918207803e-01
7.050082445392552577e-01
5.903741415573370288e-01
5.012917049754010979e-01
5.005674233542559692e-01
6.232782312505973366e-01
6.081746221192450008e-01
3.025597892934465127e-01
4.896614190186681093e-01
8.635775316545435398e-01
7.027525404647367857e-01
5.606985792396523838e-01
6.894974691658060095e-01
4.865550198985292285e-01
5.466074295048721776e-01
4.158339281552193012e-01
4.548751813374206643e-01
9.821480879763009320e-01
4.146780877351800010e-01
6.502834932230645570e-01
3.379713652915019573e-01
9.094587964819895731e-01
2.948277532984787674e-01
4.500427566993080997e-01
4.416484325138068101e-01
3.452421942055057813e-01
5.816371838388030291e-01
3.930517646281556088e-01
8.592126676804534569e-01
4.758652330749413295e-01
5.275198471228926822e-01
8.631659619777465320e-01
9.336874121096976342e-01
8.552893371011356383e-01
5.721335219609793299e-01
7.652369620799697181e-01
2.874982365932406414e-01
9.593472932689026678e-01
6.407592701705635552e-01
6.776875948921421422e-01
6.937332946852392546e-01
5.675182947554496815e-01
4.011965974329597673e-01
7.185685001774207992e-01
8.178637312936010151e-01
4.131611950209258532e-01
6.194196422706199634e-01
4.012297430430279421e-01
2.685018227491174914e-01
4.032117283043403222e-01
4.914043133624546034e-01
4.107109397188801192e-01
5.138617067552572193e-01
7.430745886163769853e-01
5.405649452795229237e-01
3.499858069898795776e-01
8.347590106809803512e-01
5.264438263581547872e-01
1.000000000000000000e+00
6.574976408470705191e-01
3.272765087380590243e-01
1.000000000000000000e+00
4.385343179763359078e-01
4.272996114121120348e-01
5.869732426824896265e-01
3.923353955287305350e-01
7.419778533573166968e-01
5.182060217248564138e-01
6.295486920006694298e-01
2.237274875577029420e-01
7.224837778875692340e-01
7.488538217046276646e-01
4.351119862792343085e-01
2.437160336059301935e-01
6.498484291461397167e-01
4.648628748539096467e-01
3.037144313016848507e-01
4.170611567509375783e-01
5.864699375689723659e-01
8.219459068795652579e-01
6.701318472912936031e-01
8.539463476452480162e-01
5.259017375210883749e-01
4.141307769136888806e-01
3.633248067861156727e-01
3.860180666713991515e-01
4.964977665629412007e-01
3.544304307799739373e-01
7.862202551285337737e-01
4.750679103612654441e-01
3.924965016151494845e-01
2.869804995254950919e-01
4.916546933455441248e-01
5.495886583033553485e-01
6.387335952827136731e-01
9.957044435160196105e-01
4.970853895382681964e-01
8.939496753519331484e-01
5.750176973751031095e-01
9.769559478895529780e-01
4.282170100755317010e-01
6.127283476599725276e-01
7.354404448869087396e-01
5.479073192335253140e-01
2.328733236866772915e-01
6.742495376717358990e-01
5.328866646848613442e-01
4.002743947214735254e-01
5.513983362488484863e-01
9.259477961113846689e-01
7.313749255874681943e-01
3.964205397515412344e-01
1.000000000000000000e+00
5.737439683811831337e-01
4.608395788483051758e-01
5.082546445958349146e-01
4.819410636845320450e-01
6.225749857559088607e-01
7.636380851641143552e-01
1.000000000000000000e+00
5.666434843600821614e-01
3.430760077459951152e-01
6.579481877071152729e-01
4.652193889953420980e-01
8.040921167269150516e-01
2.881221857269746778e-01
5.911583133822464475e-01
8.574529940740088785e-01
8.969429667882147239e-01
5.741976107116855133e-01
6.422949904072807747e-01
4.992991851638007295e-01
4.614669676876906879e-01
4.664972882189115655e-01
3.378574812283079987e-01
7.028834111807575891e-01
8.187551414851889087e-01
8.181233617569912964e-01
7.412610404352582005e-01
5.756702156527906400e-01
3.555939637891866179e-01
3.598498910118147487e-01
3.239213592057912372e-01
4.643653542687712354e-01
5.085730757107762567e-01
1.992917395452249996e-01
6.921457830353576757e-01
6.080330768660910934e-01
8.310621653943203180e-01
3.399580632113233802e-01
4.152352991677087379e-01
7.432377156748388725e-01
7.979518889639731771e-01
4.093021492677418327e-01
3.043616079681870090e-01
5.760533040142876704e-01
4.808497249832406339e-01
8.661328485307314695e-01
9.103125359085348922e-01
4.250341877839148297e-01
3.950655155910216543e-01
8.574317617495483823e-01
4.472159190323647948e-01
6.089551935058928889e-01
6.472152801078443485e-01
5.554811986130426815e-01
3.619032622277328359e-01
3.646165602801114680e-01
3.920609162836565798e-01
5.235654573308743398e-01
4.413475351894913801e-01
3.219661160384463261e-01
3.922800201648942164e-01
2.959109175299112771e-01
4.782156506694495990e-01
4.627470234641060109e-01
2.135331537999661244e-01
9.839793854100591375e-01
3.774698753599758927e-01
4.105108624267719830e-01
6.081640009152202708e-01
5.973138403070870073e-01
4.592572035313312595e-01
5.083626569295816022e-01
3.960003369656812655e-01
7.688415152977374767e-01
2.907956258808067629e-01
4.703517762733683272e-01
5.204690020877715817e-01
4.419888306881992746e-01
5.140987050135622516e-01
9.114934625132342649e-01
9.005625940377937066e-01
5.053341540911258090e-01
