-1.597029634630680872e-01
-2.754913803791139149e-01
1.629118417142544906e-01
1.956727268691271504e-01
2.940874754608900354e-01
-1.125949524486620223e-01
-1.950069846858430433e-01
1.080584595691613387e-01
-9.275115744448629573e-02
-8.227107256305885019e-02
3.026299190555143959e-01
-4.995404863677572749e-01
-5.949400446999333902e-02
-1.184502444103119057e-01
-8.833020971091717910e-02
3.053913980346715240e-01
-4.414750371377190730e-01
9.718562995475472921e-02
-1.475055722777535161e-01
-3.704591603727680482e-02
-1.339006373045055209e-01
-2.477318741084731935e-01
1.456989548087904152e-01
-2.746252098129657870e-01
-1.515971039858531044e-02
7.168582198290182617e-03
3.766996517309750270e-01
-1.227072364477907046e-01
4.793602775217144230e-02
-2.231722868021513151e-01
8.319233774357162603e-02
8.097538370136664332e-02
-4.701344708977838738e-01
-3.309496558410975897e-01
-1.333349406094268275e-01
3.800770129570444356e-01
-8.833623579268091996e-02
2.851369334061963912e-01
6.333726598627749393e-02
-2.139089406663564896e-01
-2.054493141480964458e-01
-2.512977310112269325e-01
5.137354290332416529e-01
9.032943373558853517e-02
-9.172245377384573295e-02
-4.412661154039652089e-01
-1.987386974777464455e-01
2.819009653061914367e-02
8.745523358091050747e-02
-3.210720460126527120e-01
-6.824304726696917012e-02
-2.771249704967217176e-02
-8.696906409747345856e-02
1.878420691229281542e-02
4.908230339885926163e-01
3.248034628255819234e-02
-3.099982226422042242e-01
3.005728107060651744e-01
-2.532386447713406707e-01
3.075601316296250887e-01
-2.691447293346391767e-01
-5.351180938827149181e-02
4.769197841760026702e-01
-8.311549707462008441e-02
-1.162619121871446004e-01
5.998971839994330507e-02
1.984018383851413742e-02
-2.144145900263625185e-02
4.351426281627045478e-01
-2.896690480838469695e-01
-1.841534802603011500e-01
-7.286025388830398575e-02
-9.287176910172655064e-02
-2.238067723225370953e-01
-4.168808607507401565e-01
2.435389065513187679e-01
-6.045017094591982332e-01
-6.640652758067784323e-01
-1.134662179070226595e-01
-2.543380517143180031e-01
-1.972464052326187711e-01
-7.519679279711143083e-02
1.817730227591647374e-01
1.004094131512671961e-01
-4.969257334857030833e-02
1.327191078393636092e-01
-4.199485666253972571e-01
3.162094869149135734e-01
-1.707647404536550284e-01
-5.721057871806571882e-01
3.585066553539105749e-01
-4.151748711048979801e-01
-1.897680736949592939e-01
-7.646700481807103267e-02
8.732218097383991073e-02
1.614961388365659944e-01
4.677557899996771795e-02
1.350609502660439498e-01
-4.043106138184066056e-03
-1.195848433360337387e-01
3.693006413963485501e-01
-1.876195613777109361e-01
1.160971329818429321e-01
-1.843521877138779019e-03
1.517267969720494936e-01
-6.689038230459992684e-02
-5.094802553368935061e-02
-1.529504573837105474e-01
1.360838461505756714e-01
2.856371970033974583e-01
4.340188550497993125e-01
-5.217818597000604131e-01
-1.853079257666470636e-01
-4.501884098486138436e-02
2.696260010999732004e-01
9.848096025455235769e-03
4.461808313991916242e-01
-1.496869176903166954e-01
-8.333869372378790996e-02
-1.046581335100813803e-01
-5.394192202805410397e-02
-1.217294709561506094e-01
1.937422869587404617e-01
8.313153666450048274e-01
2.001872115704244892e-01
-4.156289849370292666e-01
1.739214361369787465e-01
5.004324940039026615e-01
4.016953565390490866e-01
1.514639344948551791e-01
3.157547975402805185e-01
-4.010140340270151871e-01
-1.976061447771661206e-01
-2.145379012319825751e-02
2.206871039994713346e-01
-2.590702076140979915e-01
4.312745263120421058e-02
2.664777972332750544e-02
-3.905133133986301019e-01
-1.895818698305046235e-01
-4.510490338093612467e-02
-4.932914025883622378e-01
8.605232764496359432e-02
4.614817199776827805e-01
-5.123556381471070509e-01
-4.813079783184677218e-01
2.311490707793265043e-01
-2.888197975892102531e-02
4.272326918616897173e-01
-2.512388478019257632e-02
-4.107334486789481764e-01
2.751515236652665730e-01
1.821420751884794964e-01
-1.038804097919324154e-02
-6.258627799659824409e-02
8.034971680469117639e-02
-1.003838504584466662e-01
2.133865556335226218e-02
2.018356761392878923e-02
-4.103772487841618744e-01
1.249842840129081617e-01
2.673207979918633126e-01
-3.641613240427093445e-01
3.076883809042363360e-01
-3.507718641419366734e-01
3.184370767589821405e-01
-4.053302684405983847e-01
1.817232234015683789e-01
2.116757218580576361e-01
-1.857258692694923330e-01
-1.478313790954956519e-01
-3.152169846657260632e-01
7.004839022751137012e-01
-3.887196779481980058e-01
-2.049264901140247785e-01
5.416193397255962827e-01
1.213565650305361565e-01
5.785423051437085795e-02
2.492088324041914493e-01
1.631795375659821079e-01
-2.901099725620339131e-01
2.385053616242983204e-02
-6.709967165010030654e-02
1.948991657430652891e-02
5.694583704768687443e-02
1.630915055957310456e-01
-4.676803478621583965e-01
5.985030498681548350e-01
2.220364885066240523e-01
4.328083052069174319e-01
-7.661017075460718750e-02
-3.212284453392778016e-01
-1.925905162624209077e-01
2.145914560003623628e-01
-1.641025930689069684e-02
-8.210871737934304082e-02
-4.746556862180695280e-02
4.850110365448036254e-02
3.677119068042560002e-02
-3.069189173810327187e-01
-2.487441802640697752e-01
-7.955321021270168880e-02
-2.260082172058220373e-01
1.354698604184501054e-01
1.822304555007695642e-02
3.235032633878267561e-01
-1.184257281877610507e-01
7.328419626222587580e-02
1.076594130094845753e-01
-1.410122349836715194e-01
-2.784578274226575112e-01
-3.624220277028201709e-01
-4.160810929789596907e-02
8.575498896360664314e-02
2.057504859101365047e-01
-1.580678536972973114e-01
-9.430857114063256885e-02
2.546120379214574236e-01
7.575296656488640645e-02
4.847573866810341373e-03
-7.496203905582006499e-02
-1.340451444138329729e-01
3.717681578872691350e-01
5.878372696539141407e-01
8.513330567069668509e-03
-1.252214621492064583e-01
1.824092419223756478e-02
1.851361167205360387e-03
4.474667992082127510e-01
2.684851222060991027e-01
-1.363360362080970334e-01
5.189782733505244883e-01
8.132377935800903790e-02
4.830059762202976170e-02
-2.893787250818618539e-01
-1.535129671760425141e-01
2.272832243233162686e-01
-5.133914733669663055e-02
1.629103152039682589e-01
2.396470468409214183e-01
1.572907057895484018e-01
-1.519439452283968817e-01
-2.456039189358356911e-01
3.740308600128467997e-01
2.376502308032507615e-01
-4.857768421406651327e-01
-5.667102711613832833e-01
-1.196355981893436615e-01
3.858489287869783235e-02
1.641964234498967112e-01
-5.235554849181950354e-01
2.389497338072368582e-01
-1.435788123425587037e-01
2.718265009444262303e-01
-2.531471912764073351e-01
-2.790692146049834066e-01
7.107706815896598640e-02
1.565254065161545416e-01
9.651159895463121141e-02
2.821479575687700359e-01
1.490768375839968685e-01
-6.133934169723235241e-01
5.209330480343201675e-01
-7.782534494297108085e-02
-4.400399712899774052e-01
