Generation: 0 45.6239 1.6825 2.0917 13.9741
Generation: 1 -4.4377 1.8450 7.0183 18.0799
Generation: 2 33.4275 1.9075 10.2967 19.2915
Generation: 3 45.6239 1.6825 16.0474 20.7473
Generation: 4 45.6239 1.6825 29.0105 20.2599
Generation: 5 45.6544 1.7125 34.3011 18.2137
Generation: 6 52.4418 1.6875 40.1364 14.0683
Generation: 7 45.6239 1.6825 40.7552 12.0587
Generation: 8 61.6635 1.9975 41.9880 11.7914
Generation: 9 54.6348 1.7925 41.9278 11.0806
Generation: 10 45.6239 1.6825 42.9267 10.4954
Generation: 11 58.1981 1.7550 44.3030 6.1798
Generation: 12 54.8770 1.8875 44.4216 6.0199
Generation: 13 45.6239 1.6825 44.3064 6.9407
Generation: 14 33.2581 1.7350 44.5706 5.6896
Generation: 15 58.2257 1.9400 43.5626 7.3462
Generation: 16 53.6158 1.7800 40.5773 13.6725
Generation: 17 59.7712 2.2725 44.2720 5.4987
Generation: 18 59.3854 1.9550 43.1104 8.6042
Generation: 19 56.2124 2.0800 42.7843 9.6016
Generation: 20 52.5079 1.7025 41.0807 12.3822
Generation: 21 52.5647 1.8050 41.7434 10.6990
Generation: 22 58.3204 2.0200 40.4406 14.4240
Generation: 23 67.4592 2.2350 42.3078 11.7722
Generation: 24 45.6239 1.6825 40.9532 12.5772
Generation: 25 45.6239 1.6825 40.2134 14.5312
Generation: 26 57.1338 1.9150 41.1080 13.8822
Generation: 27 45.6239 1.6825 45.1666 2.6715
Generation: 28 45.6239 1.6825 43.7919 8.8639
Generation: 29 34.5706 1.8450 42.3664 12.1288
Generation: 30 51.4852 1.9025 43.4696 10.1870
Generation: 31 45.6239 1.6825 42.8522 10.5007
Generation: 32 45.6239 1.6825 43.7396 8.8451
Generation: 33 45.6239 1.6825 42.5008 10.0344
Generation: 34 66.0503 1.9700 43.2008 10.4164
Generation: 35 58.1996 1.9100 43.5943 10.3651
Generation: 36 45.6239 1.6825 43.7990 7.7919
Generation: 37 45.6239 1.6825 43.8046 7.7717
Generation: 38 45.6239 1.6825 42.8672 10.3095
Generation: 39 51.6199 2.0600 44.4694 6.4707
Generation: 40 38.4812 2.1775 43.0289 11.2260
Generation: 41 52.9441 2.0900 43.4392 10.5861
Generation: 42 59.3919 1.9625 44.4600 6.1416
Generation: 43 54.9621 1.9300 43.9914 7.1289
Generation: 44 46.7448 1.7050 42.6096 10.3852
Generation: 45 45.6239 1.6825 44.7333 3.6231
Generation: 46 45.6239 1.6825 42.3807 11.7827
Generation: 47 55.2977 2.2775 43.5036 9.8454
Generation: 48 56.2247 1.9800 41.9001 12.8317
Generation: 49 66.0546 1.9625 44.1152 9.4996
Generation: 50 60.4733 1.9325 41.8947 11.0385
Generation: 51 59.3024 1.8900 43.7419 10.4648
Generation: 52 66.0694 2.0000 45.2937 8.3847
Generation: 53 58.5317 2.1675 44.3484 8.4892
Generation: 54 58.5166 2.1600 44.2041 11.3434
Generation: 55 58.5606 2.1550 43.2357 10.2805
Generation: 56 59.5362 2.0950 43.4626 11.3306
Generation: 57 59.3487 1.9100 43.9198 7.6493
Generation: 58 57.3092 2.0875 42.8769 13.2644
Generation: 59 60.5374 2.0225 42.5864 12.2410
Generation: 60 57.2112 2.0275 41.3066 14.1352
Generation: 61 55.4320 2.3875 43.1338 10.9350
Generation: 62 58.3994 2.0650 42.8091 10.1682
Generation: 63 56.3781 2.1900 44.4191 7.8546
Generation: 64 34.8491 2.1900 43.7279 7.9930
Generation: 65 68.5844 2.2500 42.3035 11.3024
Generation: 66 57.7316 2.4675 44.4618 8.6069
Generation: 67 53.9895 2.0975 42.9598 8.0013
Generation: 68 60.5472 1.9600 42.7203 7.2052
Generation: 69 56.4900 2.3475 44.5540 5.1543
Generation: 70 52.8125 2.0100 43.1324 9.2017
Generation: 71 57.4549 2.1725 43.0146 6.6867
Generation: 72 60.6927 2.1150 43.0158 8.9034
Generation: 73 53.8481 2.0000 41.8928 11.3776
Generation: 74 60.8246 2.2425 43.4222 7.8498
Generation: 75 58.3422 2.0050 42.3500 9.7536
Generation: 76 60.4376 1.9400 43.7238 6.2237
Generation: 77 60.7185 2.1325 44.0490 6.2604
Generation: 78 70.7226 2.1825 43.5987 7.2656
Generation: 79 66.0106 1.9400 44.5338 7.1224
Generation: 80 57.1541 1.9675 44.5203 6.6699
Generation: 81 64.9854 2.0200 43.7520 7.0735
Generation: 82 60.5750 1.9750 43.8974 7.6581
Generation: 83 34.7791 2.2400 43.8373 7.4960
Generation: 84 62.7387 1.9825 43.5593 7.8109
Generation: 85 66.3490 2.2575 44.6572 7.0494
Generation: 86 57.2606 2.0275 44.8896 6.6470
Generation: 87 58.2633 1.9700 44.8638 6.6392
Generation: 88 66.0679 2.4466 45.5220 8.8862
Generation: 89 58.3380 2.9145 45.6122 7.5213
Generation: 90 56.0848 3.3084 44.4726 8.0852
Generation: 91 58.7309 4.3594 45.6707 8.4373
Generation: 92 59.6726 4.6324 45.3348 8.1435
Generation: 93 56.2932 5.0181 45.6940 6.6933
Generation: 94 56.3576 5.6004 45.3135 6.4338
Generation: 95 66.0375 5.5619 45.2639 7.6826
Generation: 96 63.8980 6.1305 45.3977 6.4308
Generation: 97 57.1880 6.6698 44.5297 9.0769
Generation: 98 56.1136 6.9062 44.0319 6.4382
Generation: 99 58.3129 7.2953 44.5353 6.1706
Generation: 100 54.9361 7.7355 45.1644 4.4503
Generation: 101 34.6870 8.8766 45.6080 4.6915
Generation: 102 63.8352 8.3056 44.7713 5.2230
Generation: 103 56.0331 8.8538 45.5330 5.0394
Generation: 104 59.4235 9.3903 44.4891 7.3714
Generation: 105 33.5085 10.5786 44.1571 7.2869
Generation: 106 52.9080 11.0859 42.9418 8.2930
Generation: 107 56.0756 10.6963 44.7001 8.9668
Generation: 108 52.7071 11.2574 44.4094 7.6955
Generation: 109 60.7998 12.8020 44.3647 6.4020
Generation: 110 53.9033 12.1982 43.3998 10.4938
Generation: 111 57.3619 13.1250 45.6785 7.9016
Generation: 112 57.1648 12.9213 44.6760 7.9256
Generation: 113 56.0889 13.4084 45.3132 7.0528
Generation: 114 56.2055 14.3995 44.5376 7.3198
Generation: 115 59.8691 17.0822 46.4728 6.5304
Generation: 116 56.2973 15.9359 45.2857 7.0283
Generation: 117 66.2074 15.7300 45.8203 7.7576
Generation: 118 55.1760 17.1577 46.8995 8.0361
Generation: 119 59.6225 16.8200 44.7711 9.6536
Generation: 120 63.0661 17.8600 45.5374 8.9435
Generation: 121 57.3136 16.5400 44.8445 9.9923
Generation: 122 56.2052 16.8600 44.0364 12.6148
Generation: 123 60.7980 17.6800 43.8314 13.7338
Generation: 124 56.4959 18.9200 43.1150 9.8114
Generation: 125 59.5575 16.9200 44.5752 8.0140
Generation: 126 58.3100 16.0400 45.6024 10.1036
Generation: 127 60.9348 18.7200 44.3419 11.0175
Generation: 128 59.7979 18.6200 45.9779 8.6233
Generation: 129 60.7908 17.6600 47.4017 8.7026
Generation: 130 56.2764 17.5600 45.2533 12.7038
Generation: 131 56.3365 17.7200 47.2721 8.2376
Generation: 132 60.9780 19.0600 49.5619 8.5578
Generation: 133 58.5254 17.3400 45.5265 12.3759
Generation: 134 58.4746 17.3200 44.6349 12.9017
Generation: 135 62.0219 18.3600 45.3351 12.0358
Generation: 136 60.7744 17.4800 46.5383 11.2851
Generation: 137 46.8585 20.4200 49.0302 10.8665
Generation: 138 59.4784 16.5200 46.2861 12.3838
Generation: 139 55.3696 19.8000 47.1032 11.6606
Generation: 140 61.0102 19.3000 48.4106 9.7536
Generation: 141 60.8096 17.7800 49.6777 8.3402
Generation: 142 63.0059 17.8800 47.3008 8.9972
Generation: 143 57.4477 18.1600 49.0268 7.6361
Generation: 144 60.9617 18.9800 49.5194 7.5181
Generation: 145 61.0257 19.3600 49.7242 8.1914
Generation: 146 56.4972 18.9200 48.6803 7.9823
Generation: 147 57.6165 18.7400 50.3300 7.9553
Generation: 148 59.6261 17.5200 50.5487 7.1505
Generation: 149 62.0002 19.1200 50.1150 7.3412
Generation: 150 55.4041 19.1000 50.2990 7.1051
Generation: 151 56.3101 17.5200 49.6677 7.6945
Generation: 152 61.0493 19.6000 49.1540 8.9077
Generation: 153 60.8160 17.8200 50.4415 7.6912
Generation: 154 53.9054 16.7600 50.6597 7.0363
Generation: 155 63.0029 17.3000 50.5493 8.3263
Generation: 156 58.7469 18.9400 50.9820 7.1173
Generation: 157 55.2998 18.4200 50.6219 9.0041
Generation: 158 57.4450 17.7200 47.6897 9.5883
Generation: 159 59.8917 19.1400 50.3249 7.0901
Generation: 160 55.3867 18.9200 49.1754 8.8812
Generation: 161 61.8825 17.3600 50.5689 7.2572
Generation: 162 58.9181 20.2000 49.1121 9.6466
Generation: 163 59.8311 18.8600 48.7492 7.8864
Generation: 164 56.3714 18.0600 49.7716 7.2902
Generation: 165 56.4313 18.5600 48.8361 9.4029
Generation: 166 55.7721 21.4600 46.9756 9.1875
Generation: 167 58.7379 18.6400 48.0602 9.5862
Generation: 168 57.4038 17.2600 47.3212 8.4550
Generation: 169 58.8085 19.3400 47.4031 8.9627
Generation: 170 59.6359 17.4200 48.2951 8.3600
Generation: 171 62.1549 19.4800 45.6484 9.0969
Generation: 172 57.6263 18.9000 48.0817 8.1105
Generation: 173 57.5886 18.6800 48.2498 7.5293
Generation: 174 59.8127 18.6400 48.8035 9.0693
Generation: 175 57.5935 18.5000 48.5143 9.6796
Generation: 176 57.3928 17.2600 48.5201 8.4323
Generation: 177 63.3590 20.0000 49.2972 8.0832
Generation: 178 54.2876 19.1800 50.5226 7.3898
Generation: 179 59.8568 19.0600 49.1336 7.0121
Generation: 180 57.6238 18.5200 49.8916 6.8146
Generation: 181 56.5240 19.0400 50.9535 6.4970
Generation: 182 53.9991 17.1000 50.1934 6.1292
Generation: 183 57.6382 19.0400 51.5654 6.6017
Generation: 184 59.8043 18.6400 50.1776 8.0788
Generation: 185 57.4444 17.6000 52.0163 6.7106
Generation: 186 58.4667 17.1600 50.9017 6.3267
Generation: 187 59.8567 18.9400 51.1991 6.5390
Generation: 188 57.6472 19.1400 50.3817 7.4754
Generation: 189 58.7982 19.6800 51.1500 7.6098
Generation: 190 61.2582 20.8600 50.1009 7.7754
Generation: 191 59.8897 19.2800 51.0670 6.6278
Generation: 192 55.4201 19.2400 51.2604 7.6680
Generation: 193 55.3779 18.2322 50.4591 8.8406
Generation: 194 55.3593 17.4167 50.4055 7.5685
Generation: 195 61.1978 18.4974 51.0209 8.6978
Generation: 196 58.9168 17.4620 50.7473 7.6517
Generation: 197 65.5682 16.9828 49.5751 8.5923
Generation: 198 58.8704 15.6441 50.6613 8.5582
Generation: 199 60.9761 14.4059 51.5703 7.6358
Generation: 200 63.8037 17.2231 51.6542 7.7890
Generation: 201 66.6670 14.9847 52.0538 8.5533
Generation: 202 60.0275 13.1373 49.3607 8.9401
Generation: 203 59.9969 12.2642 49.8419 9.8622
Generation: 204 56.5315 11.4941 51.3054 7.3661
Generation: 205 63.2963 10.8125 50.1197 8.9578
Generation: 206 57.7726 10.4649 52.5931 7.0010
Generation: 207 61.0604 9.4535 51.9733 7.6308
Generation: 208 57.6507 8.6498 51.7626 7.8483
Generation: 209 58.7870 7.9917 50.8952 7.9916
Generation: 210 55.4493 8.0917 52.6651 7.4746
Generation: 211 59.9485 8.1167 51.7351 7.4389
Generation: 212 58.7428 8.0750 52.0784 7.8713
Generation: 213 61.0646 8.1667 52.3113 7.9544
Generation: 214 65.4993 8.1083 52.0466 7.7948
Generation: 215 57.8728 8.6667 52.1134 7.1674
Generation: 216 60.0751 8.4833 51.2665 7.2694
Generation: 217 61.1023 8.2500 52.3458 7.5202
Generation: 218 57.6890 8.0583 53.1763 7.7664
Generation: 219 58.8039 8.0917 52.2469 6.1860
Generation: 220 63.3029 8.2000 51.6673 7.8788
Generation: 221 56.5992 8.1917 52.8054 6.8280
Generation: 222 58.8218 8.2167 53.2258 6.1006
Generation: 223 55.4433 8.0833 52.9325 6.7906
Generation: 224 64.5386 8.5333 52.5300 6.9393
Generation: 225 58.8813 8.2583 53.2905 5.4307
Generation: 226 62.1372 8.0583 51.1149 6.4624
Generation: 227 57.6508 8.0667 52.1309 6.8783
Generation: 228 57.6994 8.1000 52.3071 6.8971
Generation: 229 57.7027 8.0917 51.5813 6.5468
Generation: 230 62.2140 8.1750 52.2076 6.4382
Generation: 231 57.7374 8.2250 52.9071 6.1376
Generation: 232 57.6968 8.1000 53.3957 5.0459
Generation: 233 58.9045 8.3750 52.8416 6.5459
Generation: 234 57.7043 8.1000 53.6064 6.1780
Generation: 235 62.1827 8.1250 52.7810 6.0160
Generation: 236 61.2414 8.6583 53.2127 5.5912
Generation: 237 58.8962 8.3083 53.3118 5.2825
Generation: 238 55.4406 8.0833 53.1145 6.4137
Generation: 239 61.1249 8.3000 52.8996 6.0827
Generation: 240 55.4801 8.1667 53.5075 5.5551
Generation: 241 57.6927 8.1417 54.1946 5.7445
Generation: 242 55.5059 8.2917 53.7062 5.7814
Generation: 243 61.0237 8.1000 53.5991 6.2644
Generation: 244 57.6913 8.1417 53.5639 5.4097
Generation: 245 56.5742 8.0917 54.9250 4.8392
Generation: 246 61.0677 8.2250 54.0533 6.0838
Generation: 247 63.2760 8.1750 53.9474 5.5609
Generation: 248 61.1252 8.3500 53.5767 6.0237
Generation: 249 56.6126 8.2417 53.6541 6.0294
Generation: 250 60.0059 8.3083 54.3224 6.1826
Generation: 251 55.6381 8.7750 53.6654 5.5566
Generation: 252 61.1201 8.2750 53.8219 6.2722
Generation: 253 58.7526 7.9333 53.5508 6.1397
Generation: 254 61.0831 8.2500 53.5179 5.5738
Generation: 255 61.1328 8.3750 52.6756 6.6223
Generation: 256 61.0905 8.2417 54.1779 5.7319
Generation: 257 61.1371 8.4583 55.4371 5.5361
Generation: 258 56.5837 8.1417 53.8545 7.2497
Generation: 259 63.4507 8.8417 54.4560 6.2971
Generation: 260 62.2185 8.2750 53.4651 6.3575
Generation: 261 61.1022 8.3083 54.5764 7.0843
Generation: 262 62.6655 9.6083 53.4794 7.2849
Generation: 263 62.2035 8.2000 53.0633 7.0746
Generation: 264 59.9987 8.2917 53.4170 6.0822
Generation: 265 60.0037 8.3000 55.0183 6.3363
Generation: 266 57.7794 8.3333 53.9996 8.2513
Generation: 267 62.2089 8.2250 53.4783 7.5523
Generation: 268 58.7988 8.0333 53.6146 7.8463
Generation: 269 64.4560 8.3250 53.9932 7.6444
Generation: 270 59.9825 8.2750 54.4401 5.9564
Generation: 271 61.1284 8.3250 54.4056 6.8841
Generation: 272 62.1880 8.1667 54.3567 6.7212
Generation: 273 60.0056 8.3000 53.8410 6.9513
Generation: 274 63.3609 8.4000 53.6827 6.2343
Generation: 275 55.4322 7.9750 55.4093 6.3968
Generation: 276 61.1133 8.3417 54.8773 6.0121
Generation: 277 61.1588 8.3750 54.4145 6.1852
Generation: 278 60.0172 8.3750 54.6132 5.9565
Generation: 279 62.2593 8.3833 55.5434 5.7840
Generation: 280 63.3885 8.4000 54.3424 5.4980
Generation: 281 59.9910 8.2833 53.5655 5.7925
Generation: 282 61.1761 8.5000 54.4265 6.4486
Generation: 283 58.9206 8.4333 54.6190 6.4853
Generation: 284 63.3455 8.3750 54.8870 6.2769
Generation: 285 60.0205 8.3583 54.0622 7.5977
Generation: 286 59.9934 8.3250 54.0214 7.8352
Generation: 287 58.8774 8.3333 54.4788 6.6932
Generation: 288 62.2417 8.3250 54.6923 6.6751
Generation: 289 58.9074 8.4000 54.6326 6.9372
Generation: 290 59.9707 8.2583 54.2407 6.8734
Generation: 291 61.1268 8.3583 54.1202 6.9378
Generation: 292 58.8778 8.3250 53.9528 7.2651
Generation: 293 58.8664 8.3833 55.6156 5.2424
Generation: 294 58.8789 8.3250 53.9890 5.9273
Generation: 295 56.6371 8.3000 54.3594 5.7420
Generation: 296 62.2636 8.4000 54.3628 7.7817
Generation: 297 55.7661 9.1000 54.7470 5.7417
Generation: 298 58.9579 8.4917 54.5306 6.2616
Generation: 299 58.9244 8.5000 54.1114 7.0570