-4.850844895381856148e-02
1.000000000000000000e+00
1.000000000000000000e+00
1.000000000000000000e+00
1.000000000000000000e+00
-2.421221986672852100e-01
-6.625925814696556060e-01
-1.000000000000000000e+00
5.721212728435574046e-01
9.020633643354054598e-01
-7.986916859052658468e-01
-6.502506315621912059e-01
6.325092649103302156e-01
1.000000000000000000e+00
-4.945643200614796564e-01
-1.000000000000000000e+00
-8.425855162280465604e-01
2.194027016710985711e-01
-4.412832046565346583e-02
-1.000000000000000000e+00
-4.695003813477655608e-01
1.317344712936577289e-01
-3.979576300021863133e-01
7.136771352869837326e-01
1.000000000000000000e+00
6.589283702305958057e-01
3.938442809597900718e-01
1.000000000000000000e+00
1.000000000000000000e+00
2.251893568774253340e-01
-5.637660426584583107e-01
3.043651116751742158e-01
2.077420587594375478e-01
-2.238457807461948779e-01
-1.000000000000000000e+00
1.000000000000000000e+00
-1.000000000000000000e+00
2.932764884722895982e-01
6.956920623446554153e-01
-4.438667457995904009e-01
5.703787597122657038e-01
1.000000000000000000e+00
1.000000000000000000e+00
-4.481851766669077697e-01
2.299216207518305910e-01
4.971125021608620020e-01
-9.180515936493032214e-01
-1.000000000000000000e+00
1.000000000000000000e+00
4.846024771799162245e-01
-8.049665382850792472e-01
1.000000000000000000e+00
-4.756512401793082656e-01
1.000000000000000000e+00
-1.000000000000000000e+00
-7.359801610561600427e-01
-1.000000000000000000e+00
-2.092029268971060119e-01
-2.090256350803776364e-01
4.920391743555717623e-01
-2.041378253785772756e-01
1.000000000000000000e+00
1.000000000000000000e+00
-1.000000000000000000e+00
-7.976057238897908963e-01
4.360317063528113546e-01
-8.748127563396979056e-02
-7.108825009271546591e-01
2.128397634105365643e-01
1.000000000000000000e+00
-8.470389692297408679e-02
1.800298362891846471e-01
9.540906656622190063e-01
-4.901860990648582161e-01
1.000000000000000000e+00
4.168990829148647159e-02
-6.402228445753259667e-01
-1.000000000000000000e+00
9.016226491255296960e-01
1.389430328572002216e-01
1.000000000000000000e+00
-1.000000000000000000e+00
-4.025445038659038466e-01
-1.000000000000000000e+00
-4.425860373721332564e-01
-1.000000000000000000e+00
-7.442344999436487640e-01
1.000000000000000000e+00
7.882061268376698848e-01
6.987335239604385295e-01
1.000000000000000000e+00
-3.421377591635144100e-02
-1.000000000000000000e+00
7.729343654963320986e-01
-3.689962773567962429e-01
-5.814711947291526517e-01
1.000000000000000000e+00
-2.814452282196000521e-01
1.913485861056180015e-01
-7.620920089297604783e-01
-1.483828345615340050e-01
-1.000000000000000000e+00
1.607164725373493308e-01
-4.374782063063057391e-01
-1.000000000000000000e+00
-7.879745301681524428e-01
1.000000000000000000e+00
3.384752168314766885e-01
8.751667423525431033e-01
-1.000000000000000000e+00
-1.000000000000000000e+00
3.450127779180833798e-02
2.538702616476463669e-01
-1.000000000000000000e+00
-4.059450985475344109e-01
3.852497690230399230e-01
-1.000000000000000000e+00
1.185616987404213285e-01
-1.000000000000000000e+00
6.494305879783957014e-01
9.503293690773126912e-01
-6.926708237895487508e-02
4.717999296793864428e-01
-1.000000000000000000e+00
1.000000000000000000e+00
-1.000000000000000000e+00
7.741121528185486156e-01
-4.391537962822110730e-01
-4.417436236438287978e-01
-5.698689456506322859e-01
1.000000000000000000e+00
-1.000000000000000000e+00
-7.969948613130950488e-02
6.037748695015234812e-01
4.006142735470764604e-01
2.469961720690083684e-02
-1.000000000000000000e+00
-8.686638201168627171e-01
9.504524504126713458e-01
8.646137785261077680e-01
1.348273302024128595e-01
1.239669182974547090e-01
-5.216407227398425217e-01
-6.235439866684148180e-01
1.000000000000000000e+00
8.732831585721241574e-02
1.000000000000000000e+00
-4.348346543296882638e-02
7.643725899401682122e-01
1.353869998756646043e-02
-8.777579313640894165e-01
9.238994401819042857e-01
-9.984535882416978314e-01
-1.000000000000000000e+00
-1.000000000000000000e+00
-2.496883008457766451e-01
-1.000000000000000000e+00
-8.155713850259629361e-01
1.000000000000000000e+00
4.178970496697748116e-01
9.315305601920842449e-01
-8.443636269135935679e-01
-1.000000000000000000e+00
-9.828867035432320431e-01
-5.847441504875452445e-01
1.900626875566795992e-01
1.000000000000000000e+00
-6.921922225904221238e-01
-1.000000000000000000e+00
1.756404599191691840e-01
-5.890210950730117023e-01
9.280366804230573141e-01
6.082056381082079355e-01
-2.728073227322191374e-01
-3.689387535099243332e-01
3.986470629453870984e-01
2.769492056854631068e-01
5.945898197966010823e-01
1.000000000000000000e+00
3.572579562671622799e-01
1.651984296794212215e-01
-5.205004567473943133e-01
-1.000000000000000000e+00
1.000000000000000000e+00
1.000000000000000000e+00
-4.116282896289900073e-01
-5.618347015972616765e-01
-1.000000000000000000e+00
-6.415720764797738784e-01
-9.542434233747065786e-02
-1.000000000000000000e+00
-1.000000000000000000e+00
3.935666060318881998e-01
-9.070699949813083585e-01
-1.000000000000000000e+00
-8.077840173230255161e-01
1.000000000000000000e+00
-3.025652616521279370e-02
6.413280629390480381e-02
-1.000000000000000000e+00
6.841176030060146518e-01
3.857616891111641522e-01
-1.000000000000000000e+00
-1.000000000000000000e+00
-4.464367011555024911e-01
1.223613296396741656e-02
1.979590571354989670e-01
7.897626613640242876e-01
1.918190647489086409e-01
-7.493279898761706637e-01
-2.175782303906669268e-01
-9.608204768152506237e-01
7.496216118752572211e-01
9.218114724642856306e-02
1.000000000000000000e+00
9.775361892738220204e-01
7.227416729651886529e-01
-7.084421658590576154e-01
1.000000000000000000e+00
-1.019488780391130944e-01
-1.000000000000000000e+00
-8.401717885531700958e-02
-9.779602786759556965e-01
8.338511675297763936e-01
-5.380761686184143411e-02
-3.021854213100025888e-01
4.065682675145148028e-01
-1.000000000000000000e+00
-2.412441622436877209e-01
2.542876097255395429e-01
-1.995809459182151802e-01
-1.000000000000000000e+00
2.446570469412502336e-01
7.887928105050342475e-01
1.000000000000000000e+00
-9.637174341254521881e-01
7.443356629082282794e-01
-3.270805728373941124e-01
-1.000000000000000000e+00
-1.000000000000000000e+00
-1.000000000000000000e+00
-1.000000000000000000e+00
1.917756924562435683e-01
6.803898774902750191e-01
7.152365015216088917e-01
1.000000000000000000e+00
9.331091966336314547e-01
1.000000000000000000e+00
1.000000000000000000e+00
6.482052318913655853e-02
4.410400227926486449e-01
-8.091637758485604737e-01
1.000000000000000000e+00
8.130720427989190924e-02
-9.420840935618430834e-01
-1.000000000000000000e+00
1.000000000000000000e+00
-4.935975423929346295e-01
1.000000000000000000e+00
-6.297162309285411208e-01
-7.414414181719857222e-01
-1.000000000000000000e+00
6.542676146807975268e-01
8.755465920057172724e-01
9.729446260225019794e-01
3.279507001268521793e-01
1.000000000000000000e+00
9.105608495765541432e-01
1.000000000000000000e+00
7.457271444278402717e-01
7.733013915856088438e-01
3.686991386302227447e-01
6.791852550116230791e-01
3.611869326598389773e-01
5.347523173688784048e-01
7.565982661953523092e-01
4.118718256839647429e-01
3.723278626562425142e-01
9.233470539213938233e-01
1.875252984043918048e-01
8.886603114472876319e-01
1.000000000000000000e+00
7.045590586959679102e-01
7.726247783533629621e-01
3.331803665437266804e-01
1.000000000000000000e+00
7.340421396668290743e-01
6.743756074573673542e-01
4.014928895771341377e-01
7.902940692664154332e-01
4.261419204559999674e-01
2.534469099169320283e-01
8.591815121753519913e-01
4.696300549645455180e-01
7.051877596381913582e-01
1.000000000000000000e+00
4.111271850640343395e-01
1.000000000000000000e+00
6.132106009260339663e-01
5.217685996931328285e-01
1.000000000000000000e+00
7.603489388116965175e-01
5.839487849202722458e-01
3.750961717789790262e-01
9.204496786309184220e-01
4.294998010096406915e-01
8.306475433071068837e-01
4.815519719439116941e-01
2.298365496246366491e-01
5.013015281301256287e-01
8.706576606527934858e-01
9.454384374934236002e-01
7.031142518161951349e-01
9.697350048490482877e-01
1.000000000000000000e+00
3.652850201977141387e-01
6.904913170143810452e-01
6.540249468933538868e-01
6.187425589170189033e-01
1.000000000000000000e+00
6.957539888040062959e-01
3.196533913680076888e-01
9.668680360665431461e-01
7.096847947825021263e-01
7.078335884471236295e-01
2.764644613810935403e-01
8.287842051301813617e-01
5.615399560301312931e-01
8.643630201514849176e-01
9.014138474387106692e-01
6.153113068944301434e-01
5.489598236460003777e-01
2.218406487013059314e-01
1.000000000000000000e+00
9.767736027288695944e-01
1.000000000000000000e+00
5.025095394830734197e-01
5.903049387466818843e-01
4.073611706422041179e-01
5.724673510786186803e-01
3.325827344958585119e-01
3.035625663240927308e-01
2.251731188573160014e-01
8.903461746201293270e-01
3.931313624215744817e-01
6.670995709086211534e-01
9.700962704217263033e-01
9.925577100889062532e-01
1.000000000000000000e+00
7.297327545084391076e-01
7.120256067851324921e-01
7.348600882434310755e-01
5.947645937798927696e-01
1.000000000000000000e+00
1.818702830523903635e-01
9.134126513967069094e-01
9.904525405737217847e-01
1.000000000000000000e+00
3.797112002795319796e-01
8.883418469040266219e-01
6.288014500442649091e-01
8.758663621395874621e-01
7.159750775232693876e-01
4.494261101694844718e-01
5.284606719485879234e-01
7.569268256976897646e-01
6.971447220048253568e-01
7.141451802783891356e-01
9.475997816184317246e-01
7.861000220404433803e-01
9.657773248289328594e-01
5.169598938658411802e-01
5.115286394028268901e-01
3.189704286634817976e-01
1.000000000000000000e+00
1.000000000000000000e+00
4.649119846595596295e-01
1.000000000000000000e+00
8.757799080716872631e-01
6.296946858146350579e-01
9.733602871606329421e-01
8.139261602183208710e-01
4.542449716169224549e-01
5.133373447894374886e-01
3.981492972310493039e-01
9.370481287181684493e-01
7.071263876839294360e-01
1.812551058433267415e-01
4.855502628308946966e-01
3.486678803187145959e-01
7.562173980738216006e-01
5.580278419477017193e-01
8.626996242565463380e-01
1.955909446250803929e-01
7.173736182655511273e-01
9.890972297023600257e-01
1.000000000000000000e+00
5.159159160254441767e-01
4.076134943604681204e-01
1.000000000000000000e+00
4.617352168833336878e-01
1.000000000000000000e+00
3.443876697814138299e-01
3.554116890119816130e-01
6.792764217864415421e-01
7.293942565683405599e-01
8.317854802957245219e-01
5.985429818469339969e-01
4.274139823894549939e-01
1.000000000000000000e+00
7.609593993596487360e-01
8.112030366216504973e-01
3.439278243435238691e-01
9.117257726735136236e-01
2.729819687334841261e-01
7.830814516941404513e-01
6.097290862639554998e-01
1.000000000000000000e+00
6.957676555226770532e-01
4.613442949853511221e-01
2.841045870168072973e-01
8.954365855293191512e-01
6.960809762053605798e-01
5.388477571838843350e-01
5.916034472187655657e-01
4.374123503205549213e-01
4.669945685310544214e-01
7.846123904561691509e-01
6.214223493462448511e-01
9.324981962265288526e-01
5.405923426756765737e-01
5.384934401776231283e-01
1.000000000000000000e+00
6.051452474616801913e-01
2.815968353958580583e-01
8.637610806960449583e-01
3.543943761474312448e-01
8.488781662101596570e-01
3.449247981542312158e-01
3.888415313923737071e-01
6.382233007465176744e-01
6.872688761237278898e-01
6.385715683209521876e-01
1.614289494888188348e-01
6.252442117420169421e-01
7.144506974059613436e-01
7.244146805174309645e-01
7.001482585089880972e-01
3.570764248011630837e-01
3.087083735106185278e-01
1.000000000000000000e+00
7.275259815548309472e-01
1.000000000000000000e+00
1.000000000000000000e+00
8.499528986783710938e-01
9.313551322805240229e-01
7.763087828523470568e-01
5.146041372809410097e-01
8.630799569213927214e-01
1.000000000000000000e+00
5.213929162166521802e-01
5.183656595387312604e-01
5.535937974774414183e-01
4.969365182728937569e-01
1.331698225388082135e-01
4.756571945329381990e-01
8.824491796030201618e-01
1.000000000000000000e+00
3.128065309053532639e-01
6.055838945631701886e-01
9.024903730715311267e-01
2.845432666883384032e-01
7.619683343591743263e-01
6.530715211490202288e-01
9.930329947531885137e-01
7.541149728764090510e-01
1.000000000000000000e+00
4.669944603078848844e-01
6.923261622279004435e-01
6.738407401552625187e-01
1.000000000000000000e+00
8.884446711641499350e-01
4.459580320784233831e-01
1.000000000000000000e+00
5.718790880974510271e-01
6.247282381893689562e-01
7.898108720093068857e-01
3.424849671510916682e-01
4.657891016837238385e-01
4.809371047047487080e-01
3.616699736474658922e-01
7.023847060167294210e-01
5.442347002536006562e-01
5.739425420090308316e-01
9.030360685143834498e-01
5.770067771121561995e-01
9.135089116271508658e-01
4.185939872046040011e-01
1.000000000000000000e+00
1.000000000000000000e+00
3.956833086111132824e-01
6.371044555165559231e-01
7.968764024537695612e-01
1.000000000000000000e+00
5.776204099415741533e-01
7.404474782087101525e-01
8.207691410240469665e-01
6.076564368362596946e-01
2.694974807115353421e-01
4.250777955866156810e-01
8.429547331037394731e-01
7.642998362883972607e-01
1.000000000000000000e+00
8.791424713446536199e-01
6.698381205615425715e-01
4.297937483603173070e-01
6.102405471909801982e-01
4.425823473382899387e-01
9.955584028491863968e-01
4.738982234919107972e-01
5.058045513761724177e-01
1.350764992281791865e-01
1.000000000000000000e+00
6.320841384263439222e-01
2.220095624957222069e-01
5.897038615666937433e-01
2.676706315596732444e-01
8.742939574986069440e-01
4.331788429496747361e-01
9.747759709517880289e-01
