5.489563373886965358e-01
1.000000000000000000e+00
-6.492843167334467758e-01
-1.000000000000000000e+00
-1.000000000000000000e+00
-6.806095109293193168e-01
-6.907425943066898277e-01
7.121431291812972963e-01
-3.132394713731034841e-01
2.013577341951781063e-01
-1.000000000000000000e+00
-1.687258454946465314e-01
1.000000000000000000e+00
8.717656290691631060e-01
9.386174747512354699e-01
-1.000000000000000000e+00
2.134852082658159067e-01
8.900035477755172120e-02
4.913840108643307003e-01
-3.604961299431347355e-01
-1.000000000000000000e+00
7.933836094921398185e-01
-4.344429434838583126e-01
1.000000000000000000e+00
1.347142588407508612e-01
1.000000000000000000e+00
7.485095923330967738e-01
-1.000000000000000000e+00
6.738243768697697034e-01
1.000000000000000000e+00
1.000000000000000000e+00
5.150081767558460921e-01
1.724889249086640208e-01
4.830453630023628930e-01
3.416294900710722393e-01
-7.065971493971584527e-01
-5.187344203676264032e-01
6.448409003167339115e-01
-5.071002414949836723e-01
-3.649307907599290690e-01
9.091381298142642287e-02
8.835710511755254792e-01
1.000000000000000000e+00
5.138176889366189437e-01
-7.317138199387979158e-01
1.000000000000000000e+00
5.181992463225313372e-01
-1.000000000000000000e+00
1.000000000000000000e+00
2.937108532101689318e-01
-1.814274807030213932e-01
1.000000000000000000e+00
7.734427947524926683e-01
-9.496660023336123135e-01
-4.314939694393158387e-01
2.058680338077371885e-01
1.000000000000000000e+00
-1.000000000000000000e+00
-8.176899248398021847e-01
1.000000000000000000e+00
-6.976825634731220749e-02
1.256110239038488174e-02
1.861648246305399601e-01
3.264326125394677314e-02
1.000000000000000000e+00
3.164411148611762092e-01
-3.043026626569716453e-01
3.688756267038846293e-01
-1.000000000000000000e+00
1.000000000000000000e+00
-2.771455314536724335e-01
-7.084752203691834227e-01
3.562885156152789667e-01
-9.957006371657103339e-01
-1.000000000000000000e+00
3.642418216351467342e-01
2.110623358484999823e-01
-7.090918986690274428e-01
4.369826864559690494e-01
1.000000000000000000e+00
-1.000000000000000000e+00
-1.403510319153116748e-01
-3.385001360521681102e-01
1.000000000000000000e+00
-5.854380965049266194e-01
7.836360683279234296e-01
7.124932538357237055e-02
-5.362049887750950372e-01
6.263243852559254865e-01
3.058357190260214131e-01
-4.003049120895179058e-01
-1.000000000000000000e+00
-6.294656913489957706e-01
2.516331900544953037e-01
4.277805807987320463e-01
-3.731486557925037806e-01
1.448052024159109663e-01
2.077597998107969524e-01
3.109632961118659611e-01
-5.971737025927588149e-01
-6.460860216002396461e-01
6.107553394766029875e-02
4.042508157676460434e-01
-1.000000000000000000e+00
6.519793119912431489e-01
-1.000000000000000000e+00
1.804343416458173421e-01
7.299857044016789809e-01
-3.010616470975174819e-01
6.845584605941581469e-01
-8.577915799652746642e-02
-9.645469505893797812e-01
3.629763193497447804e-01
9.028062594983800315e-02
-2.302867893832459267e-01
-9.453621865888556242e-01
-7.853618585760333559e-01
2.723506836826093958e-01
5.506844535335491120e-01
3.885389879911557154e-01
-9.805192153814594747e-01
1.299620559569133471e-01
2.773884606213137261e-01
-3.070573593611937158e-01
-1.000000000000000000e+00
-3.858329895584817204e-01
7.175172632974955444e-01
-1.000000000000000000e+00
8.966092664854891092e-02
8.193183354733182266e-01
1.000000000000000000e+00
-3.881444670820912712e-01
-4.362995740987681004e-02
-1.000000000000000000e+00
-8.225582075442013918e-01
-2.047710944157931645e-01
1.000000000000000000e+00
-2.719821533538373248e-02
1.000000000000000000e+00
-8.052054679378793933e-01
4.284571445810508861e-02
-6.120962246707282173e-01
3.887404340375599787e-01
-1.000000000000000000e+00
-5.179518899057773407e-01
-3.915813846988591695e-01
1.540708226155150795e-01
9.457171094613440188e-01
-1.000000000000000000e+00
-2.111077299857359868e-01
-2.787373304344347158e-01
-1.505758669133718253e-01
-1.000000000000000000e+00
1.000000000000000000e+00
1.000000000000000000e+00
3.014746208900914715e-01
-1.003406384945854102e-01
-5.566394056836768689e-01
-4.220794406539506438e-01
-1.505173967686594672e-02
1.000000000000000000e+00
5.498605253655095559e-01
-7.070733926381470580e-01
-2.910948944486433376e-01
-9.361665168398278780e-01
3.307818716287108662e-01
5.606169730873333812e-02
-1.000000000000000000e+00
1.000000000000000000e+00
8.820442149289966505e-01
2.086832123103764536e-01
-3.511031887425750120e-01
4.050632836681563598e-01
2.345511336074512787e-01
7.481242179804219461e-01
4.958155335639916061e-02
-6.360658716621111486e-01
-5.610372381867233527e-01
1.000000000000000000e+00
8.865773137486321342e-01
9.712965065051499813e-01
6.784808447315806568e-01
-7.314270768187982608e-01
9.745830950707650153e-01
1.000000000000000000e+00
9.116075102970983002e-01
1.000000000000000000e+00
-1.729208957338050912e-01
-2.103693118822718977e-01
-9.551399687308976816e-01
1.000000000000000000e+00
1.046953590331515249e-01
5.083998319262447163e-01
-3.685624869819528193e-01
-9.966127653349628190e-02
1.000000000000000000e+00
1.000000000000000000e+00
-2.719408768769674412e-01
-6.510081144076247384e-01
1.000000000000000000e+00
5.123946937498268239e-01
-9.130403989049105107e-01
-8.261340322103377654e-01
-3.942720069774002800e-02
4.032847905209843153e-01
9.792680155753179516e-01
-9.376492280861217221e-01
1.000000000000000000e+00
-8.262223100830200229e-02
7.215259913384819423e-01
-5.476736324231330499e-01
5.550522875585310878e-01
-5.924920800314179559e-01
1.000000000000000000e+00
1.000000000000000000e+00
5.414950175422683643e-01
-9.387881224552614423e-01
-6.932899151544283933e-01
5.080989697632988245e-01
1.000000000000000000e+00
9.451265957371590698e-01
-4.000227665565320168e-01
-9.316927572689489567e-01
-1.388827594023528400e-01
-4.554010296252127277e-01
4.782286017149097734e-01
-6.062342684352131639e-02
4.252241567579414516e-01
-6.529549376811705219e-02
-7.342331325384217067e-01
-1.000000000000000000e+00
1.000000000000000000e+00
-6.133300118062688933e-01
3.014041767747307476e-01
-1.000000000000000000e+00
-2.856636396267183686e-01
7.589439852684984888e-01
-1.000000000000000000e+00
1.000000000000000000e+00
7.778438660236196567e-01
-2.518450234915843855e-01
1.000000000000000000e+00
4.917141782080436396e-01
-4.786371041129448001e-01
7.125642494908074331e-01
-1.000000000000000000e+00
7.117054679376244586e-01
-8.282449129641713537e-01
1.000000000000000000e+00
6.245950946856397845e-01
1.000000000000000000e+00
-1.000000000000000000e+00
-9.851485346980582980e-01
-1.000000000000000000e+00
2.831310082709562748e-01
-8.568535511329549159e-01
1.000000000000000000e+00
4.862931087451189960e-01
1.000000000000000000e+00
-1.000000000000000000e+00
8.215626893819891752e-01
1.000000000000000000e+00
1.000000000000000000e+00
9.218515914701540526e-01
-1.000000000000000000e+00
6.136350204122724694e-01
3.323073125479520384e-01
7.854038779090933842e-01
1.541449190183487028e-01
7.005711712757605181e-01
2.815375477126944026e-01
4.343913523483607375e-01
3.828236274390501848e-01
5.505604278402214113e-01
1.972419564860896091e-01
1.000000000000000000e+00
7.615920780082133801e-01
1.000000000000000000e+00
5.162839917756114616e-01
2.899771714280115487e-01
7.476386205259966111e-01
6.704799445922964285e-01
2.554203012212898916e-01
4.628710897568235616e-01
1.791365242355703602e-01
3.118092972707308674e-01
1.141801021314181180e-01
1.479835181909890940e-01
7.693958952730455270e-01
4.701166518605801592e-01
1.000000000000000000e+00
4.077957381622169808e-01
3.254197949787435706e-01
1.642406761311469843e-01
6.962636742769536813e-01
5.766447638871849968e-01
2.302346298956825243e-01
5.028086053107923004e-01
6.400202684040108281e-01
5.441373655752789196e-01
2.038116515113415628e-01
8.136965356793062210e-01
4.646351159997731406e-01
1.050856209686905074e-01
3.758398180694919044e-01
8.502761762452886174e-01
3.116851195150578402e-01
3.512138315029849078e-01
6.730475389217213666e-02
6.624581126095588912e-01
2.857340965579240333e-01
4.947758785989760377e-01
7.355820128127620317e-01
2.241485791980731002e-01
2.254658336500624249e-01
2.912903911776258958e-01
7.858803980629471830e-01
6.288763144997430166e-01
1.091243151254631394e-01
6.043025987754910844e-01
4.004246933381356843e-01
5.312946746236005824e-01
8.544634120137785116e-01
6.690551316357460365e-01
3.591764196666413222e-01
5.504086089877099353e-01
1.680841130986608645e-01
2.334576904203915504e-01
3.768032091611855372e-01
7.429789183451039891e-01
5.280174098596020216e-02
4.737110529332415054e-01
3.117622767677846740e-01
4.628237765976737084e-01
3.356193552671235536e-01
6.014384090264388583e-01
7.163789495320385670e-02
5.677634917046978646e-01
5.359501383865378221e-01
7.264626027307706790e-01
9.271690711446749500e-01
7.946462540458950619e-01
2.742319787792640295e-01
5.486262445072924709e-01
1.000000000000000000e+00
5.869031647048673639e-01
1.456160694648955256e-01
4.660096310677145359e-01
1.398859035687654850e-01
5.272338132211036310e-01
6.816375645888654855e-01
3.288695684555754672e-01
4.915238103621834553e-01
1.524423248492970118e-01
2.552361550652771927e-01
2.307691063556859268e-01
7.175526199171888830e-01
1.000000000000000000e+00
8.813300318755379337e-02
3.206018098538039318e-01
1.000000000000000000e+00
1.088208282233996543e-01
5.243812667341700706e-01
1.166986034702950509e-01
9.958032839865674779e-01
3.265688501555978340e-01
9.273424248115287316e-01
1.000000000000000000e+00
7.697685287275193300e-01
4.025331968210730249e-01
2.325423575161946199e-01
4.064768623499387390e-01
8.421404327479133090e-02
5.359379297028772360e-01
7.612778045111424641e-01
5.572326349740245321e-01
1.923840182028962176e-01
3.046799423544635510e-01
5.866567205983129751e-01
5.536888697643869151e-01
3.979972386604219703e-01
1.667560355649212178e-01
4.598206826614249093e-02
8.434812360305016243e-01
2.868420025612205548e-01
1.585422099284633790e-01
2.758875714691293446e-01
2.543767793285889867e-01
9.126423035411468376e-01
1.000000000000000000e+00
1.456118147600825030e-01
1.487759343880111773e-01
8.195689614186431049e-01
2.754774730173306097e-01
2.077722370973372756e-01
3.563849363300346518e-01
3.710280288724428499e-01
9.988929545499071194e-01
1.000000000000000000e+00
5.138195365084122779e-01
9.627392030460757422e-01
3.906077213591206410e-01
2.240738429783441232e-01
8.614019264559759081e-01
8.580314427004373523e-02
7.156453297327840524e-01
3.479894590874097471e-01
5.644133260263555218e-01
3.999630514035311113e-01
6.316064613592747845e-01
3.886259333988669185e-01
1.104833275425663730e-01
2.408815099949569716e-01
7.372263231526257066e-01
3.337822557660681255e-01
3.620676464042187348e-01
6.770274185544358225e-01
6.121462666797677921e-01
8.776134945925339048e-01
5.476909890444184859e-01
5.845979150662888868e-01
1.038418496116987194e-01
1.610750120163620125e-01
1.419142826467252039e-01
2.889574679882825903e-01
6.474490130308293567e-01
2.647514033956189783e-01
7.318674387439295659e-01
4.142739595816148923e-01
1.651046507202356406e-01
8.169909807759052900e-02
7.787860259870834634e-01
4.567337494922049101e-01
6.731814964134561485e-01
7.864952661670631118e-01
3.397749011936991304e-01
3.130505702099455889e-01
3.653584154879753743e-01
6.921591913423779108e-01
9.764118983437770904e-02
6.607299642533748241e-01
5.042198244203559276e-02
3.024090899814019795e-01
6.065117624486850989e-01
4.492749226546806085e-01
1.207246225125489930e-01
9.363186566043509851e-01
2.471628446660430467e-01
3.306271774546443165e-01
8.174287888159080806e-01
1.548482561564063498e-01
1.000000000000000000e+00
5.418694634387454245e-01
3.954052227892535520e-01
1.160062205618018344e-01
1.000000000000000000e+00
1.377769247268914310e-01
6.547693977517344832e-01
7.413691578604856280e-01
5.074896836487474694e-01
6.702939424530172108e-01
1.000000000000000000e+00
2.873202637700501549e-01
3.831813516569826383e-01
8.457631833083987249e-01
2.610784105479888595e-01
2.861989727735099742e-01
4.189337223371408236e-01
6.622988664565724326e-01
6.243845332462044651e-01
5.754277206715695536e-01
4.705795476127186405e-01
7.178318727411414635e-01
2.270381936341862306e-01
5.144299610957860924e-01
7.847376143701128015e-01
2.760404900659321203e-01
2.847265647511679765e-01
5.599928137270936412e-01
4.038841534500500763e-01
6.293748527857916386e-01
1.076737225296395123e-01
5.048344864923457465e-01
2.897538935524971437e-01
7.673587807311328390e-01
5.737358360955053804e-01
2.238564736205566064e-01
2.341906123519696403e-01
3.908849072132408731e-01
1.057553806265374152e-01
1.304161262478339134e-01
4.378263766304402727e-01
1.000000000000000000e+00
2.672795790783201175e-01
7.723981867752341968e-01
6.857505271254558110e-01
5.054719106580352062e-01
5.743267624648156211e-01
4.180544434639015261e-01
6.009105548285008647e-01
5.762355630263337192e-01
8.783324566375300124e-01
8.586931080478414913e-01
5.620343755318887302e-01
1.000000000000000000e+00
5.166268132273283964e-01
3.680489189454875243e-01
2.632812869754918017e-01
8.225604393099584799e-01
4.277253883683863056e-01
6.859624204598233632e-01
7.096090392729376140e-01
1.329441357735163809e-01
5.456106321558663597e-01
1.765950183755246317e-01
7.696732996340687194e-01
3.016621419695796336e-01
4.924310563986309397e-01
5.745596984691180298e-01
4.323552571520229426e-01
9.502534845343884040e-01
6.104360793319864031e-01
3.810912283020410074e-01
1.757021188557750802e-01
4.080524894130498903e-01
5.457073948970895261e-01
7.406114640582089903e-01
8.736262087248569674e-01
8.138139567217009818e-01
1.000000000000000000e+00
