9.375933868662866821e-01
5.254814501128373117e-01
9.103025103497763837e-01
-8.581406744780122331e-01
-9.442761728777903096e-01
-2.677612927061925330e-01
5.113527895405217683e-02
-9.035907678501589047e-01
7.010873258408739650e-02
1.621990194435957711e-01
1.000000000000000000e+00
-2.680496967156165145e-01
-5.493741739413312564e-01
-6.298958333990384295e-02
5.099390651760103976e-01
-4.950676496545947103e-01
1.000000000000000000e+00
2.816760621959244482e-01
-6.200578287337108474e-01
8.742545724249479733e-01
1.000000000000000000e+00
-5.855667844742148964e-02
4.810117367261713683e-01
2.479466659834372033e-01
-4.238295226420851769e-01
2.466330709615485173e-01
-5.352934895617944555e-01
7.259728735798229859e-01
9.882649471660032159e-01
-7.448788728290788308e-01
1.000000000000000000e+00
3.024538698491421318e-01
4.337711970088857782e-01
7.691091611269846862e-01
-1.848609822330457286e-01
2.822398051102213978e-01
9.094797999519304010e-01
1.996970048531035991e-01
2.593642803971530353e-01
5.702709185958609872e-01
-5.261289629931000800e-01
7.977067226040079895e-01
6.733116848302805879e-01
9.397875962984163500e-01
7.913149886746061457e-01
-3.045155931938403060e-01
-9.605697809048659996e-01
3.303482331736271038e-01
1.000000000000000000e+00
-4.013589439892477073e-01
-4.512678115595685768e-01
1.000000000000000000e+00
9.743388377786142973e-01
4.065195640148559775e-03
-6.978847197308872818e-01
5.076668639118226967e-01
3.893424300650348835e-01
1.829255792446043971e-01
-8.895850702405402322e-01
1.918426795809978769e-01
-5.848930574506447932e-01
6.122659648632602369e-01
-4.320597973989658280e-01
-4.889461489408012396e-01
-6.317445871355067410e-01
-1.000000000000000000e+00
4.034199609779213214e-01
-3.191214155367072536e-02
4.247389049403859085e-01
-5.212359715568675167e-01
-7.378825597607019393e-01
1.563508301279153689e-01
5.760808808510509138e-01
5.356375844679039933e-01
-1.000000000000000000e+00
5.200363253973110389e-01
3.119736843547356586e-01
1.000000000000000000e+00
-1.120128246037586789e-01
8.547943642431422573e-01
-3.867243370612598596e-01
3.504926053650179174e-01
-3.869027325816212226e-01
-3.230976483005235655e-01
2.256375238143071282e-01
-1.000000000000000000e+00
-7.248656442339354022e-01
3.684647986746052428e-01
-1.469681022233544354e-01
8.945631840647192412e-01
2.285277672394805948e-01
6.757378281020549604e-01
2.401297225077184128e-01
-1.000000000000000000e+00
-7.231359085083908234e-01
-6.489903533684451276e-01
-9.339417832706062850e-01
7.135461060960182067e-01
2.379387141618382051e-01
-5.711580251703816113e-01
-1.000000000000000000e+00
3.593455827337056485e-01
3.842986220679639464e-01
-7.595370999421727776e-01
-1.000000000000000000e+00
6.145327628021547417e-01
4.338696694748623295e-01
-4.883652596054995354e-01
8.773040734249140105e-01
-2.791870525860785102e-01
1.016263669595049712e-01
-1.261497405511357028e-01
1.000000000000000000e+00
-2.581478397388874413e-01
6.880540334530304003e-01
2.360831883860786684e-02
6.186236019267261632e-01
-1.000000000000000000e+00
-6.756880338224293681e-01
2.600858583989593686e-01
4.963937255813158922e-01
4.930195779266561273e-01
-6.040324725122234728e-01
-5.965482033775431070e-01
-1.190874320875844883e-01
1.000000000000000000e+00
7.750933216753298494e-01
-9.423872884676087747e-02
-5.988587034670376230e-01
-5.909853182328383969e-01
-6.662145628906219752e-01
1.000000000000000000e+00
-3.057487504086853214e-02
6.049923347458548983e-01
-3.390968465805910270e-01
-3.136995223577634384e-01
7.403867711918987737e-01
-1.416735529280199746e-02
-8.388863485477175974e-01
-2.666666656746826680e-01
2.585776778845449986e-02
-4.159084611905918827e-01
-7.851524075513715006e-01
-8.213690672163317386e-01
7.966411315465161957e-02
5.251075611679207888e-01
-6.184587845737531397e-01
-9.746634377534048044e-01
-6.112114719565677756e-01
-1.000000000000000000e+00
3.659222736521615671e-01
-7.319213981156392768e-01
3.754463711576057627e-01
4.376336943838358695e-01
9.534887683990309615e-01
-5.838555252271371288e-01
-1.505330233278294461e-01
8.757204530266707865e-01
9.484871423629127607e-01
-5.428684491382198551e-01
-1.432657514216355010e-01
-4.153408974064477510e-01
1.000000000000000000e+00
7.967370491674887756e-01
-3.802367386356778622e-01
3.338595225505965880e-01
7.712990509281991702e-01
-1.000000000000000000e+00
-2.838492769715906805e-01
-1.157121699242627533e-01
1.657085879844376053e-01
-5.862297458244554171e-01
7.640513117256355624e-01
-5.656435567379105578e-01
6.194729360519388717e-01
-1.000000000000000000e+00
-7.499181856464582907e-01
9.166682635717146033e-01
2.858855548309665040e-01
-8.459310153843008218e-01
1.000000000000000000e+00
-6.714561818648555336e-02
-1.000000000000000000e+00
-3.952768053653355484e-01
9.218319425621612773e-02
2.906003470114472131e-01
7.448390658557575428e-01
5.458200794889065399e-01
2.877254278786818276e-01
-6.430480064311748789e-01
-9.976116002707070551e-01
-7.292271173220097324e-01
-8.530792668106594867e-01
1.516739555765031500e-01
8.188706753971540797e-01
7.601964110545720299e-01
4.263380626365361192e-01
-9.674285138100191528e-01
-5.118920116622676098e-01
6.190664380610391149e-01
3.395787424631788731e-01
-2.851229155718848496e-02
-6.580857546229365029e-01
8.289021107252603215e-01
8.716705680360405939e-01
-7.942692942634627107e-01
-2.837180826914551535e-01
1.000000000000000000e+00
-3.396864021822970647e-01
-8.534269420135541795e-01
-3.184489333000928291e-02
-8.273347569683896507e-01
9.982270120324800988e-01
-1.225483577696895032e-01
-9.361048712404349548e-01
-2.548726613896608040e-01
-1.000000000000000000e+00
-6.658686498264182463e-01
2.409999759795623531e-01
-5.333141477311718059e-01
-3.832050140603486255e-01
7.943172270977045812e-01
1.000000000000000000e+00
3.781940961495037778e-01
-1.566980540094697061e-01
1.403378912839963744e-01
-6.641875322330718090e-01
-1.000000000000000000e+00
9.770244801785121780e-01
6.637483372263881520e-01
-8.411996256988585330e-01
8.526288067873790677e-01
9.412919458849396959e-01
7.208821746176099499e-01
-5.114422992663719691e-01
-4.245768473975954360e-01
8.607851741843025595e-02
-5.717697985589602627e-01
-7.222472295862960578e-01
1.286544443610431465e-01
4.054333552644863170e-01
3.654049679409028251e-01
-1.000000000000000000e+00
2.765622648143566953e-01
5.724512907155692165e-01
-1.000000000000000000e+00
-2.758102577665051403e-01
-1.000000000000000000e+00
7.499905899389773811e-01
8.063042194277918462e-01
-5.954384814153650396e-01
8.778545345327481986e-01
-1.000000000000000000e+00
-1.475578114251970274e-01
2.657068060683624444e-01
3.044875701479811125e-01
7.957603863711466552e-01
1.000000000000000000e+00
-8.143686061725109449e-01
1.846400345100816520e-01
5.998896172990535458e-01
-1.000000000000000000e+00
-2.806489479121940245e-01
-6.488579220604443476e-01
2.175149052142614781e-01
5.712469193969942349e-01
5.628240818406755608e-01
5.892764760619408904e-01
6.350810289263176811e-01
5.307958019742620159e-01
5.241878362599490249e-01
4.649348857688358483e-01
3.896933390692248755e-01
6.733608440452127919e-01
7.882539725193127289e-01
5.377745262618576216e-01
4.491839690277514840e-01
6.496214141425808997e-01
3.236446088609661320e-01
9.561142131900679519e-01
7.245616940643129222e-01
9.419522403858078263e-01
7.215098429126554080e-01
8.956022094063187389e-01
4.326143462512670457e-01
1.000000000000000000e+00
6.269131050769454205e-01
9.842710926065496579e-01
4.604502059035023853e-01
4.687011635451513447e-01
5.371045461196534143e-01
3.753889461004678019e-01
4.372705968952141919e-01
5.698179662844010673e-01
5.641734679144104758e-01
5.918119218290883721e-01
6.618893335295181757e-01
8.839941761055438718e-01
5.452298299985407493e-01
4.734172023763951742e-01
4.671122948031152244e-01
5.061470750856787992e-01
2.987944002768287977e-01
5.468034574663502845e-01
6.441797333795201697e-01
6.598256574238914318e-01
7.296193185657561253e-01
4.703277928101267102e-01
5.480864147361758087e-01
5.740999906588670765e-01
6.491245481780298920e-01
6.868086266929698258e-01
4.498992717955955234e-01
4.122534835999519531e-01
5.698312900807867010e-01
6.569301208020239535e-01
1.000000000000000000e+00
5.215216390334219687e-01
8.124463207725960423e-01
6.838870327968078477e-01
4.125650713028666816e-01
2.481705096055772941e-01
6.370138666260829474e-01
5.829487405170523662e-01
3.701506878026628033e-01
5.224344815843565693e-01
6.891880230103013538e-01
4.331017818274381370e-01
6.869267457551312406e-01
5.011693631940941085e-01
5.252146013799882107e-01
6.119231142689651737e-01
4.233462624425304854e-01
9.257730325782564940e-01
5.827954427522323844e-01
9.079682091016846313e-01
5.769869245440035765e-01
5.827683717535755425e-01
5.780033543373868099e-01
5.314364672917487598e-01
9.569508935838526575e-01
8.755803921756235564e-01
6.604487126902347516e-01
5.186058113240030742e-01
4.333204925808523678e-01
6.190682631740100916e-01
7.371143344668742436e-01
6.767035178047919874e-01
8.542666381734549397e-01
7.297967953249777651e-01
5.570297432462424370e-01
3.032344921770748769e-01
4.408037006955796144e-01
7.713405926563143833e-01
4.648303530214625279e-01
5.944171947235352693e-01
3.804486385254283176e-01
2.847193615000872535e-01
3.611134309141682541e-01
4.484388784816880635e-01
5.203691755514872064e-01
5.718907996886564149e-01
4.448100372906708122e-01
8.942914144778885133e-01
3.393826274422409028e-01
4.491204203681249396e-01
6.016256905221801787e-01
8.358094303881313802e-01
4.665247243845085379e-01
1.000000000000000000e+00
6.652184868229160664e-01
5.546005636859834276e-01
6.273889830110028765e-01
3.251009795610472208e-01
5.919263020046554580e-01
3.391190858892499937e-01
4.231427920862934067e-01
5.230694672365584497e-01
4.804443700237256420e-01
9.500469539884117687e-01
6.301684674294893984e-01
6.317226587725028875e-01
4.744097964994248295e-01
5.780181489745819245e-01
4.009217105110902679e-01
6.697275140482157330e-01
5.810791748125538891e-01
7.341061112147042600e-01
6.042208530472601424e-01
5.355326115501773954e-01
3.740074532038812904e-01
7.044900807281297972e-01
4.858266352842653957e-01
5.573165743522059401e-01
7.628917456846763256e-01
4.334926952881628659e-01
9.184384829292348007e-01
5.035859135618057092e-01
5.563172336097585990e-01
3.837042898077260844e-01
4.394827888362913271e-01
6.651598759749499656e-01
6.623873891403383452e-01
9.807603430560534186e-01
6.038370849875387414e-01
4.610199179637629596e-01
9.722870293790515372e-01
3.237806837950905625e-01
8.780403480737710709e-01
4.758792780712346460e-01
3.729779336153017377e-01
6.417770624670295909e-01
5.144389938923625838e-01
3.241286693281414943e-01
6.265632310335564892e-01
4.351134084638479393e-01
5.426893755662866026e-01
7.268954644550398303e-01
5.814712127143365494e-01
3.751013535032433621e-01
7.156022222971630820e-01
7.198498172045337817e-01
6.435279146272805395e-01
7.700965352784679974e-01
9.191275972981172160e-01
3.907846415415580088e-01
5.891734907766988938e-01
9.564292932266607039e-01
4.368650973231872348e-01
6.824907367021955107e-01
6.386131010624600535e-01
5.462945211791988553e-01
4.861250084961726836e-01
6.458466863230084565e-01
4.450082467804231667e-01
9.524916323448928690e-01
1.000000000000000000e+00
5.544764158366126683e-01
7.540565189080350450e-01
4.848143564310086751e-01
4.291674698697733326e-01
5.299576213969947602e-01
1.000000000000000000e+00
5.891144865385316010e-01
3.304591294077795505e-01
3.432929472202900234e-01
5.986970670561397867e-01
9.371304967406820507e-01
5.155804478438809069e-01
4.991802886110775495e-01
4.280194717172122187e-01
7.543469600855433610e-01
5.662932528946705846e-01
6.907712945032125074e-01
4.944511921675666666e-01
6.467221109646819066e-01
5.271420332632559269e-01
8.247325608493725202e-01
3.998736504200645081e-01
4.315277447075377415e-01
1.000000000000000000e+00
1.000000000000000000e+00
3.360090190201069360e-01
4.985686848563362084e-01
5.361921097154955795e-01
4.190285024874367270e-01
7.741034694379611558e-01
6.066426842955079390e-01
6.119818113334934973e-01
5.774614190875245745e-01
4.622232494929570112e-01
7.855611215490292398e-01
5.053682521471323241e-01
8.016101489910191225e-01
5.962838579149871698e-01
5.333825217826626552e-01
7.965578059625872953e-01
6.157565048533555352e-01
4.503357700310905987e-01
8.254310332026193464e-01
7.105039584296526378e-01
4.698395890019264054e-01
7.038474768511411295e-01
5.766671056102358195e-01
9.385175362963198431e-01
8.925842726532806637e-01
6.690343181314557519e-01
6.013982350484543549e-01
5.821846727645383357e-01
5.514910766633319694e-01
3.670982823612026769e-01
5.466760220148161320e-01
6.444611312837000838e-01
6.040813750902057633e-01
9.273389721898680493e-01
6.126316508464755284e-01
5.051971331122950826e-01
9.071974065849464086e-01
8.463912858921390781e-01
4.600153695732892567e-01
5.021102270839297166e-01
5.686095980429068941e-01
5.524499725109220938e-01
4.387379892826168137e-01
3.699415711634996828e-01
4.245850242459514590e-01
6.302523095938830089e-01
4.804228948242045272e-01
4.753796299693722194e-01
6.606904516243872205e-01
5.639936022517604286e-01
6.603221143484436784e-01
1.000000000000000000e+00
6.365336923722693108e-01
3.369487832323220800e-01
4.865419319973287582e-01
7.652314790398031530e-01
5.444368761808298096e-01
6.966441322697656258e-01
6.584114213910815527e-01
5.465852795214790616e-01
5.456917481381596824e-01
1.000000000000000000e+00
5.350677752663653974e-01
4.302576924575776118e-01
6.492987963118096451e-01
5.058646832652997638e-01
3.554149154193233517e-01
3.149121304797722898e-01
6.310309777975654510e-01
