-2.277521131438535740e-01
1.000000000000000000e+00
5.475882259022299969e-01
1.000000000000000000e+00
-5.578968170129652293e-01
1.000000000000000000e+00
1.000000000000000000e+00
1.000000000000000000e+00
-8.501905625442538472e-01
9.359763683286323466e-02
6.279997315894867427e-01
1.000000000000000000e+00
5.076864833358670781e-01
-9.214489411720154788e-01
2.668377730228770894e-01
1.000000000000000000e+00
9.511119311514379948e-01
-4.672623158695626833e-02
-2.106536124439052915e-01
8.349460285121641512e-01
-1.000000000000000000e+00
-4.825236090309454884e-01
3.386958085860410916e-01
1.342841114740875030e-01
8.299119200967444154e-01
1.000000000000000000e+00
1.000000000000000000e+00
-1.000000000000000000e+00
-9.893206594519861063e-01
-4.041931777771740064e-01
5.513839509637566971e-01
1.626991766934695605e-01
-1.207359574682463632e-01
-1.000000000000000000e+00
1.718121135540334743e-02
3.440325775231654615e-01
-9.940538515535737307e-01
-5.445847483566520486e-01
-1.000000000000000000e+00
1.723856442700186231e-01
7.394699492757976778e-01
1.000000000000000000e+00
-4.828895304586656168e-01
-8.622355989884214478e-02
-1.440074868202266822e-01
2.180364598762651873e-02
-1.000000000000000000e+00
-1.000000000000000000e+00
-9.280824623726791067e-01
1.000000000000000000e+00
-5.509125698229861978e-01
-9.998686548412430986e-01
4.861307518777707171e-01
-9.769632008174022886e-02
2.418917279760578187e-01
-8.840187546720494893e-01
-8.291181425672367045e-02
1.000000000000000000e+00
-1.000000000000000000e+00
1.000000000000000000e+00
1.732063138465379515e-01
-1.000000000000000000e+00
-1.000000000000000000e+00
-7.947331948100405663e-02
1.000000000000000000e+00
-9.231746796713538039e-01
6.148360719048228118e-01
-1.000000000000000000e+00
-5.351351629532249410e-01
-2.008243275506482739e-01
5.078594558759921274e-01
1.000000000000000000e+00
8.718816677462160047e-01
-1.000000000000000000e+00
3.366499298033308607e-01
1.000000000000000000e+00
2.372554547922998136e-01
-1.000000000000000000e+00
-5.548195088353855553e-01
1.607393906756790503e-01
-3.164339334800212455e-01
-1.000000000000000000e+00
-7.969232086152790995e-01
2.188953743961243592e-01
-6.240692335986829375e-01
-8.245517024367138292e-01
-2.586544948060413018e-01
3.735864652404266573e-01
-1.000000000000000000e+00
7.186619369501776600e-01
5.790491717552223028e-01
-5.290627126799183344e-01
3.359581836984095182e-01
-1.000000000000000000e+00
-1.707615477346669519e-01
-4.866932226162993813e-01
8.351755425108997599e-02
-5.494732542942588616e-01
1.575256507265541672e-01
1.000000000000000000e+00
7.877860983748358192e-01
1.000000000000000000e+00
5.142481934007534505e-01
-8.872395999069011552e-01
3.191603707903070131e-01
-1.000000000000000000e+00
-3.597535789477104284e-01
6.084637017582483764e-02
5.266079398163234782e-01
2.006078059143203418e-01
-5.606332336708910180e-01
-1.000000000000000000e+00
-1.000000000000000000e+00
7.932652057570698245e-01
-6.220863235868241414e-01
-4.953603363168561091e-01
-4.970725287164567407e-01
7.836654098417950021e-01
6.493618185873861748e-01
-5.814825734688391368e-01
7.027968181039701001e-02
-1.193745943858626202e-02
-1.000000000000000000e+00
-4.799177949715293656e-01
1.000000000000000000e+00
2.860737403334313589e-01
6.090311565813320005e-01
-1.000000000000000000e+00
-8.167930507756856473e-01
-2.302178930927485379e-01
2.501083984494304469e-01
1.124775215123408889e-01
-1.000000000000000000e+00
3.124233057841775407e-01
7.449269338790887041e-01
-6.161172445298823686e-01
3.725706010674779689e-01
-4.742140337142486395e-03
-5.583448558803032480e-01
-3.425740515049376378e-01
-7.538682862374321836e-01
1.000000000000000000e+00
-9.304803733167995583e-01
5.539490637384412164e-01
9.037830757622675182e-02
-4.164266823847361243e-01
3.663359283301466096e-01
7.462485045558009400e-02
1.846926140053798404e-01
-3.624574200595174212e-01
2.981500317095531205e-02
-1.000000000000000000e+00
-1.062140732562791845e-01
2.994302631842819529e-01
-1.056905909513976005e-01
7.136755545304231951e-01
7.694089093093601228e-01
7.893984530378362896e-01
9.755881306557973032e-01
1.000000000000000000e+00
-7.627988773112462928e-01
5.481273233217327789e-02
3.398047195502551521e-01
1.603192200575180859e-01
1.000000000000000000e+00
-1.758280994934121044e-01
-5.514958259076699898e-01
-3.557970965057115076e-01
4.872517801483134958e-01
-8.632782766314350820e-01
3.753838291792737092e-01
-6.754612050392252431e-01
5.999708531748781937e-02
-7.300550956876763475e-01
-3.627828829553793044e-01
-7.250202285864102425e-01
4.337572775170518424e-01
-1.718051258176022389e-01
-4.286652167059325502e-01
8.604693267966996295e-01
-1.000000000000000000e+00
7.265839685582926588e-01
6.562904206193842516e-01
-9.640606786871633860e-01
1.817434500569916622e-01
-3.217960874649696823e-01
1.000000000000000000e+00
2.954316738500333273e-01
9.865011849649681919e-01
-2.542415632630151689e-01
2.263773867196565703e-01
8.966891740103054564e-01
5.490714949342325735e-01
-1.473389668979315781e-01
-1.000000000000000000e+00
-3.031958754119813415e-01
-1.809968223835198287e-01
1.238106868068022948e-01
-1.000000000000000000e+00
-7.313870549091820994e-01
-1.000000000000000000e+00
-6.597414651821293941e-01
3.590100518439087729e-01
-9.248036151101644009e-01
-6.497423905077150952e-01
-6.834332829704045098e-01
-1.000000000000000000e+00
-3.912535101172931462e-01
-1.000000000000000000e+00
5.097008350269439658e-01
-3.875985663300582362e-01
-1.605438918387415703e-01
-1.054100717106685459e-01
5.119933071106363975e-03
6.134758288212184274e-01
1.000000000000000000e+00
-7.401514108846266593e-01
1.000000000000000000e+00
8.434383353094631053e-01
5.453086323934167590e-01
1.000000000000000000e+00
-1.000000000000000000e+00
4.928051541319241613e-01
-1.000000000000000000e+00
-3.832917636668042860e-04
7.092407178054800365e-01
9.611012482051206618e-03
-9.808340715534971110e-01
7.123991337879549413e-01
-5.791253153360212957e-01
-8.115986683484344155e-01
3.137905384410900611e-01
7.061890374922245028e-01
7.516096265711996738e-01
-1.000000000000000000e+00
-1.000000000000000000e+00
1.000000000000000000e+00
7.512291055227535708e-01
-6.066776793216024366e-01
-2.293876696928300596e-01
-9.518284049740213248e-01
-1.000000000000000000e+00
-2.107838153649126967e-01
1.000000000000000000e+00
-5.127927465730713896e-01
-1.000000000000000000e+00
1.000000000000000000e+00
2.068763347305505595e-01
1.000000000000000000e+00
-2.709584766105777032e-01
-4.164196756543779854e-01
-1.000000000000000000e+00
4.916950796506885935e-01
2.367885386055314512e-01
2.886298757362376621e-02
7.185948874451448809e-01
-2.975100296717059223e-01
-8.787394304153584024e-01
-3.136113856167928038e-01
7.911408820520076102e-01
-9.161251506715317738e-03
-9.193087653972864537e-01
-7.589247100892270170e-01
1.000000000000000000e+00
-1.309974088750021082e-01
5.722732146421561916e-01
6.048680216977257995e-01
3.190048253312502968e-01
6.675574393900410852e-01
4.180199815710521904e-01
6.345992071978179272e-01
6.863387461123036104e-01
3.485585283361761211e-01
3.409493044989619359e-01
5.591800370429795830e-01
2.736450977584390376e-01
5.211413288788430132e-01
3.001384413786143956e-01
6.887200527900703140e-01
5.677856607477168582e-01
6.370814986384454315e-01
3.787753433329679731e-01
2.757540971243931383e-01
2.268668168984470379e-01
3.406087145297715946e-01
6.490202226316763578e-01
5.264119051468431065e-01
5.413298638884852521e-01
1.000000000000000000e+00
3.262601380500859127e-01
6.262931867156918964e-01
4.875922140134940630e-01
9.159145757473582394e-01
3.785161165104291014e-01
4.193416022911867769e-01
3.751185287573452487e-01
3.183167465128763363e-01
4.553138823707453264e-01
8.412206685343038837e-01
5.112971315651145821e-01
5.245433293300715283e-01
4.418617734511307571e-01
3.648836456472159817e-01
5.288933590019659903e-01
3.696121840131397218e-01
3.927995680214430574e-01
1.000000000000000000e+00
7.216403958883153003e-01
3.775640823572433136e-01
4.330316363566680815e-01
3.396846169174502217e-01
3.192081001833342313e-01
5.016152862748882724e-01
4.577947760440074787e-01
4.455279723259639169e-01
5.491466514447178593e-01
7.389708032540519556e-01
4.467886191325001199e-01
6.665627508975965343e-01
4.073063027194003261e-01
5.110813778013335584e-01
5.275758586126987337e-01
5.075752799930645098e-01
5.240795750603474135e-01
1.000000000000000000e+00
9.517518039704463417e-01
7.247573862066202244e-01
9.937774826510551440e-01
6.277184804583795241e-01
4.080637985212020591e-01
5.267910035509342226e-01
6.986973906512327082e-01
5.343988403317426750e-01
7.942121079798367678e-01
4.305234985595089992e-01
3.509172071447008157e-01
4.633307954234375803e-01
6.789135406942404805e-01
4.449982293450828186e-01
4.741712100624545512e-01
6.162121043104098472e-01
6.809000043820242487e-01
6.289151674320293539e-01
2.250740357101715938e-01
5.299105424143011334e-01
9.720292100009766401e-01
8.678388049845044971e-01
5.575414163925911382e-01
6.331249673748070572e-01
4.260595567431511022e-01
5.959703614200749788e-01
4.583586102957085684e-01
3.808349857653684500e-01
1.000000000000000000e+00
4.467874434342602452e-01
7.329735796311790397e-01
4.312510439425442654e-01
7.978868895097679381e-01
2.276764200933808768e-01
5.369606690827866124e-01
4.599731777542562794e-01
3.068470154659080351e-01
5.122795529723119801e-01
3.566005070106166297e-01
9.020193000066569766e-01
4.006491578504087214e-01
4.718124741220453555e-01
1.000000000000000000e+00
7.542430173955293471e-01
7.946820129061058502e-01
5.171061339631017884e-01
7.149669076409167490e-01
2.807218667916081545e-01
7.132413601033273931e-01
5.253332474344898362e-01
6.871030681663141682e-01
8.078816181353339898e-01
5.580781822062194086e-01
3.492318211721176513e-01
6.649594987851208394e-01
6.369950188633497490e-01
4.142215143807090882e-01
6.353949651794031928e-01
3.014835153410486690e-01
2.622037141091060897e-01
3.233267664506998540e-01
4.109526709770797148e-01
4.074821975387394324e-01
4.732841469900208597e-01
8.720922090490903500e-01
5.096359478759447947e-01
3.114899681645996177e-01
7.545169598818328716e-01
7.082141023061839791e-01
8.172527740963911880e-01
6.180836045463540263e-01
3.557713837813310520e-01
1.000000000000000000e+00
4.326188088855377756e-01
5.170236130360866822e-01
5.591500773647681832e-01
4.549256272303488502e-01
9.812652954349823098e-01
5.120011725475072106e-01
6.570535222145339471e-01
1.795689902379418723e-01
7.647582392173014609e-01
6.046866936863894981e-01
3.520803944147807840e-01
2.653367939886883686e-01
5.363918013946089580e-01
4.337007624770498615e-01
3.181090802585916921e-01
4.412086523386806736e-01
6.384658101646979445e-01
7.476405441190366874e-01
7.013907343086215329e-01
7.899808170917884675e-01
4.496208407393098572e-01
3.888801837909160453e-01
4.323919724960615940e-01
4.476515390545245388e-01
5.066834748908028985e-01
3.516281275473581713e-01
7.291669913864614605e-01
3.838204937149367058e-01
4.177917777284785861e-01
2.903170722062873299e-01
5.137466572972112511e-01
7.295789471892000222e-01
7.173650416439063537e-01
9.389142777647323523e-01
7.347532016088461626e-01
8.171790296826677569e-01
5.824055951613986704e-01
1.000000000000000000e+00
3.785994957612466849e-01
6.131799334194603102e-01
7.303118674036132019e-01
7.282769533508945958e-01
2.074500812118951765e-01
1.000000000000000000e+00
4.513441423365200378e-01
4.456940830749057669e-01
4.001100008880905112e-01
1.000000000000000000e+00
7.566845414526781610e-01
4.429525599982757078e-01
8.313939941878442097e-01
7.300207435409310497e-01
3.819221048622967185e-01
4.669657906745651732e-01
4.911661795195778613e-01
5.122014835712773717e-01
6.485036506026542469e-01
9.795345694749346688e-01
7.700161923538137998e-01
3.258550610942141379e-01
4.179379007276772251e-01
3.431753083031676699e-01
8.437454011758204198e-01
2.407436696848789803e-01
6.876229901504136155e-01
7.961015727893053784e-01
9.275347645253473328e-01
5.446494092339336790e-01
7.690750843254025026e-01
4.914482535194036328e-01
4.338754320169071477e-01
5.634554214277219808e-01
3.273382589572607082e-01
7.585239245797819052e-01
5.368142252697480910e-01
8.454798173712311238e-01
7.449179879048847264e-01
6.141433394198649864e-01
3.237968457692495527e-01
2.780365428673370332e-01
3.286044956014554375e-01
4.935143663020538640e-01
5.490055626151960633e-01
2.152183260230029205e-01
6.177896239498888997e-01
6.677541747433606290e-01
1.000000000000000000e+00
3.263625175832262637e-01
3.228689302818538165e-01
5.366300212640146006e-01
1.000000000000000000e+00
5.327276095531491285e-01
2.077359058814423898e-01
8.965859395568037682e-01
4.099285429128304292e-01
8.538750728434240100e-01
8.150121692471711254e-01
3.678666137453976970e-01
4.191048197950467680e-01
9.024704064484265764e-01
4.680956327534419037e-01
4.126879237087873742e-01
6.659494443266721353e-01
6.618398587295899471e-01
4.008500752365030673e-01
4.067672280017987085e-01
4.096164093935526496e-01
4.632861251263316604e-01
4.503463320148051729e-01
3.784370669418597455e-01
4.918917304081416586e-01
2.519411597809771974e-01
4.252360608856984303e-01
3.095402231945327265e-01
1.876264858569951233e-01
1.000000000000000000e+00
3.523287784711164328e-01
3.617932109538879448e-01
6.468558188168226364e-01
5.728471866122728517e-01
4.770536690347199071e-01
4.508628253082471726e-01
4.455059554286798229e-01
8.299917854557462560e-01
3.248338392896576998e-01
5.407587086142705557e-01
4.097420873137200270e-01
5.426947081277686546e-01
4.406243406503193016e-01
1.000000000000000000e+00
1.000000000000000000e+00
6.341737063339425440e-01
