-9.877929687500000000e-01
7.952682941470805567e-01
2.420290802607545366e-01
-9.877929687500000000e-01
-4.299955668861946689e-01
9.877929687500000000e-01
-1.000000000000000000e+00
9.877929687500000000e-01
6.808133080464897624e-01
-6.808983739374374622e-01
-1.000000000000000000e+00
1.000000000000000000e+00
-9.877929687500000000e-01
7.188265235724468072e-01
1.000000000000000000e+00
9.877929687500000000e-01
1.518486883291287892e-01
8.796742617745800796e-01
-9.943996824007887980e-01
2.255976763455028178e-01
1.284338812508512562e-01
8.971570573715233199e-02
-9.877929687500000000e-01
-9.922750419075011541e-01
-9.877929687500000000e-01
9.877929687500000000e-01
-7.471888874511118939e-01
-1.000000000000000000e+00
-9.386142974859068566e-01
5.319346547872646491e-01
1.000000000000000000e+00
9.877929687500000000e-01
7.895287497766878548e-01
-3.993854256546970904e-01
9.556614308116333500e-01
-9.877929687500000000e-01
-8.609785021593679977e-01
2.239061134778660422e-01
-9.154757725524671486e-01
-8.702457488825339205e-01
-4.919243576614006352e-01
-7.479411060103917652e-01
1.000000000000000000e+00
-2.092369115698411719e-01
-7.160653555673358595e-01
9.877929687500000000e-01
8.830259642733568892e-01
-1.741474041832521691e-01
-9.877929687500000000e-01
1.000000000000000000e+00
-1.000000000000000000e+00
-9.877929687500000000e-01
-8.993176464844532259e-01
9.877929687500000000e-01
-9.066753720830824648e-01
-9.877929687500000000e-01
-9.877929687500000000e-01
-4.973061549158260819e-01
4.128551079587957084e-01
1.000000000000000000e+00
1.000000000000000000e+00
9.877929687500000000e-01
-1.000000000000000000e+00
-1.000000000000000000e+00
8.649777581285383876e-01
-9.877929687500000000e-01
-8.704793259869154642e-01
-7.893433945440621047e-01
-7.289905302171981738e-01
1.000000000000000000e+00
-7.457913289095219334e-01
-9.877929687500000000e-01
5.230860074514643437e-02
-9.877929687500000000e-01
-5.008342867487013406e-01
9.877929687500000000e-01
6.562264840267559851e-01
-2.637687618924418054e-01
9.877929687500000000e-01
-9.877929687500000000e-01
9.877929687500000000e-01
1.000000000000000000e+00
9.666443660753551992e-01
-9.877929687500000000e-01
-1.717255417714260157e-01
-5.913572552009825900e-01
6.027145726232343570e-01
-9.877929687500000000e-01
1.000000000000000000e+00
-5.918792153444529802e-01
5.360575932190072557e-01
8.751028400689593589e-02
1.000000000000000000e+00
-9.877929687500000000e-01
-2.336064544894100869e-01
6.257395164656995856e-01
-9.877929687500000000e-01
-7.642814934223856049e-01
9.877929687500000000e-01
6.987236144748287803e-01
7.501626105113783360e-01
-1.000000000000000000e+00
1.000000000000000000e+00
4.775257067767947339e-01
-6.142947452637457229e-01
-3.715633404816032215e-01
-9.877929687500000000e-01
9.400765218670255052e-01
-5.670507851678769917e-01
-9.877929687500000000e-01
9.877929687500000000e-01
9.877929687500000000e-01
-4.529486663450101869e-01
9.877929687500000000e-01
9.158652313913436815e-01
-9.877929687500000000e-01
-9.877929687500000000e-01
-1.000000000000000000e+00
4.617154456980036015e-01
9.877929687500000000e-01
8.868764345294011253e-01
-8.306554966911330329e-01
1.000000000000000000e+00
1.000000000000000000e+00
-6.714157008959059647e-01
7.484914982801018635e-01
-7.983612034295410886e-01
9.149013763925775145e-01
-3.398822188871452460e-02
9.877929687500000000e-01
-9.877929687500000000e-01
9.215692821486537456e-02
9.984863932844761925e-01
7.474715818770252262e-01
1.000000000000000000e+00
-1.000000000000000000e+00
-9.877929687500000000e-01
-9.877929687500000000e-01
-1.000000000000000000e+00
9.877929687500000000e-01
2.396115754927038988e-01
-4.900280661245968172e-01
-9.410070266067112055e-01
-8.785078299726756246e-01
-9.001130093937709242e-01
1.000000000000000000e+00
-1.000000000000000000e+00
9.877929687500000000e-01
-5.365930556015782171e-01
1.000000000000000000e+00
-8.794588317350908735e-01
5.530072923768315496e-01
-9.877929687500000000e-01
9.877929687500000000e-01
9.877929687500000000e-01
-1.000000000000000000e+00
9.877929687500000000e-01
9.877929687500000000e-01
-9.877929687500000000e-01
1.000000000000000000e+00
9.245776664581363269e-01
-1.000000000000000000e+00
-7.362538060793144545e-01
3.161671745809551126e-01
-7.212841065986069777e-01
-1.000000000000000000e+00
5.065283729456322437e-01
-9.523889798809896945e-01
-8.359747948398983386e-01
1.000000000000000000e+00
-1.000000000000000000e+00
-9.877929687500000000e-01
-9.376872386541172943e-01
-8.177544919334859275e-01
-1.000000000000000000e+00
6.144612275370877619e-01
-9.516616546535230370e-01
-8.028933200128404168e-01
9.877929687500000000e-01
-6.178442669591704961e-01
-1.000000000000000000e+00
9.087182178957489143e-01
1.000000000000000000e+00
-9.877929687500000000e-01
-9.877929687500000000e-01
9.877929687500000000e-01
9.877929687500000000e-01
-5.725023501445991592e-01
-9.877929687500000000e-01
-8.821556871344622408e-01
4.593306946520985257e-01
1.000000000000000000e+00
1.000000000000000000e+00
-9.877929687500000000e-01
6.735829624094955559e-01
9.877929687500000000e-01
7.972593883870786602e-01
5.478784148508717422e-01
1.243965646075582826e-01
9.877929687500000000e-01
9.877929687500000000e-01
1.000000000000000000e+00
-1.604845655128365745e-01
-1.000000000000000000e+00
9.877929687500000000e-01
4.514451683030995532e-01
1.000000000000000000e+00
-9.718730636080306073e-01
1.915107957174930209e-01
-6.227494563153301854e-01
9.877929687500000000e-01
9.877929687500000000e-01
1.000000000000000000e+00
1.181173092240581368e-01
9.877929687500000000e-01
-9.877929687500000000e-01
-1.000000000000000000e+00
9.877929687500000000e-01
9.877929687500000000e-01
-3.947961658817530917e-01
-1.000000000000000000e+00
-6.049225756672351739e-01
7.361947536492936539e-01
-6.885657122310039346e-01
-3.813391471351070261e-01
8.251925906815681111e-02
9.877929687500000000e-01
-9.877929687500000000e-01
1.000000000000000000e+00
-1.000000000000000000e+00
9.877929687500000000e-01
8.468197436585743754e-01
1.000000000000000000e+00
-9.877929687500000000e-01
-8.638520343350577502e-01
1.000000000000000000e+00
-9.877929687500000000e-01
-6.870922779503930711e-01
3.577690163187981498e-01
-7.498756637826018423e-01
-9.877929687500000000e-01
-9.877929687500000000e-01
1.000000000000000000e+00
1.000000000000000000e+00
-9.877929687500000000e-01
-1.000000000000000000e+00
-3.744552390294635102e-02
1.000000000000000000e+00
-1.000000000000000000e+00
-1.000000000000000000e+00
1.000000000000000000e+00
-9.877929687500000000e-01
-9.877929687500000000e-01
-2.766400372580208877e-01
-9.733294752802057470e-01
-9.047478339271859404e-01
-8.278166703354221667e-01
1.000000000000000000e+00
1.000000000000000000e+00
7.905329746039112537e-01
-7.092933378601329331e-01
-4.886682745576471643e-01
-9.877929687500000000e-01
9.877929687500000000e-01
-1.000000000000000000e+00
