4.457715976149502490e-02
-8.862070719567038957e-02
-2.236038226796147055e-01
2.756249007598259304e-01
-4.648367954070678487e-02
3.018988593421065292e-02
-4.164315069756703291e-01
-2.512233697018332323e-01
1.540476908768528830e-01
1.943525848039151516e-01
-3.255572491533916674e-02
-2.547392468508365426e-01
9.163686796495412734e-02
2.965559730542952771e-02
8.562337473059246362e-02
-9.572525129003495517e-03
-4.025669992062458902e-01
1.350860897373533653e-01
6.239313425343669950e-01
3.467946213918210452e-01
-1.803131828184140750e-01
-1.118452858591044985e-01
-2.599793050371770331e-01
-4.437357509719478399e-01
-1.748119246608722810e-01
-3.673593474533956571e-02
1.916110637501342029e-01
1.342475613906137233e-01
1.313093985777096517e-01
-2.288201840058204650e-01
2.828745448372393945e-01
-2.134907857706066225e-01
4.925680352277099494e-02
-3.598897065418064090e-01
1.297444210211806948e-01
-2.774436731309512516e-02
8.962675042123060057e-03
5.245596732316791522e-02
-3.612344676187520531e-02
2.311440687498547419e-01
4.372823271434931325e-01
1.063067545786640644e-01
-1.481493587548518009e-01
2.940308914852598487e-01
2.277529376320632792e-01
2.593094631402057537e-01
3.824239998280852815e-01
-3.521307543813199659e-01
-3.512228604385440878e-02
-3.217703721238888287e-02
-2.234245139604636721e-01
-3.192384779109235238e-01
-5.934597749189368665e-02
-1.428063565514034114e-02
-1.313246022263225010e-01
-2.127698262263008622e-01
-1.695063634443041700e-01
-2.683419295941743554e-01
1.366481100972739282e-01
-3.442068768077637397e-01
6.415068434307146239e-01
2.758804815772837871e-01
-3.444544087498546681e-01
3.332483074350425789e-01
-1.235323001663159170e-01
1.626529274129386582e-01
3.328151135060397059e-01
2.513848948104233094e-01
4.901744559915967026e-01
-2.475094057245444401e-02
2.525996610602016523e-01
4.599073853983907112e-01
-2.799273137210035456e-01
1.538876970755853092e-02
2.558183425278831025e-01
-4.863153022972587225e-01
1.033862536491307327e-01
4.033949625309968257e-01
1.269414866971249611e-01
8.723944941311999324e-02
-1.051709895534178318e-01
-3.870111172124512250e-02
-1.401502829699261821e-01
-7.912767803391070054e-03
1.387822107737486377e-01
-1.094435981160926663e-02
-3.455870450111087067e-02
1.012001111310877333e-01
2.070767935854281039e-01
2.287261049998379758e-01
-1.749018652010638497e-01
1.350883982969080244e-01
-3.110647004768030827e-02
-1.282725209288157475e-01
2.292459901614030127e-01
-6.744350261218907960e-02
-1.538667700797856641e-01
3.811342643648513162e-01
-6.058372914878466797e-02
3.658059540129102172e-01
4.308752915489695856e-01
-1.291496809246039379e-01
-3.464106325006869325e-01
-3.532238581815145273e-01
2.236976569905753109e-01
5.430711215573147399e-02
-1.819655597027686755e-01
-1.156964114982172998e-01
-1.440350748021569649e-01
-1.729734377382513011e-01
-4.303154345674570919e-02
-3.065546699637398120e-01
1.453225958177055133e-01
-2.530142163371537634e-01
-4.959511760275669978e-02
5.128996849374660716e-01
1.481208468509032650e-01
8.464543928092538305e-05
5.303511107368230615e-01
2.163264114789036074e-02
-2.134604274809561997e-01
-3.465572267600495193e-01
1.063653743676031271e-01
-2.027326889973314339e-01
-1.011623041134341039e-01
-4.507240437890380758e-02
3.580003531576909093e-01
-1.426988855990522775e-01
-1.176585697504840822e-01
1.300324125937660780e-01
9.731043310698742066e-02
2.593291112440518908e-01
1.416503725680204329e-01
1.635146181146784339e-01
-1.950154243712791391e-01
2.228691591569482294e-03
-3.305698644259016938e-02
1.629473872815249691e-01
4.132909241406053369e-02
2.712695839210939597e-01
9.010369419312155848e-02
1.769052132989355069e-02
1.417224572076276334e-01
1.878069750570962038e-01
-1.404995342922445156e-02
-3.021402079108091027e-03
1.847079399760068186e-01
9.569109572469758351e-02
-4.109006105464757530e-01
1.289197984324587376e-02
3.749128621465587508e-02
-1.643408546514268584e-02
-1.355889418735564678e-01
1.654624220633771903e-01
4.846898296553522889e-02
3.078302517856149056e-02
-1.024196780167188625e-02
5.615387837892549250e-01
1.928170780110895488e-01
1.934215732354284678e-01
-5.570659006803142799e-02
-7.984869637585992330e-02
-2.127899775128897497e-01
2.173186695287401479e-02
-5.546507775273340490e-01
-2.800436806869697204e-01
-5.255816337887467826e-01
1.085179754221024945e-01
2.924514303386850922e-01
-2.197959729929105377e-01
-2.225458114961511580e-01
-4.427307471306086706e-01
2.715811119463625856e-01
4.152073684207223392e-02
2.171824654571321289e-01
2.432571705430346953e-01
2.139235837171292731e-01
-5.000528978107836586e-01
-1.077699498650788040e-01
-1.728695791776613810e-01
-6.503350952326615309e-01
-2.263609186023565756e-01
-1.291718970915559650e-01
-2.113469808187977694e-01
-2.202071337220342095e-01
7.445270718282429034e-02
4.828907984964246891e-01
4.970263332367559628e-03
-1.151471413832564628e-01
-3.390544183304021741e-01
-1.415577158565061722e-01
-1.989206838518206288e-01
1.702053229506899149e-02
3.178275546220566405e-01
2.352122569681549535e-01
-7.183108727521619885e-02
2.321018787691038754e-01
-1.597631486786197513e-02
3.012402198838101675e-01
1.309119927454766019e-01
1.648915982272815828e-01
-5.852901013346741843e-01
1.387489543401834446e-01
-4.722216150136104296e-01
-1.365929349751796029e-01
-2.247706136858470746e-02
-1.353072329812851360e-01
3.064554561089021245e-01
1.015238066208146162e-01
-1.154331265888194208e-01
-3.054256008198037442e-01
5.894074932482572249e-02
2.038122330172646712e-01
4.955761375916905020e-01
4.383804750364879155e-01
5.841785901892306704e-02
-3.037645388111631650e-02
-4.450444951222323198e-01
-1.715792176787279966e-02
-2.512134526482519004e-01
2.190568935428582331e-01
-8.702369093118922372e-01
2.646920122116988017e-01
2.621139203255559158e-01
1.686871490075926849e-01
-2.002605079456447057e-01
-3.645570524705311621e-01
7.592275246961634194e-02
2.350430491671755551e-01
9.122673251474822109e-02
-2.020729761717272588e-01
-4.038977314844460764e-01
1.468163764152775608e-01
-2.811753261216867195e-01
-1.453876747399798774e-01
3.235232791102807814e-01
-6.789401797570734920e-02
2.102553469369612404e-01
-7.625225671179035325e-03
3.703287529321283578e-01
1.559683152091003583e-02
1.774425372528917744e-01
3.147959999884875071e-01
-3.632178778425036447e-01
4.934466736403905207e-01
-1.777640466629235028e-01
4.982596206923589621e-01
2.846784690953001462e-01
6.586305213175374096e-01
-1.273972605578235218e-01
1.530377087282676629e-01
-1.469506600771795790e-01
5.221068354550040258e-01
-3.602658510087166088e-01
-2.794272179175161797e-01
-3.322941004314380331e-01
1.191850161220523174e-01
1.715710154997580894e-01
-3.250145111769353612e-01
5.749463224835102970e-01
-1.250285489385495608e-01
-1.322689513103990078e-01
-2.639104363710896850e-01
6.717232108712670735e-01
2.373090767151768421e-02
