Generation: 0 39.0337 1.7825 4.1545 16.3938
Generation: 1 51.4074 1.9575 6.2177 17.6067
Generation: 2 45.6239 1.6825 10.8635 19.4457
Generation: 3 45.6239 1.6825 18.4049 20.7239
Generation: 4 36.9946 1.9600 26.5855 21.4145
Generation: 5 53.2508 2.6700 36.4737 15.9016
Generation: 6 56.0570 1.9525 32.1363 19.2679
Generation: 7 45.6239 1.6825 37.4584 14.8254
Generation: 8 45.6239 1.6825 39.3442 13.4432
Generation: 9 45.6239 1.6825 39.7911 14.8429
Generation: 10 45.6239 1.6825 40.9144 13.4904
Generation: 11 40.3012 1.9300 42.8353 11.1099
Generation: 12 45.6239 1.6825 43.8306 7.8408
Generation: 13 45.6239 1.6825 42.7770 9.4604
Generation: 14 46.6982 2.7375 42.2878 11.9918
Generation: 15 45.6239 1.6825 41.6693 13.0584
Generation: 16 45.6239 1.6825 43.8831 8.8701
Generation: 17 45.6624 1.7200 41.8749 11.3531
Generation: 18 45.6239 1.6825 42.1008 11.4166
Generation: 19 45.6239 1.6825 43.3937 9.8608
Generation: 20 45.6239 1.6825 44.5981 7.1806
Generation: 21 41.2983 1.7950 44.4187 6.4007
Generation: 22 42.2891 1.8575 42.1954 12.3545
Generation: 23 45.7064 1.7650 44.2371 7.5655
Generation: 24 45.6239 1.6825 44.6680 5.6244
Generation: 25 45.6239 1.6825 45.2398 2.5393
Generation: 26 45.6239 1.6825 43.2343 10.2005
Generation: 27 45.6239 1.6825 45.1040 2.9623
Generation: 28 45.6239 1.6825 45.3987 1.8222
Generation: 29 45.6239 1.6825 42.1220 11.6829
Generation: 30 45.6239 1.6825 45.0986 5.1036
Generation: 31 45.6239 1.6825 43.7093 9.1602
Generation: 32 45.6239 1.6825 42.9037 10.3863
Generation: 33 45.6239 1.6825 42.3665 12.1265
Generation: 34 45.6239 1.6825 43.6532 8.9972
Generation: 35 41.2455 1.7425 40.8468 13.7093
Generation: 36 45.6239 1.6825 43.4629 8.0975
Generation: 37 45.6239 1.6825 45.0745 3.1634
Generation: 38 45.6239 1.6825 44.7536 3.4927
Generation: 39 45.6239 1.6825 44.2849 6.0580
Generation: 40 52.3772 1.7325 44.1252 7.7152
Generation: 41 45.6239 1.6825 44.8142 5.4399
Generation: 42 45.6239 1.6825 44.5023 6.8900
Generation: 43 45.6239 1.6825 44.7297 6.2350
Generation: 44 45.6239 1.6825 44.6766 6.6549
Generation: 45 45.6239 1.6825 45.3184 2.1390
Generation: 46 45.6239 1.6825 45.7085 0.8390
Generation: 47 45.6239 1.6825 45.6239 0.0000
Generation: 48 45.6239 1.6825 45.6239 0.0000
Generation: 49 45.6239 1.6825 45.0997 5.1034
Generation: 50 45.4891 2.6850 45.6226 0.0134
Generation: 51 45.6239 1.6825 45.5363 0.8718
Generation: 52 45.6239 1.6825 45.6239 0.0000
Generation: 53 45.6239 1.6825 45.4976 1.2573
Generation: 54 45.6041 1.6825 45.6237 0.0020
Generation: 55 51.5672 2.1425 45.4714 2.1722
Generation: 56 41.6979 1.9250 45.3901 1.5368
Generation: 57 57.9733 1.7825 44.9039 3.6201
Generation: 58 49.3151 3.0225 45.1133 2.8009
Generation: 59 45.6239 1.6825 44.7393 3.3141
Generation: 60 52.6532 2.0075 44.9561 3.3122
Generation: 61 45.6239 1.6825 44.2369 4.3726
Generation: 62 45.6239 1.6825 44.3926 7.2891
Generation: 63 45.6239 1.6825 45.3611 1.8647
Generation: 64 53.8341 1.9675 45.7060 0.8169
Generation: 65 45.6239 1.6825 45.5054 1.1792
Generation: 66 45.6239 1.6825 45.6236 0.0029
Generation: 67 45.6239 1.6825 45.4443 1.7874
Generation: 68 45.6239 1.6825 45.1888 2.5126
Generation: 69 45.6239 1.6825 44.0368 8.6551
Generation: 70 53.5893 1.8575 45.3935 1.9908
Generation: 71 45.6239 1.6825 44.6572 5.6507
Generation: 72 45.6239 1.6825 44.2745 7.3248
Generation: 73 55.9937 1.8975 45.5037 2.5331
Generation: 74 45.6239 1.6825 45.0714 2.8648
Generation: 75 54.8061 1.9175 45.0894 5.4352
Generation: 76 50.1377 1.7575 44.5476 4.1042
Generation: 77 56.3668 2.2350 44.5591 5.2118
Generation: 78 39.4142 1.8925 44.6610 4.0367
Generation: 79 56.2146 2.0475 45.4215 4.0062
Generation: 80 43.3698 1.7300 44.1479 7.7537
Generation: 81 59.1521 1.7600 44.5873 4.7040
Generation: 82 38.1329 2.1250 42.2744 11.5457
Generation: 83 51.2614 1.7575 41.7767 12.4402
Generation: 84 57.9898 1.8225 44.7821 4.5260
Generation: 85 52.6791 2.0075 44.8123 8.0164
Generation: 86 50.2015 1.8075 44.7003 7.0617
Generation: 87 53.1538 2.4825 44.1506 7.2382
Generation: 88 54.5961 2.1298 43.2876 7.4450
Generation: 89 44.5081 2.4294 45.4201 5.7878
Generation: 90 45.6586 2.8363 45.2433 2.7090
Generation: 91 59.4089 3.7078 45.7953 2.4896
Generation: 92 58.0448 3.8577 45.6608 5.1117
Generation: 93 52.7043 4.2781 44.4878 7.2559
Generation: 94 56.1839 5.1701 44.6623 4.4908
Generation: 95 54.7955 5.2113 44.1172 5.2031
Generation: 96 60.6807 6.1824 45.2882 6.4374
Generation: 97 58.0989 5.9686 45.1118 6.9897
Generation: 98 35.9746 7.4682 45.6303 6.0845
Generation: 99 55.8443 6.6791 45.1321 5.1661
Generation: 100 61.8734 8.3602 44.6252 7.0721
Generation: 101 60.3769 7.5461 45.4836 6.7759
Generation: 102 58.0422 7.6955 45.3102 7.0179
Generation: 103 54.6668 8.1675 45.3872 7.0632
Generation: 104 34.8648 10.2987 45.5828 6.3383
Generation: 105 59.6569 10.6403 44.9556 6.6671
Generation: 106 55.2973 12.1816 45.6459 7.2912
Generation: 107 34.9312 12.1744 45.1396 8.4470
Generation: 108 58.3791 10.9917 44.4333 7.5641
Generation: 109 53.9932 12.0028 44.6168 9.0049
Generation: 110 59.1729 11.0673 45.0029 7.1469
Generation: 111 70.8672 14.0469 46.2416 6.1285
Generation: 112 59.6497 13.7784 46.6860 4.7971
Generation: 113 36.0169 14.9800 45.7144 8.4019
Generation: 114 34.9012 15.4700 44.7003 9.4724
Generation: 115 50.7158 15.3366 46.5809 7.4909
Generation: 116 34.8576 16.0828 44.4776 10.7603
Generation: 117 57.4285 17.4694 43.6652 10.7987
Generation: 118 61.9155 16.9437 45.4398 10.7854
Generation: 119 65.2136 17.5800 45.0767 8.4745
Generation: 120 54.1132 17.9000 45.9730 9.4929
Generation: 121 34.8641 17.5400 45.9631 9.0329
Generation: 122 37.0397 17.3400 46.3753 9.6872
Generation: 123 34.8915 17.9200 45.3590 9.7249
Generation: 124 36.0199 17.9200 45.4648 9.3579
Generation: 125 35.9354 17.3400 44.5423 9.9512
Generation: 126 34.9177 18.1200 46.1506 8.6361
Generation: 127 34.8897 17.9200 45.4311 9.0847
Generation: 128 57.4786 17.9400 44.8278 8.8838
Generation: 129 34.8349 17.5200 46.9022 6.1951
Generation: 130 34.8635 17.7200 45.3168 7.4279
Generation: 131 60.7722 17.1200 47.2988 9.0096
Generation: 132 34.8785 17.7200 46.6017 8.6691
Generation: 133 34.8333 17.5400 45.8941 8.7808
Generation: 134 58.6157 18.1000 46.7697 9.2553
Generation: 135 34.8368 17.5200 48.2817 7.1063
Generation: 136 34.9131 18.1200 45.3244 8.5181
Generation: 137 34.8785 17.7200 45.5088 9.7544
Generation: 138 34.8665 17.7200 43.9413 9.2128
Generation: 139 34.8884 17.9200 46.0491 8.9460
Generation: 140 37.1946 19.4600 45.6514 9.6230
Generation: 141 56.4489 18.4600 46.2649 8.5816
Generation: 142 56.4470 18.1800 46.2064 8.9114
Generation: 143 34.8814 17.7200 45.3898 10.1448
Generation: 144 58.8133 19.4800 46.6646 9.7361
Generation: 145 34.9264 18.1200 46.8303 9.7510
Generation: 146 56.4678 18.3000 45.4168 10.3725
Generation: 147 61.9794 18.6000 46.3704 8.9248
Generation: 148 59.7549 18.3400 47.2690 8.8560
Generation: 149 58.7834 19.5000 46.4909 9.9293
Generation: 150 66.5445 19.3800 46.2108 9.3468
Generation: 151 64.1664 17.9400 47.0864 9.4447
Generation: 152 57.6656 18.5400 47.6536 10.2796
Generation: 153 63.2099 19.4000 48.3626 8.5031
Generation: 154 66.6266 19.6000 47.1808 8.8084
Generation: 155 65.1972 17.6800 48.6240 9.4438
Generation: 156 61.0735 19.7800 49.2597 8.6120
Generation: 157 62.2282 20.0400 47.6263 9.6548
Generation: 158 54.3570 19.6200 49.0392 7.5876
Generation: 159 62.1452 19.5000 49.3934 7.8550
Generation: 160 57.6758 19.3200 49.0628 9.3942
Generation: 161 65.3662 18.6400 49.4763 10.4906
Generation: 162 58.8470 19.8600 49.2010 8.4269
Generation: 163 62.1513 19.5600 49.3489 8.7697
Generation: 164 65.3970 18.9400 49.4043 8.5304
Generation: 165 63.1800 19.2000 48.3835 8.0453
Generation: 166 58.7882 19.4800 49.4031 8.9857
Generation: 167 56.4006 18.2000 49.6134 8.9976
Generation: 168 61.9857 18.3000 49.9736 8.2971
Generation: 169 66.4086 17.8800 49.0335 6.9940
Generation: 170 65.4914 19.7200 50.6499 7.7686
Generation: 171 62.1007 19.4800 50.4608 7.4709
Generation: 172 61.8829 17.6800 50.6717 7.7356
Generation: 173 61.9990 18.5400 51.7332 7.9405
Generation: 174 59.9608 19.8000 50.3697 7.4002
Generation: 175 62.1685 19.6800 48.6727 8.3990
Generation: 176 56.5662 19.4400 50.3932 7.4233
Generation: 177 64.4807 20.2000 49.0915 7.4571
Generation: 178 63.0718 18.2200 50.7656 6.3419
Generation: 179 64.3279 19.4600 50.8793 8.0895
Generation: 180 64.3926 19.7400 49.0160 9.0937
Generation: 181 62.1277 19.6800 51.3854 9.0130
Generation: 182 62.1812 19.6800 51.2633 7.5378
Generation: 183 61.0428 19.7200 50.4905 8.9145
Generation: 184 69.9405 19.7000 50.8003 8.4154
Generation: 185 61.0442 20.0800 50.9660 7.6001
Generation: 186 62.1357 19.6600 50.4899 6.5780
Generation: 187 63.3244 19.9800 51.7734 7.6009
Generation: 188 58.6212 18.1800 50.5863 7.5952
Generation: 189 61.0686 19.8400 51.8832 7.9113
Generation: 190 64.3735 19.6600 50.6522 7.3061
Generation: 191 54.3587 19.8000 50.8682 7.3949
Generation: 192 57.7007 19.7400 50.6571 8.0031
Generation: 193 66.6397 19.2172 51.1338 8.2507
Generation: 194 63.2656 18.1431 51.2534 7.3436
Generation: 195 58.7038 16.6853 52.4738 6.4996
Generation: 196 67.6152 16.4439 52.5916 7.0916
Generation: 197 61.9831 15.1603 52.4615 7.0573
Generation: 198 62.2381 15.9618 52.6001 7.3669
Generation: 199 58.8854 15.1809 51.8393 7.1888
Generation: 200 64.4328 14.4953 52.6004 7.0659
Generation: 201 61.9719 12.5379 52.0898 6.9257
Generation: 202 61.0500 12.8876 53.6162 6.4351
Generation: 203 64.4437 12.4136 53.5531 7.5932
Generation: 204 55.4249 11.4000 53.1176 7.0949
Generation: 205 61.1071 11.1006 52.0772 6.9206
Generation: 206 60.0385 10.5792 52.6952 7.0919
Generation: 207 61.0987 9.6962 51.2780 7.1177
Generation: 208 65.5119 8.8482 52.5375 8.1104
Generation: 209 62.2480 8.3250 52.1421 7.8664
Generation: 210 62.2198 8.3083 53.0335 8.6304
Generation: 211 61.1172 8.4000 52.3138 8.3321
Generation: 212 60.9719 7.9750 50.7475 8.7084
Generation: 213 65.5825 8.4250 51.5342 8.6353
Generation: 214 58.9114 8.3750 51.5006 7.7193
Generation: 215 60.0199 8.4333 50.9902 7.5127
Generation: 216 61.1327 8.4333 53.4976 6.9370
Generation: 217 64.4677 8.4000 53.1485 7.7842
Generation: 218 62.2913 8.5583 52.7450 6.6861
Generation: 219 61.0677 8.2833 51.9971 7.3198
Generation: 220 56.5891 8.1917 51.5584 7.2348
Generation: 221 57.6093 7.9667 51.0528 6.6040
Generation: 222 58.9894 8.6750 51.2135 6.6815
Generation: 223 58.9065 8.4250 51.1388 8.1476
Generation: 224 61.1807 8.5333 52.5113 6.4985
Generation: 225 62.2616 8.4833 52.3622 7.2139
Generation: 226 59.9997 8.3750 54.1780 6.8973
Generation: 227 58.8813 8.3750 52.9810 6.8617
Generation: 228 60.0441 8.5000 52.8504 6.3962
Generation: 229 61.1780 8.5250 53.4370 6.4857
Generation: 230 63.3898 8.4250 54.3282 6.8686
Generation: 231 57.6856 8.1167 52.7676 6.9342
Generation: 232 65.6127 8.4500 52.8988 6.8196
Generation: 233 56.6837 8.4333 52.6652 6.4501
Generation: 234 60.0398 8.4250 52.6185 6.5323
Generation: 235 60.0094 8.4250 54.3300 6.9243
Generation: 236 64.4957 8.5333 54.1190 6.6422
Generation: 237 63.3348 8.3750 53.2283 6.5698
Generation: 238 60.0129 8.5083 53.9578 5.7185
Generation: 239 61.0732 8.3417 53.8168 6.1129
Generation: 240 59.9954 8.3750 54.1875 6.0130
Generation: 241 60.0291 8.3750 53.5610 6.8314
Generation: 242 60.0223 8.5000 53.3047 6.6165
Generation: 243 56.6502 8.3833 53.0981 6.3554
Generation: 244 60.0395 8.5000 52.9921 6.8050
Generation: 245 64.4875 8.4083 53.1921 6.3938
Generation: 246 60.0124 8.4583 53.1466 6.4554
Generation: 247 61.1399 8.4000 54.4203 6.0913
Generation: 248 57.8084 8.4750 53.1278 7.3420
Generation: 249 64.4777 8.4500 55.3028 6.2964
Generation: 250 62.2823 8.5333 54.3556 6.3814
Generation: 251 57.7813 8.4333 55.0214 6.7575
Generation: 252 65.5891 8.4250 54.4843 6.1172
Generation: 253 61.1499 8.3500 54.3881 6.7149
Generation: 254 62.2407 8.4083 54.7742 7.0279
Generation: 255 66.6928 8.3750 54.2663 6.7424
Generation: 256 64.4551 8.3500 54.4281 6.7175
Generation: 257 62.1984 8.2667 54.9279 6.4974
Generation: 258 64.5091 8.5333 55.4786 6.0707
Generation: 259 62.2077 8.3000 55.8473 6.3716
Generation: 260 62.2429 8.4083 55.1900 6.4482
Generation: 261 62.2727 8.4583 54.7932 6.8338
Generation: 262 59.9904 8.3750 55.4037 6.3180
Generation: 263 63.3670 8.3750 54.4011 6.8648
Generation: 264 59.9635 8.3167 54.7621 6.4977
Generation: 265 58.8918 8.3833 55.4644 6.6137
Generation: 266 61.1598 8.4083 56.1367 6.2384
Generation: 267 58.9241 8.4750 54.0168 7.1416
Generation: 268 62.2391 8.4250 55.3939 6.5858
Generation: 269 61.1578 8.4833 55.1397 6.6275
Generation: 270 61.1120 8.3500 54.4127 5.8418
Generation: 271 61.1527 8.5167 56.0869 6.1928
Generation: 272 62.2618 8.5000 54.8941 6.6298
Generation: 273 62.2827 8.5583 55.0542 6.0797
Generation: 274 63.4079 8.5833 56.3100 6.0484
Generation: 275 60.0473 8.4833 55.4382 6.2117
Generation: 276 58.9171 8.4250 55.2597 5.7909
Generation: 277 62.2468 8.4500 55.2014 6.5676
Generation: 278 58.8832 8.3500 55.4637 5.7763
Generation: 279 61.1361 8.4750 56.4094 6.4462
Generation: 280 64.4573 8.3583 54.4154 6.9640
Generation: 281 63.4128 8.5083 55.3636 6.8900
Generation: 282 63.3682 8.4250 55.2167 6.0540
Generation: 283 61.1721 8.5083 54.7648 6.6161
Generation: 284 62.2200 8.3583 55.8554 5.8031
Generation: 285 62.2425 8.4333 55.7738 6.1663
Generation: 286 61.1464 8.4250 55.4607 6.7220
Generation: 287 61.1624 8.5250 55.0081 6.7882
Generation: 288 63.3548 8.4000 54.1969 6.6933
Generation: 289 62.2758 8.4750 54.9587 6.1393
Generation: 290 63.3564 8.3000 54.8076 5.6627
Generation: 291 61.1402 8.3667 54.8756 6.6519
Generation: 292 60.0646 8.5000 55.0157 6.1640
Generation: 293 62.2896 8.5750 54.4067 6.6048
Generation: 294 61.1737 8.5083 55.0227 5.2182
Generation: 295 62.2888 8.5000 54.0192 6.9934
Generation: 296 63.4096 8.5000 56.1091 5.9418
Generation: 297 63.4717 8.6583 55.2831 6.1505
Generation: 298 61.2059 8.5500 54.2788 8.0431
Generation: 299 62.2611 8.4750 54.8075 5.8970
