2.879263731418402195e-01
-1.000000000000000000e+00
3.100981844315700564e-01
3.273958012920037963e-01
3.476158955216793189e-01
-3.522986204865071747e-01
-7.420668132516212712e-01
-2.628013224519010760e-01
-4.040580642405770528e-01
3.097226900265837024e-01
-4.081115900291936160e-01
-3.458581628119548057e-01
-1.986206884164905262e-01
8.567232982385606377e-01
-9.296247615231463535e-02
-5.924077333271907664e-01
-9.123242308494435016e-02
-3.069859881097138921e-01
-5.311468172213151817e-02
1.435291941020023221e-01
1.146147645510396801e-01
-1.252796729567461076e-01
-8.479525767816228354e-01
1.724457957469799907e-01
5.466726513378992180e-01
1.346714427013565030e-01
-4.176274824575225697e-01
-1.000000000000000000e+00
-6.437333525909614274e-01
-1.358059544059494472e-01
1.598662782987088082e-01
2.157092184944937874e-01
-5.604426171727336925e-01
-7.014685999793106586e-01
1.685254642800985692e-01
1.041593685953036558e-01
2.030353229765319290e-02
-4.297918536767758035e-01
1.033346535131355048e-01
1.202973637198862106e-01
-4.440255892152811801e-01
5.986254912304922460e-03
-2.054967147833790531e-01
-3.938451179336701080e-01
4.419957334544936112e-01
-1.839082454284416968e-01
-8.916743635191800577e-01
-2.466530083809390650e-01
1.369664851980614551e-01
-7.605074996790418540e-01
-2.810924409555567438e-01
-1.000000000000000000e+00
-5.243182676925017827e-01
7.553981564808667226e-01
2.477785626887371584e-01
1.141157755463865775e-01
-3.673434501212045067e-01
1.366268868358486155e-01
-8.436783603351727390e-02
1.717001792348460398e-04
1.000000000000000000e+00
-1.000000000000000000e+00
-5.783408503231521891e-01
-2.513698235486793164e-01
2.884146463654059522e-02
-1.000000000000000000e+00
-2.187528387808709840e-01
1.834595345199013516e-01
6.233415108382910352e-01
3.396853668721459552e-01
3.023609523896405582e-01
4.269229064996040712e-01
2.229220702818199285e-01
-1.909962522328099432e-01
-5.325222991946556572e-01
1.000000000000000000e+00
3.682051698404041895e-01
4.627590103822226686e-01
8.931399666344950194e-01
2.443777595038221229e-03
1.896458163739727087e-01
4.715739325491337119e-01
3.051374507869999420e-01
-2.068166091282101771e-01
1.000000000000000000e+00
6.290883250585502795e-01
5.081524482697757916e-01
-2.404814249089815004e-01
-3.259637936855273588e-01
-4.545273006261311144e-01
-4.768184428761854665e-01
-2.819982928319034743e-01
1.293951073199365309e-01
-3.789393520745629740e-01
-3.052693208052411622e-01
9.892015776512613767e-02
-1.900356097219871865e-01
-7.745094469924117542e-01
-3.242112339404857879e-01
-4.975551793745605078e-01
2.473115978060685394e-01
-1.919798392507533480e-01
8.288308975396738720e-01
-6.278550863252987946e-02
-7.099977553313201462e-01
5.903662828307401078e-01
-8.973433442619321854e-02
-1.059389552277051338e-02
1.000000000000000000e+00
-4.596568081487104052e-01
4.820222776699515377e-01
2.823161393100792615e-01
-8.814688877884287177e-02
1.676742681618770270e-01
-1.132074321501339575e-01
1.130098503574226421e-01
-1.112401278552789946e-01
-4.908022078351913509e-01
2.768846842690900756e-01
9.239458434267795450e-01
2.733884431653780256e-01
-1.000000000000000000e+00
-5.634065939617413643e-02
1.928654043384953887e-01
1.800324262661860686e-01
3.666128767763516816e-01
-2.500316473278611784e-02
3.450140863356906396e-01
2.527218948637339202e-01
-5.303736433716683685e-01
-1.000000000000000000e+00
3.521793728701465565e-01
-8.208460443491161218e-01
-1.000000000000000000e+00
-5.270087187965035724e-01
-5.920381463504696962e-01
-7.773509208984792362e-01
-3.311226636883504160e-01
9.105923958126743711e-02
7.635190298791697527e-01
9.720787705559542635e-01
-3.854708423358351732e-01
1.167585902213344601e-01
-4.523706606874308145e-01
-7.705458352537670752e-01
-2.890290373205717245e-01
-5.758831426115935681e-01
-5.841411378388843278e-01
-3.315412472403758137e-01
4.220309070696768861e-01
3.120229701277188461e-01
1.000000000000000000e+00
-7.218710071953779450e-02
3.832890459486069656e-01
-9.857852272501389512e-01
-3.882272505946774421e-01
-7.990753476792575305e-02
4.961966243964144319e-01
7.578795879486999176e-01
2.489604924775746797e-01
8.480655956971956677e-02
6.401203845153902172e-02
-4.123231610552287041e-01
1.000000000000000000e+00
-3.045086825483565018e-01
-4.400500861296178234e-01
-1.917875874787493551e-01
-2.593475306836950378e-01
-9.841290815403049841e-01
-2.321058597760078390e-01
-6.965082287184332088e-01
7.336365687503168531e-02
3.125634854110138638e-01
1.448902233007656470e-01
5.288741031268126558e-02
8.486319182765858504e-02
7.168050974429671651e-01
-3.728372916128985803e-03
-1.189001035136373757e-01
4.025573361337062006e-02
-3.212641698438715721e-01
9.966980640328259033e-01
-9.793348957333749549e-01
-5.275587499321302554e-01
1.067203578880835946e-01
7.113577565759691135e-01
-3.924364749890227322e-02
3.612340214964306906e-01
-4.262191347193707847e-01
1.095410650373061234e-01
-4.671261969090130250e-01
6.083830848052964591e-01
-6.727335646979302197e-01
3.011080218137401898e-01
-3.644277367941126111e-01
1.335841828977489265e-01
-5.877504257959174083e-01
1.768171388409776612e-01
-3.838489310056773518e-01
3.340923546591290094e-01
-3.610650800521953974e-01
4.902334797105841746e-01
-4.109416542028543340e-02
-7.223478167139087969e-01
9.722089326757901717e-02
-1.000000000000000000e+00
3.064104974880821342e-01
7.457450540587570176e-01
-1.763741551590528867e-01
-8.571956412810077808e-01
-5.668084254090189900e-01
1.000000000000000000e+00
1.000000000000000000e+00
2.827438177620270610e-01
4.971083881618373335e-01
-9.820761835758126113e-01
-1.000000000000000000e+00
2.589272079180466868e-01
3.222600751958058507e-01
-4.797000767995346360e-01
1.000000000000000000e+00
-1.000000000000000000e+00
6.178350786472754930e-01
-2.821901660190029304e-02
-8.354115321245822456e-02
3.772285956979988253e-01
7.874571684898562518e-01
6.341609390001868851e-01
-1.000000000000000000e+00
4.134945948844058194e-01
6.864245698339871415e-01
4.086185240801484819e-01
-3.737095210578129656e-01
-9.618634212362408009e-01
1.000000000000000000e+00
-1.000000000000000000e+00
1.000000000000000000e+00
1.000000000000000000e+00
-5.205650743805054770e-01
-8.320896716123247217e-01
4.414742818513445188e-02
-3.388685437594871064e-01
6.363895196183677605e-01
-9.384387295479382773e-01
-1.534099230941074476e-01
7.889666693036690992e-01
-4.117089322946400065e-01
-6.581348344416466656e-01
-1.000000000000000000e+00
-5.234469717880054773e-01
-1.000000000000000000e+00
1.280364882519850755e-01
-9.199589149884443984e-01
-7.568148159362547700e-01
-1.641242868940005206e-01
8.231147216729644001e-01
-1.101988324960413435e-01
7.023969931704122649e-01
4.285258454425887598e-01
4.110375877187266713e-03
2.132166966612955017e-01
-5.229377505133124826e-01
-6.064766397419154575e-01
8.462598470397724171e-01
-2.308823830889629447e-01
3.978101131399142121e-01
6.583308680039234861e-01
4.531048791633792150e-01
5.893664980870649828e-01
4.975386058638192055e-01
3.550907229619227334e-01
6.401811761913747123e-01
4.976375737209115524e-01
5.848986162472668004e-01
3.815707795522204626e-01
5.681200761904905416e-01
4.902436049408357976e-01
4.492750338584493575e-01
4.512030412337487140e-01
4.073539929160982509e-01
5.784403327032904274e-01
5.149867455041940989e-01
5.119624446526991335e-01
4.603642295018074426e-01
6.162162295176341065e-01
7.109546524570510284e-01
4.344622667918348613e-01
4.283481042130327654e-01
5.007959709859179931e-01
4.412564313909840830e-01
5.150654986435244664e-01
5.211570659614226386e-01
6.070484338899420074e-01
5.222564643257616712e-01
4.989759564290777161e-01
5.846648583630462692e-01
6.089536230560942398e-01
6.663010749193418736e-01
5.112441580430433508e-01
4.090777444631532034e-01
3.587477162392536667e-01
4.572895655268649495e-01
5.977919436799271624e-01
3.809123987674841727e-01
4.174232567101753277e-01
5.861829122618928967e-01
7.379968673328864970e-01
3.524684724545334435e-01
4.906655870627135152e-01
4.425600398170993488e-01
4.254372185905167525e-01
5.037465885548105815e-01
3.668694918551015371e-01
5.336815896596992514e-01
6.806780794110842692e-01
4.652643462021071041e-01
5.320717856645281740e-01
4.794764306233071371e-01
5.434368929788869762e-01
4.066031272785148309e-01
4.314127717733072243e-01
5.380563651165778394e-01
5.709046607989318733e-01
5.257694989966474886e-01
5.103163890860500373e-01
5.502830672208788299e-01
5.137709660763263297e-01
3.121278587395328596e-01
4.116796842613649199e-01
4.509047025416746401e-01
5.198685902227929700e-01
5.488955588028646693e-01
6.783920395343203680e-01
6.239450505570554029e-01
4.405326155467095828e-01
4.021047095510471014e-01
6.136679359200135631e-01
3.879578453454748388e-01
6.062494717154566226e-01
5.869273679500002228e-01
5.121664845394401366e-01
4.698963369916779875e-01
7.329308185611036475e-01
3.924311725042579635e-01
4.205466276539240877e-01
4.399423221822612029e-01
4.451075714294508434e-01
5.762152332805695609e-01
4.147677749155728733e-01
5.094356663945658337e-01
4.817652518627498215e-01
4.890077116938478796e-01
4.821015257629505668e-01
3.856329148003468932e-01
4.117119767758803950e-01
4.414440205204706591e-01
4.015724787615575497e-01
5.139917904038731056e-01
4.564444101470993553e-01
4.948647121039480568e-01
5.181834998401159131e-01
6.357747465387582064e-01
5.705988641578997322e-01
4.197187999439991324e-01
4.949827008020724617e-01
6.218275131770085729e-01
5.329370263335446722e-01
4.359435127449734493e-01
3.470839597649087449e-01
6.562174407637096918e-01
4.366676834251970729e-01
4.505544203016679239e-01
4.654085292359817494e-01
5.922399414907507653e-01
3.966046080907189020e-01
3.905094375205594992e-01
4.107163992661768126e-01
6.713916064902339942e-01
3.849226623960448346e-01
4.868315961325868635e-01
4.905035859819644739e-01
4.224714786382356979e-01
4.818103273238310558e-01
5.159646270922082500e-01
5.789581308855464847e-01
5.269662813312459004e-01
7.112547349061384416e-01
7.191827751225026155e-01
4.569528057457780679e-01
4.370973625013947483e-01
6.428354465366954429e-01
6.640363084157301365e-01
4.637185848808781929e-01
4.836702022946924862e-01
6.137835038999920334e-01
5.409713093171726328e-01
5.384726659309191366e-01
6.639568253983868518e-01
4.547054843784415490e-01
5.355554194819969194e-01
4.625929377344712434e-01
6.454499020492950878e-01
5.058452550088011757e-01
4.933046225516571903e-01
4.543180860297739709e-01
3.951566587532991948e-01
7.061387332759672120e-01
5.341965719024169834e-01
4.622218817905831556e-01
5.540216246191784766e-01
3.877569097824040134e-01
7.581738102097222987e-01
4.330914487207710994e-01
3.972599197845868013e-01
5.521664328088921048e-01
3.479876366530847975e-01
5.917677938954504224e-01
5.119249567706122273e-01
4.756631905947149574e-01
5.060752568445255895e-01
5.226517993384878213e-01
5.006435845297503295e-01
4.502903699652759939e-01
4.604265771111305527e-01
4.568573471105517592e-01
4.811371762833555055e-01
4.004448559145269981e-01
5.492733426813698472e-01
5.343233616905048722e-01
6.591424343116034645e-01
4.134472264002956310e-01
5.026702716575247587e-01
5.815573098321259460e-01
6.643600575681876119e-01
5.113918014814501367e-01
4.956984465685562169e-01
4.221276542158577949e-01
6.915891399679005014e-01
5.027204107708724834e-01
4.352807979483356848e-01
5.122519168413508517e-01
5.025003123611838651e-01
3.242063926951401776e-01
5.169393454922017739e-01
5.536881471644836683e-01
6.080911726848455823e-01
5.029042455486799623e-01
4.614209829188304912e-01
5.536398120418203339e-01
5.273592938005512432e-01
5.861194042727676523e-01
5.930694391553701372e-01
5.034902598602887247e-01
4.282078384259360715e-01
4.270655669251137709e-01
3.821360471881779519e-01
4.126638659744689686e-01
6.082611244429420028e-01
5.252971252628764187e-01
5.530219896003794045e-01
3.971901133712703591e-01
5.251266430465938440e-01
5.528619099486877797e-01
4.418844618290763693e-01
4.553877166850531233e-01
5.092421925987358211e-01
4.806371537758822865e-01
4.424649411683497235e-01
4.154710722117672117e-01
4.515750731166171539e-01
5.176304904626859438e-01
4.617433039713568776e-01
4.020515964022778888e-01
3.886737041492136502e-01
4.540492667133833593e-01
4.790688087753305346e-01
7.368304752879275554e-01
6.172938228287905282e-01
5.345381316485389167e-01
4.577844150181024641e-01
5.408911721318705457e-01
6.237216260893471143e-01
5.433022462108864081e-01
4.050235531023074764e-01
5.887189409898776482e-01
5.881432980092083929e-01
6.840026395439600115e-01
4.787671443152201056e-01
5.390538515261001917e-01
3.983685286901920697e-01
5.110100303380812337e-01
4.104952512477499371e-01
4.272553993765071945e-01
5.206357761699815789e-01
4.691694932630551262e-01
5.140594449829045676e-01
4.947164737739035423e-01
6.398474521356836142e-01
4.772559214985925835e-01
5.398990232520194388e-01
4.362845746199705554e-01
4.515307593622086002e-01
6.038334594253499388e-01
6.227073251118054875e-01
4.306042788764283813e-01
6.547704319928748795e-01
3.827343898576114345e-01
5.352133950064510426e-01
5.457647279934407791e-01
4.454462051952131074e-01
4.160089820710081154e-01
3.832458818412300960e-01
4.217551045728782921e-01
8.230842727477921672e-01
5.357576437665668712e-01
4.632856420160565980e-01
5.443011005770339583e-01
5.417857229931473118e-01
4.534856341325837481e-01
5.117685646984190262e-01
5.831960482384329625e-01
4.737958512642817532e-01
5.831759656928214852e-01
5.587110075719322611e-01
4.129145438950428959e-01
5.689970939532694727e-01
5.508961691082776557e-01
3.933779556176842940e-01
4.408474714154561602e-01
4.482102580619944932e-01
