0.000000000000000000e+00
0.000000000000000000e+00
1.000000000000000000e+00
0.000000000000000000e+00
1.000000000000000000e+00
-7.388842700007747233e-02
0.000000000000000000e+00
0.000000000000000000e+00
0.000000000000000000e+00
0.000000000000000000e+00
0.000000000000000000e+00
-1.000000000000000000e+00
-2.090654109450906795e-01
0.000000000000000000e+00
2.008728025920172300e-01
-6.289203265835802137e-01
0.000000000000000000e+00
0.000000000000000000e+00
0.000000000000000000e+00
1.000000000000000000e+00
0.000000000000000000e+00
-6.483974627175075334e-01
0.000000000000000000e+00
7.795995014980811044e-02
0.000000000000000000e+00
0.000000000000000000e+00
3.953526070446766738e-01
0.000000000000000000e+00
0.000000000000000000e+00
0.000000000000000000e+00
-7.384064345956774522e-01
0.000000000000000000e+00
-4.483684272220788136e-01
0.000000000000000000e+00
0.000000000000000000e+00
0.000000000000000000e+00
0.000000000000000000e+00
0.000000000000000000e+00
0.000000000000000000e+00
-4.101813943155273035e-01
0.000000000000000000e+00
1.000000000000000000e+00
0.000000000000000000e+00
0.000000000000000000e+00
0.000000000000000000e+00
7.827437205912014528e-01
0.000000000000000000e+00
3.974750212029721785e-01
-3.604963859113327063e-01
0.000000000000000000e+00
0.000000000000000000e+00
0.000000000000000000e+00
0.000000000000000000e+00
0.000000000000000000e+00
-9.715702422620171586e-01
0.000000000000000000e+00
-7.862085422838283044e-03
0.000000000000000000e+00
0.000000000000000000e+00
0.000000000000000000e+00
1.000000000000000000e+00
-1.000000000000000000e+00
0.000000000000000000e+00
0.000000000000000000e+00
0.000000000000000000e+00
0.000000000000000000e+00
8.800241310868917033e-02
0.000000000000000000e+00
0.000000000000000000e+00
0.000000000000000000e+00
3.200255537867605637e-01
0.000000000000000000e+00
0.000000000000000000e+00
0.000000000000000000e+00
-1.000000000000000000e+00
0.000000000000000000e+00
0.000000000000000000e+00
0.000000000000000000e+00
0.000000000000000000e+00
0.000000000000000000e+00
0.000000000000000000e+00
0.000000000000000000e+00
1.000000000000000000e+00
0.000000000000000000e+00
-1.482725166048263210e-01
0.000000000000000000e+00
0.000000000000000000e+00
0.000000000000000000e+00
0.000000000000000000e+00
0.000000000000000000e+00
1.707635600809829235e-01
1.104291978967358867e-02
0.000000000000000000e+00
0.000000000000000000e+00
0.000000000000000000e+00
1.515873076365731320e-02
0.000000000000000000e+00
0.000000000000000000e+00
4.189109692676131758e-01
-6.250175753961835223e-01
0.000000000000000000e+00
-5.171465913359110100e-01
2.449096711216468547e-01
4.218828170932071853e-01
0.000000000000000000e+00
0.000000000000000000e+00
0.000000000000000000e+00
0.000000000000000000e+00
6.638775054414662868e-01
0.000000000000000000e+00
-9.832064372461463142e-02
0.000000000000000000e+00
0.000000000000000000e+00
-3.309524233535187654e-01
4.167939699207762194e-01
0.000000000000000000e+00
0.000000000000000000e+00
0.000000000000000000e+00
1.000000000000000000e+00
-2.312579169057132900e-01
0.000000000000000000e+00
0.000000000000000000e+00
0.000000000000000000e+00
0.000000000000000000e+00
-2.769285920820694358e-01
0.000000000000000000e+00
-4.959314033792977527e-02
0.000000000000000000e+00
0.000000000000000000e+00
-3.357182284162157915e-01
0.000000000000000000e+00
0.000000000000000000e+00
4.290603217861115870e-01
0.000000000000000000e+00
0.000000000000000000e+00
0.000000000000000000e+00
-5.471183009650220086e-01
6.505744047766010008e-01
0.000000000000000000e+00
0.000000000000000000e+00
2.841669999433537042e-01
0.000000000000000000e+00
0.000000000000000000e+00
0.000000000000000000e+00
0.000000000000000000e+00
0.000000000000000000e+00
-7.604737310376602499e-01
0.000000000000000000e+00
0.000000000000000000e+00
0.000000000000000000e+00
1.000000000000000000e+00
1.000000000000000000e+00
9.815692588343351010e-01
0.000000000000000000e+00
0.000000000000000000e+00
-1.000000000000000000e+00
0.000000000000000000e+00
1.000000000000000000e+00
0.000000000000000000e+00
-2.633342505690534630e-01
0.000000000000000000e+00
0.000000000000000000e+00
0.000000000000000000e+00
-3.144905542398461762e-01
-2.734577238709276492e-01
-3.581621011665878096e-01
0.000000000000000000e+00
0.000000000000000000e+00
2.410001191971762324e-01
0.000000000000000000e+00
0.000000000000000000e+00
-3.538162625913245374e-01
0.000000000000000000e+00
0.000000000000000000e+00
0.000000000000000000e+00
0.000000000000000000e+00
0.000000000000000000e+00
0.000000000000000000e+00
0.000000000000000000e+00
-4.354551516681423595e-01
5.093968599401632602e-02
0.000000000000000000e+00
-6.136738886275144855e-01
4.164125123736243661e-01
0.000000000000000000e+00
-6.343307021697975889e-01
0.000000000000000000e+00
1.000000000000000000e+00
0.000000000000000000e+00
0.000000000000000000e+00
-3.742948849306875214e-01
0.000000000000000000e+00
0.000000000000000000e+00
0.000000000000000000e+00
0.000000000000000000e+00
9.036457062692445641e-01
0.000000000000000000e+00
0.000000000000000000e+00
1.000000000000000000e+00
0.000000000000000000e+00
0.000000000000000000e+00
-3.561023635121841613e-01
0.000000000000000000e+00
-1.000000000000000000e+00
-1.941213210899627173e-01
0.000000000000000000e+00
0.000000000000000000e+00
-4.990056857595637219e-01
0.000000000000000000e+00
8.926929398608624000e-02
0.000000000000000000e+00
3.313365428387865519e-01
0.000000000000000000e+00
0.000000000000000000e+00
8.274638952900534861e-01
0.000000000000000000e+00
-3.264929722826932501e-01
-4.448054860885548578e-01
0.000000000000000000e+00
0.000000000000000000e+00
0.000000000000000000e+00
0.000000000000000000e+00
6.761996996826173945e-01
0.000000000000000000e+00
0.000000000000000000e+00
-1.000000000000000000e+00
0.000000000000000000e+00
0.000000000000000000e+00
0.000000000000000000e+00
0.000000000000000000e+00
8.914206598219828193e-01
-6.964486622987173803e-01
0.000000000000000000e+00
0.000000000000000000e+00
1.000000000000000000e+00
0.000000000000000000e+00
1.000000000000000000e+00
0.000000000000000000e+00
3.725901103154165006e-01
0.000000000000000000e+00
0.000000000000000000e+00
5.636648347943317150e-01
0.000000000000000000e+00
0.000000000000000000e+00
0.000000000000000000e+00
-1.902105805764658930e-01
-4.578201217883999252e-01
0.000000000000000000e+00
0.000000000000000000e+00
0.000000000000000000e+00
-4.934055770870618973e-01
-5.743034472439506599e-01
-3.697448219397131419e-01
0.000000000000000000e+00
-3.274756914865031288e-01
0.000000000000000000e+00
3.758068765888922247e-01
0.000000000000000000e+00
0.000000000000000000e+00
0.000000000000000000e+00
1.000000000000000000e+00
0.000000000000000000e+00
0.000000000000000000e+00
1.000000000000000000e+00
6.860123065415908439e-01
