-5.951253836398490149e-01
-8.243676075426640271e-01
-3.902094323237808915e+00
-2.676273945091545592e+00
2.572105891329985017e+00
-4.019947484877026134e-02
9.790225764359057337e-01
-2.379606232603403537e+00
-1.782006588699024618e+00
9.818887012456994912e-02
-1.774667519295074269e+00
-1.541211143219286317e+00
4.442271003186506473e-01
1.586106794275033149e-01
-1.843271336871889821e+00
-1.767205391146461135e+00
-6.321529403953751736e-03
3.744064510747436625e+00
1.244809210046900594e+00
1.062825426684250063e+00
-1.369727655592622995e-02
-2.823437779128700420e+00
-1.640248914990430906e+00
-8.530401495861927863e-03
1.006391947561841305e-01
1.524496300639824886e+00
-1.541490817711817618e+00
1.489294864985437339e-01
2.132305344020286153e+00
2.669871195512396600e+00
-2.758724724897807068e+00
2.197655937240405866e-02
1.039353117231315515e+00
7.838387170859523190e-02
-1.815026247784652103e-01
-3.309990426942553965e-01
-3.955421049847177017e-01
-1.914422673599387004e+00
-1.199706157791796679e+00
-1.057175746208288691e+00
-9.205252673708518296e-01
-1.602467788971837059e+00
9.302718419733119193e-01
-5.996454662791692591e-01
-6.642052609714433897e-01
-1.196073250469250171e+00
1.291348087080907425e-01
1.182559846539617432e+00
5.119359609703271197e+00
-4.132042709739821795e+00
3.605004668429123149e-01
3.050054978777389625e+00
-2.328913483730810641e-01
1.049230635783260812e+00
-2.072039739463607866e+00
3.332861473674056718e+00
2.211703982893016729e+00
4.722419592922562082e-01
-1.472446272810079337e+00
3.619417070740206799e-01
-1.802167701168310598e+00
1.969185465814447866e+00
1.170412224257390221e+00
2.836537459449475773e-02
2.552821094911875477e+00
-6.838111259757483074e-02
1.221383985929066496e+00
9.653837646144481921e-01
4.226899655323308913e+00
-1.073671424111359185e+00
-6.997624532901015604e-01
7.079894253092409162e-01
1.062128827106083362e+00
8.158037082322575628e-01
-3.132494105293600062e-01
-2.867706808879823210e+00
3.387673009670455482e-01
-1.212656222225668434e-01
-2.050791967834504792e+00
1.236534394399493753e+00
2.407070816704278471e+00
-1.133019916510855873e+00
2.307418075975663285e+00
1.052514108727058195e+00
1.387309192127351043e+00
-7.722898451694527600e-01
-1.980866545897299158e+00
1.110961280939793960e+00
2.177370152436881146e+00
1.300303363055663963e+00
1.001046662358189066e+00
1.787154983524428253e-01
-1.795191413940698144e+00
2.890881724163144595e-01
1.524708144161967205e+00
-3.702585489687483800e-01
-8.247074708032577917e-01
-2.425403805514577016e+00
-4.165421941687811325e-01
1.470273567415379512e+00
-3.684377872834144196e-01
2.931772626539148163e+00
-1.147345251403034005e+00
7.931023822871994255e-01
4.699711655157199353e-01
-2.072044789340210524e-01
-8.353939243290147143e-01
3.214071531510589441e+00
-1.095346580544710235e+00
-2.134936338560201374e+00
-2.277871258153693068e-01
-5.593218250855370999e-02
5.483429973599069918e+00
3.304532467894579995e+00
-1.256606747020672765e+00
3.100861403945273764e+00
-2.155419248212421479e+00
1.728024761364516992e+00
2.046129031956510858e+00
-1.372708561108958891e+00
1.268179801645187510e+00
-1.646665233546642959e+00
4.809853929828202257e-01
3.334934158211515065e+00
-8.577561960230595250e-01
-1.584021337926427853e-03
-1.318089445959029549e+00
-5.415102179621049672e-01
1.639369899477954196e+00
1.764725115367462571e+00
1.301382594866904663e+00
6.732495205853042952e-01
-1.851575487094156980e+00
1.144473431853533896e+00
-4.230382272009029082e-02
-2.065309329129724758e-02
3.455826063796999525e-01
4.780785192268243167e-01
-1.321850250651064096e+00
-1.532777418088862253e+00
1.360276460246737873e+00
1.696772449354923662e+00
-4.716291180291603879e+00
1.429330263271937074e-01
-4.485548315087412585e-01
-1.393594543049800905e-01
-2.969346079934788385e+00
1.128416308529466283e+00
-8.145100912412456262e-01
3.809946701088320342e+00
-4.121397356842358972e-01
-4.123974778907700811e-01
2.114917940285785392e+00
-1.053107032117722580e-01
-7.175764421386807701e-01
1.222836484008378966e+00
-4.636506304637668663e-01
1.725830601185610380e+00
1.070281261129529371e+00
-1.012293407168687043e-01
8.116657592051162995e-01
3.990629784710876038e+00
2.648314310031283370e-01
6.269307474402225910e-01
-4.459071123627656452e-01
9.681090386459211272e-01
2.125513540412358182e-01
-1.116221930533707468e-01
-1.159942697156503444e+00
-1.715961629326944404e+00
-2.719616560941075623e+00
6.075471449129370427e-01
4.776742546525908573e+00
1.680819225432504671e-01
-1.966613772745596345e+00
-3.922204856900312619e-01
-1.040932449764965018e+00
2.298303045828360425e+00
-4.788597997021315500e-01
2.465620003354278555e-01
8.123826127230354688e-01
-1.391576916485505411e+00
-6.568791446764069564e-01
1.691706873365347974e+00
2.519323590627377207e+00
-2.125953727502695401e+00
5.180483722886027875e-01
1.703266232342786068e-01
-1.075285083367016892e+00
-7.186387719896616955e-02
6.121849938924164292e-01
6.856403825513347483e-01
1.819872000653243838e+00
-5.622431501176019530e-01
1.507213522704182962e+00
2.243795053410632789e+00
4.791223780210218663e-01
-2.267923401744495138e+00
1.359716453082835397e+00
-4.836400862613208229e-01
2.597021481900808393e+00
2.703573359934647313e-01
8.616187217595236425e-02
-7.816255094116393298e-01
1.505583920585074731e+00
-2.130500163039716899e+00
1.486913481517788904e+00
1.322747070429622918e+00
-2.021785789478843576e+00
3.416938865160786598e+00
-1.332881761216251570e+00
1.097909108116175814e+00
7.780529093347621217e-01
2.422169911670705389e+00
-5.517090551537234822e-01
1.172402842862107636e-01
-5.727643670708240098e-01
1.044791903644532782e+00
1.058481130538805770e+00
-1.267673329250292635e+00
9.696184667899259146e-01
2.376506705674494013e-01
-4.999946105747464786e-01
-9.864700301917972425e-01
-1.542945415437227741e+00
8.293261059672791813e-01
1.440674182287098037e-01
1.555243864310648760e+00
3.000160372386430740e+00
5.424384264126530297e+00
-5.939167986599858118e-01
-2.629817281684582841e+00
2.530240030641796256e+00
-6.169205970557082308e-01
1.189839839188869153e+00
7.296388962055397887e-01
-3.151229658627247687e+00
-1.372132071898073125e-01
-2.224027343863845818e-01
-4.781893153797991958e-01
-2.136953569830785382e-01
-1.306398957434944663e-01
-1.834647415560954009e+00
1.409768610142275946e+00
1.432629344833998841e-01
-1.275944354650788259e+00
1.327896697085042321e+00
8.616167561031481403e-01
-1.740780644945250089e-01
6.645896636306936056e-02
-2.358628599606489296e-01
-7.923954644543077519e-01
1.482641543577351673e+00
-1.618539535942935315e+00
7.391743403767161991e-02
-1.841941828454655816e+00
-1.268677676444806446e+00
-5.355955121403728203e-01
1.007633911888796252e+00
4.522420798841668144e-01
-1.009473381987371354e+00
-1.751775453671195359e+00
-8.159799662174179735e-01
-8.068817088475895849e-01
-3.081449971370321617e+00
