Generation: 0 76.3383 106.7445 6.1769 21.2035
Generation: 1 74.0038 127.6323 25.5894 28.9016
Generation: 2 71.9532 102.8126 35.1298 25.6056
Generation: 3 74.2017 104.8447 40.5971 29.0645
Generation: 4 72.1532 103.0126 59.2460 21.2667
Generation: 5 85.5028 155.0333 62.7781 16.0557
Generation: 6 56.9528 110.9787 62.9121 17.9854
Generation: 7 66.8057 137.8732 62.2113 18.4572
Generation: 8 71.9589 102.8187 59.8411 18.4908
Generation: 9 72.1161 102.9671 67.8239 11.6870
Generation: 10 69.0137 139.9385 66.7949 14.0873
Generation: 11 76.6927 130.3015 64.1697 17.5930
Generation: 12 78.6599 108.8653 64.4159 17.3749
Generation: 13 76.4712 106.9014 61.2872 18.3708
Generation: 14 85.7470 155.2875 61.1776 19.5041
Generation: 15 74.5310 105.1758 66.5691 11.0519
Generation: 16 72.6912 126.7440 65.1303 13.5956
Generation: 17 78.6414 132.0471 60.0693 14.1225
Generation: 18 83.3578 153.1177 65.9275 11.9193
Generation: 19 63.5956 117.0822 64.3746 13.0151
Generation: 20 78.9720 149.1860 64.9806 12.7336
Generation: 21 64.0669 117.2498 61.0079 15.5823
Generation: 22 84.3463 154.0862 65.0420 12.4054
Generation: 23 58.0512 112.0142 61.4390 15.2100
Generation: 24 83.0771 136.0501 62.2931 14.3609
Generation: 25 85.9971 155.5502 61.5012 14.9819
Generation: 26 84.5075 154.2400 60.6273 14.6403
Generation: 27 68.7233 139.6512 59.7851 15.7741
Generation: 28 83.4953 153.2631 62.5190 14.5410
Generation: 29 83.4829 153.2393 62.3973 13.8063
Generation: 30 74.6615 145.2799 62.3853 13.8018
Generation: 31 85.9321 155.4847 65.7819 13.2443
Generation: 32 78.5431 131.9348 61.8950 13.7147
Generation: 33 85.9660 155.5228 59.7721 17.5568
Generation: 34 90.3901 182.6747 62.0480 15.7683
Generation: 35 68.5095 139.4176 60.5458 16.9975
Generation: 36 85.4234 154.9524 60.2453 15.6248
Generation: 37 86.1663 155.6850 61.4450 18.2191
Generation: 38 89.9502 182.2381 57.5780 21.5087
Generation: 39 85.4408 154.9957 61.1864 19.6078
Generation: 40 90.6075 182.8831 62.3890 18.5212
Generation: 41 83.5033 153.2480 60.9790 18.4565
Generation: 42 86.0041 155.5418 61.5204 14.9114
Generation: 43 85.8720 155.4088 61.9466 16.9620
Generation: 44 85.7136 155.2462 63.0489 16.4281
Generation: 45 81.5032 151.4735 59.1707 19.9901
Generation: 46 90.2695 182.5539 61.6366 18.0061
Generation: 47 86.4832 156.0359 65.3327 15.7910
Generation: 48 90.1491 182.4582 58.5735 23.1196
Generation: 49 90.0047 182.2895 64.5249 17.0586
Generation: 50 90.0683 182.3613 64.1058 16.2236
Generation: 51 86.3613 155.8919 63.6574 20.3928
Generation: 52 85.6559 155.1860 60.3778 20.3726
Generation: 53 83.6844 153.4370 60.3913 21.4090
Generation: 54 86.0728 155.6031 62.1205 22.8486
Generation: 55 90.0928 182.3698 58.0668 23.4445
Generation: 56 86.2404 155.7642 62.1905 20.8785
Generation: 57 90.0928 182.3698 62.5674 21.0151
Generation: 58 86.1760 155.7083 65.8141 17.4914
Generation: 59 90.0129 182.2933 62.8190 18.8955
Generation: 60 90.6474 182.9140 68.0507 17.3823
Generation: 61 90.4051 182.6669 60.9453 18.7205
Generation: 62 90.2129 182.4933 63.4906 19.0874
Generation: 63 90.4824 182.7625 67.3838 15.6010
Generation: 64 90.6133 182.8939 67.4304 16.7623
Generation: 65 90.2934 182.5772 65.6447 16.8617
Generation: 66 87.0732 161.5512 67.0640 17.6276
Generation: 67 90.7428 183.0198 63.9353 17.6857
Generation: 68 90.3379 182.6183 63.1956 18.1129
Generation: 69 90.4224 182.7025 66.8053 15.7106
Generation: 70 90.1923 182.4690 66.5430 16.9656
Generation: 71 90.5329 182.8133 66.1509 17.4063
Generation: 72 90.2923 182.5690 67.1606 17.1235
Generation: 73 90.4428 182.7198 71.1591 16.6089
Generation: 74 90.5331 182.8166 66.0885 19.5620
Generation: 75 90.1923 182.4690 66.7237 17.6447
Generation: 76 91.1983 183.4417 67.7281 16.0640
Generation: 77 90.3578 182.6381 70.0180 17.8194
Generation: 78 90.8975 183.1687 66.8630 18.7336
Generation: 79 90.2923 182.5690 66.6254 18.4557
Generation: 80 90.3179 182.5983 68.6246 13.8964
Generation: 81 90.1923 182.4690 68.7275 17.3595
Generation: 82 90.5728 182.8498 67.1592 18.8435
Generation: 83 90.5928 182.8698 69.7907 16.4149
Generation: 84 91.3322 183.6131 73.2182 14.6651
Generation: 85 90.5474 182.8275 66.4094 17.3907
Generation: 86 90.9456 183.2059 72.7316 15.5002
Generation: 87 90.5764 182.8547 70.7378 16.7836
Generation: 88 90.5301 182.8096 71.2488 16.6668
Generation: 89 90.5944 182.8481 70.7816 16.0970
Generation: 90 91.2705 183.5440 70.1079 18.6924
Generation: 91 90.7928 183.0698 68.3035 19.3920
Generation: 92 90.4974 182.7775 71.9140 18.6833
Generation: 93 90.8431 183.0919 71.0363 16.3495
Generation: 94 90.2923 182.5690 72.4139 16.1743
Generation: 95 90.4578 182.7348 72.1162 17.7371
Generation: 96 90.3823 182.6590 73.2003 15.7941
Generation: 97 90.3629 182.6433 74.8907 14.8149
Generation: 98 90.8202 183.0831 70.5749 17.5884
Generation: 99 90.4284 182.7122 72.1663 15.8235
Generation: 100 90.6532 182.9065 70.1886 15.1783
Generation: 101 90.6864 182.9589 76.2800 16.1525
Generation: 102 90.2923 182.5690 71.9886 16.4063
Generation: 103 90.5945 182.8714 73.7639 16.9286
Generation: 104 90.4761 182.7649 69.3739 20.4028
Generation: 105 91.6163 183.8706 69.4435 22.4587
Generation: 106 90.4573 182.7340 69.7716 20.2420
Generation: 107 90.7514 183.0239 73.3054 19.2549
Generation: 108 90.6678 182.9481 71.8201 18.0201
Generation: 109 90.8710 183.1430 72.7759 22.0814
Generation: 110 90.8881 183.1571 71.1392 22.2207
Generation: 111 90.7517 183.0225 72.9900 19.6219
Generation: 112 90.9824 183.2625 73.1263 17.7882
Generation: 113 90.7727 183.0475 72.4970 19.0133
Generation: 114 91.0531 183.3221 75.2749 16.4238
Generation: 115 90.9432 183.1965 75.0294 18.8633
Generation: 116 91.6077 183.8618 74.2347 18.9149
Generation: 117 90.7228 182.9934 74.8885 17.1459
Generation: 118 91.0688 183.3185 73.3834 19.1096
Generation: 119 91.1694 183.4466 75.1245 16.9679
Generation: 120 90.7419 182.9936 77.7174 14.0356
Generation: 121 91.1544 183.4281 76.6798 14.7929
Generation: 122 90.8410 183.1130 75.4704 16.6462
Generation: 123 90.4514 182.7239 75.3383 14.5676
Generation: 124 90.4723 182.7490 75.0901 16.2751
Generation: 125 90.7228 182.9934 74.2568 15.7455
Generation: 126 91.0671 183.3407 72.8157 18.4184
Generation: 127 90.7517 183.0225 76.3624 16.5667
Generation: 128 91.0840 183.3681 75.6533 15.9580
Generation: 129 90.7577 183.0325 71.2467 18.0774
Generation: 130 91.1644 183.4381 76.4356 14.6635
Generation: 131 91.3123 183.5587 77.0807 17.6983
Generation: 132 91.0044 183.2816 77.2516 15.3878
Generation: 133 91.0671 183.3407 74.4699 17.7041
Generation: 134 90.7360 183.0080 77.5854 14.6936
Generation: 135 91.0237 183.2714 75.0357 17.2966
Generation: 136 91.0898 183.3373 76.9422 16.2811
Generation: 137 91.2201 183.4880 72.8901 16.2137
Generation: 138 90.7874 183.0655 72.8456 17.6967
Generation: 139 91.1791 183.4269 78.1427 14.4035
Generation: 140 91.0141 183.3232 76.2802 14.5074
Generation: 141 90.8778 183.1548 74.1158 17.7761
Generation: 142 90.6527 182.9275 78.2945 13.9870
Generation: 143 91.2064 183.4577 73.9395 15.7209
Generation: 144 91.2273 183.4903 77.7428 13.8701
Generation: 145 90.8916 183.1672 74.3714 17.8952
Generation: 146 90.7127 182.9875 75.5266 16.5643
Generation: 147 91.2292 183.5136 77.2450 15.1473
Generation: 148 91.0346 183.3137 78.3051 14.3267
Generation: 149 90.6323 182.9090 77.1552 15.9528
Generation: 150 90.6189 182.8920 79.5180 12.4345
Generation: 151 90.5623 182.8390 79.4782 14.1189
Generation: 152 91.5378 183.7819 78.0069 16.0357
Generation: 153 90.8778 183.1484 76.9805 16.0036
Generation: 154 90.7773 183.0540 78.4712 16.3134
Generation: 155 90.8628 183.1431 78.5406 14.2017
Generation: 156 90.9867 183.2575 78.2964 16.9415
Generation: 157 90.9682 183.2416 78.7150 15.9890
Generation: 158 90.7432 183.0166 80.7239 15.9332
Generation: 159 91.1620 183.4313 79.8493 16.6017
Generation: 160 90.6124 182.8925 76.5294 18.2799
Generation: 161 91.7109 183.9581 80.0395 15.5170
Generation: 162 91.1839 183.4573 76.7035 18.8773
Generation: 163 90.9460 183.2536 79.9918 16.2803
Generation: 164 90.9362 183.2390 79.0540 17.6178
Generation: 165 91.0378 183.3181 78.5326 18.2562
Generation: 166 91.0414 183.3505 80.0595 13.3950
Generation: 167 91.1182 183.4195 78.3221 18.7010
Generation: 168 91.3962 183.6818 77.2445 16.1034
Generation: 169 91.5245 183.7875 80.3767 14.3879
Generation: 170 91.0836 183.3310 76.4068 18.0021
Generation: 171 91.4273 183.6737 78.6316 17.6776
Generation: 172 91.4512 183.7368 80.7894 12.8676
Generation: 173 91.4701 183.7232 75.3835 20.3819
Generation: 174 90.9728 183.2434 78.1284 16.6189
Generation: 175 91.0827 183.3575 82.5384 10.6951
Generation: 176 91.6615 183.9741 76.1191 17.7835
Generation: 177 90.9517 183.2225 79.4421 17.5855
Generation: 178 91.0842 183.3686 79.8650 11.5288
Generation: 179 91.1831 183.4521 79.0525 14.8737
Generation: 180 90.9528 183.2234 78.0141 16.8119
Generation: 181 91.0428 183.3171 78.7097 15.0640
Generation: 182 91.1382 183.4110 75.7078 16.9467
Generation: 183 91.0586 183.3369 79.8033 11.7826
Generation: 184 91.7737 184.0322 80.5671 12.6799
Generation: 185 91.4124 183.6819 79.8386 14.3209
Generation: 186 91.3090 183.5622 78.2334 14.2828
Generation: 187 91.6404 183.9126 80.5366 13.6067
Generation: 188 91.1936 183.4719 81.9577 10.4766
Generation: 189 91.1800 183.4614 79.4330 14.4579
Generation: 190 91.2825 183.5301 81.2217 12.5681
Generation: 191 91.2101 183.4712 80.3568 12.1742
Generation: 192 91.3626 183.6139 81.2045 14.2413
Generation: 193 91.2536 183.5010 82.1158 11.3910
Generation: 194 91.1532 183.4260 80.0443 12.9621
Generation: 195 91.2887 183.5398 82.2886 11.9781
Generation: 196 91.2717 183.5425 81.8824 12.5072
Generation: 197 91.1468 183.4314 79.5729 12.6706
Generation: 198 91.0228 183.3031 82.0967 11.8536
Generation: 199 91.6718 183.9493 82.5028 11.2246
Generation: 200 91.0619 183.3338 78.6032 14.6291
Generation: 201 91.2022 183.4793 81.6218 12.5697
Generation: 202 91.2887 183.5398 80.2000 12.1530
Generation: 203 91.2182 183.4916 82.6745 11.9747
Generation: 204 91.2836 183.5310 80.0460 12.9076
Generation: 205 91.3336 183.5810 82.4044 11.4558
Generation: 206 91.3175 183.5816 77.9068 15.2476
Generation: 207 91.3800 183.6614 79.8965 13.1027
Generation: 208 91.8533 184.1519 80.3418 13.2804
Generation: 209 91.4836 183.7310 81.5121 11.7546
Generation: 210 91.3267 183.5975 81.3814 12.6067
Generation: 211 91.4944 183.7505 80.9182 12.3078
Generation: 212 91.4955 183.7514 83.0126 8.8608
Generation: 213 91.2550 183.5364 80.4620 12.6401
Generation: 214 91.3951 183.6562 81.1547 13.5907
Generation: 215 91.8911 184.1975 84.8093 7.0757
Generation: 216 92.0193 184.3263 80.0976 15.1557
Generation: 217 91.7004 184.0001 79.4468 12.8083
Generation: 218 91.2413 183.5055 82.2418 10.6635
Generation: 219 91.9208 184.2260 81.3231 11.5842
Generation: 220 91.3245 183.6325 81.8381 10.0475
Generation: 221 91.8792 184.1772 81.2195 11.2452
Generation: 222 91.3416 183.6254 80.7697 13.0956
Generation: 223 91.7251 184.0334 82.8354 9.6588
Generation: 224 91.4100 183.6914 84.2016 8.0617
Generation: 225 91.9302 184.2368 83.7208 9.8024
Generation: 226 91.6005 183.8564 83.5566 10.7427
Generation: 227 91.4955 183.7514 83.2311 8.6113
Generation: 228 91.3800 183.6614 81.9980 11.0148
Generation: 229 91.5544 183.8105 81.9323 12.0072
Generation: 230 92.0493 184.3563 82.6506 10.9616
Generation: 231 91.5738 183.8822 80.8465 12.7212
Generation: 232 91.3800 183.6614 82.6569 10.9756
Generation: 233 91.6005 183.8564 81.4960 12.2696
Generation: 234 91.4700 183.7514 81.6697 11.6000
Generation: 235 91.4955 183.7514 82.3377 10.4553
Generation: 236 91.4289 183.7105 80.4846 10.7956
Generation: 237 92.1251 184.4000 82.9075 10.0798
Generation: 238 92.0097 184.3085 81.7217 10.0498
Generation: 239 91.4550 183.7364 80.9091 10.4427
Generation: 240 92.1101 184.3850 82.5990 10.1841
Generation: 241 91.4836 183.7310 81.3622 10.0138
Generation: 242 91.4850 183.7664 80.4247 12.1177
Generation: 243 91.7024 183.9631 83.2301 11.0095
Generation: 244 91.6205 183.8764 82.3960 11.3464
Generation: 245 91.5598 183.8681 80.9005 11.9419
Generation: 246 91.4228 183.6934 82.1165 9.6157
Generation: 247 91.6005 183.8564 82.4660 10.6990
Generation: 248 91.5387 183.7898 81.9763 10.9571
Generation: 249 91.6836 183.9310 80.2882 10.1096
Generation: 250 91.6887 183.9398 81.2466 11.2400
Generation: 251 91.4944 183.7505 83.1905 9.3326
Generation: 252 91.4944 183.7505 81.7691 11.3914
Generation: 253 91.5682 183.8416 82.5586 9.4637
Generation: 254 91.5336 183.7810 81.8088 10.2258
Generation: 255 91.4046 183.7125 80.2025 12.6163
Generation: 256 91.7013 183.9622 83.2801 9.1600
Generation: 257 91.8897 184.1885 82.0287 10.5424
Generation: 258 91.5028 183.8010 80.8249 10.8551
Generation: 259 91.5625 183.8266 82.5558 10.1432
Generation: 260 91.9798 184.2809 81.9572 11.0310
Generation: 261 92.1240 184.3990 82.4202 10.1213
Generation: 262 92.1240 184.3990 82.9680 10.8699
Generation: 263 91.5929 183.8601 82.0020 10.3042
Generation: 264 91.4811 183.7631 81.9503 11.4688
Generation: 265 91.5778 183.8448 83.3777 9.7517
Generation: 266 91.5517 183.8189 83.9706 8.8336
Generation: 267 91.5338 183.8354 83.1446 10.5399
Generation: 268 91.6751 183.9834 82.8694 8.7169
Generation: 269 91.9947 184.2935 84.8280 7.6350
Generation: 270 91.8897 184.1885 83.7583 9.7886
Generation: 271 91.5705 183.8264 83.1134 10.5085
Generation: 272 91.7697 184.0685 83.0869 11.8476
Generation: 273 91.5775 183.8416 82.7264 11.1839
Generation: 274 91.7415 184.0263 83.6662 10.0645
Generation: 275 91.5628 183.8298 82.7361 11.6850
Generation: 276 92.1240 184.3990 84.0687 11.7986
Generation: 277 91.4700 183.7514 81.8573 10.4280
Generation: 278 91.4955 183.7514 83.0762 9.4215
Generation: 279 91.6132 183.8990 84.1352 8.3153
Generation: 280 91.5870 183.8727 83.4707 9.3256
Generation: 281 91.6425 183.9055 83.3427 10.5254
Generation: 282 91.4955 183.7514 84.5955 9.2313
Generation: 283 91.5455 183.8014 84.3879 10.1806
Generation: 284 92.0808 184.3795 84.4948 8.6748
Generation: 285 91.5859 183.8719 85.3209 7.8869
Generation: 286 91.9152 184.1919 84.9870 8.4711
Generation: 287 92.0097 184.3085 85.2752 7.6820
Generation: 288 92.0086 184.3076 84.5659 8.7525
Generation: 289 91.5963 183.8605 83.8686 8.3315
Generation: 290 92.0236 184.3086 85.1085 7.2345
Generation: 291 92.0097 184.3085 85.2768 7.5970
Generation: 292 91.5375 183.8016 83.5326 9.5755
Generation: 293 91.8643 184.1677 84.0675 8.9868
Generation: 294 92.1551 184.4300 83.5639 9.4217
Generation: 295 92.0086 184.3076 84.1130 8.5147
Generation: 296 91.6931 183.9531 86.0804 7.0528
Generation: 297 91.5281 183.7751 85.0005 8.1049
Generation: 298 91.5863 183.8505 83.5371 11.2989
Generation: 299 92.0086 184.3076 86.2452 6.5386
Generation: 300 91.6101 183.9186 84.7540 9.1068
Generation: 301 91.7404 184.0440 83.8444 8.0282
Generation: 302 91.8074 184.0681 85.3120 8.1001
Generation: 303 92.1240 184.3990 84.8736 8.1375
Generation: 304 92.0048 184.3036 85.4507 10.2519
Generation: 305 91.6836 183.9310 85.8423 8.2563
Generation: 306 91.4944 183.7505 83.9614 7.7861
Generation: 307 91.7425 184.0032 85.4082 7.7035
Generation: 308 92.0097 184.3085 84.6240 7.3214
Generation: 309 91.7847 184.0564 85.0578 7.1929
Generation: 310 91.7517 184.0359 83.4146 10.3494
Generation: 311 92.0808 184.3795 85.7975 8.0066
Generation: 312 91.6575 183.9205 84.1389 8.6939
Generation: 313 91.7024 183.9631 85.7032 8.2183
Generation: 314 91.4977 183.7707 81.5607 11.9605
Generation: 315 91.5859 183.8719 85.1953 7.5068
Generation: 316 92.2302 184.5069 84.4695 10.0578
Generation: 317 91.9620 184.2628 85.7005 6.6441
Generation: 318 92.3574 184.6428 85.7593 7.7742
Generation: 319 92.1240 184.3990 85.7914 7.8151
Generation: 320 91.6648 183.9659 85.0563 8.2842
Generation: 321 91.5870 183.8727 83.4627 9.7118
Generation: 322 91.5262 183.8077 83.9445 8.2365
Generation: 323 92.1360 184.4190 86.7048 6.5132
Generation: 324 92.1558 184.4545 84.4398 8.4544
Generation: 325 91.8793 184.1827 86.1839 7.8557
Generation: 326 92.0136 184.3008 86.9558 5.4699
Generation: 327 91.6775 183.9405 86.5604 7.5305
Generation: 328 91.7786 184.0414 85.4153 7.5001
Generation: 329 91.6290 183.8960 85.3779 7.9755
Generation: 330 91.7097 183.9814 86.5225 7.0589
Generation: 331 91.9002 184.1769 83.9974 10.1710
Generation: 332 91.7013 183.9622 85.0953 10.4845
Generation: 333 91.6955 183.9514 84.6143 9.0641
Generation: 334 91.8009 184.0725 85.6917 8.7629
Generation: 335 91.7332 184.0190 85.6871 7.5389
Generation: 336 92.0808 184.3795 86.4470 6.9527
Generation: 337 92.0413 184.3269 85.6319 7.3119
Generation: 338 92.1324 184.4178 84.8982 8.7225
Generation: 339 91.6436 183.9064 84.3894 9.0047
Generation: 340 91.7013 183.9622 85.8742 5.9491
Generation: 341 92.0922 184.3751 84.3717 9.8074
Generation: 342 91.6932 183.9790 85.8178 7.5066
Generation: 343 92.0825 184.3677 86.0272 7.0185
Generation: 344 91.6028 183.8698 86.1648 6.8559
Generation: 345 91.6920 183.9777 84.8819 7.5339
Generation: 346 91.8165 184.1013 85.8114 8.2523
Generation: 347 91.8458 184.1468 86.5950 6.8650
Generation: 348 92.1240 184.3990 86.7852 7.4019
Generation: 349 91.9058 184.2068 86.5361 6.2390
Generation: 350 92.0397 184.3385 86.6920 6.9841
Generation: 351 91.7046 183.9896 86.4451 7.0456
Generation: 352 92.0397 184.3385 87.5113 5.8091
Generation: 353 91.6440 183.9110 87.3079 6.3279
Generation: 354 91.5870 183.8727 86.4671 6.8837
Generation: 355 92.0097 184.3085 87.4280 5.0227
Generation: 356 92.1558 184.4545 85.6410 7.2715
Generation: 357 92.0086 184.3076 87.4361 5.0547
Generation: 358 92.0362 184.3128 88.1676 4.5669
Generation: 359 91.8897 184.1885 87.1643 6.2675
Generation: 360 91.6697 183.9325 87.2100 5.8294
Generation: 361 91.9908 184.2895 87.5771 5.5750
Generation: 362 91.6575 183.9205 87.0221 7.5858
Generation: 363 91.6931 183.9814 87.4077 5.6454
Generation: 364 91.9968 184.2823 88.2106 5.0284
Generation: 365 91.9708 184.2695 86.3694 8.0325
Generation: 366 91.6716 183.9302 87.6839 5.6643
Generation: 367 92.2236 184.5086 86.8215 6.5267
Generation: 368 91.6328 183.8998 85.4072 8.0010
Generation: 369 92.0086 184.3076 86.1522 7.8076
Generation: 370 91.8076 184.0669 86.5453 5.9140
Generation: 371 92.2236 184.5086 86.6992 6.5474
Generation: 372 91.6486 183.9114 84.7065 10.3090
Generation: 373 91.8109 184.0825 86.2443 7.2135
Generation: 374 91.7913 184.0778 86.1532 8.7974
Generation: 375 91.7997 184.0985 87.7633 4.9140
Generation: 376 92.1251 184.4000 87.0314 7.8440
Generation: 377 91.7770 184.0627 86.8925 7.5527
Generation: 378 91.7112 183.9927 87.3075 6.1012
Generation: 379 91.8247 184.0964 86.2136 8.3077
Generation: 380 92.0232 184.3125 87.0596 7.7385
Generation: 381 91.7170 184.0027 86.8011 7.7287
Generation: 382 91.7770 184.0627 87.3167 5.9370
Generation: 383 92.2774 184.5628 86.7568 5.5034
Generation: 384 92.1897 184.4885 86.9684 6.1885
Generation: 385 92.0397 184.3385 87.6118 6.0612
Generation: 386 91.6920 183.9777 87.2765 5.7832
Generation: 387 92.0232 184.3125 87.2599 6.2288
Generation: 388 91.6828 183.9498 86.8875 6.2990
Generation: 389 91.9197 184.1914 87.3060 5.6746
Generation: 390 92.0498 184.3509 87.9059 4.9259
Generation: 391 91.7716 184.0302 87.1768 7.6679
Generation: 392 91.8532 184.1425 86.5748 7.3912
Generation: 393 91.8468 184.1323 86.8249 6.0877
Generation: 394 91.7786 184.0414 87.9608 5.5086
Generation: 395 91.8897 184.1885 87.9622 5.0024
Generation: 396 92.1240 184.3990 86.8346 6.1684
Generation: 397 91.7770 184.0627 88.0343 4.2075
Generation: 398 91.7359 184.0075 86.4960 8.1385
Generation: 399 91.8458 184.1445 85.7937 7.3190
Generation: 400 91.7517 184.0359 87.4182 5.1915
Generation: 401 91.7301 184.0386 88.0454 4.5050
Generation: 402 91.7199 183.9939 87.2243 6.1144
Generation: 403 92.1347 184.4335 87.4847 5.4580
Generation: 404 91.9548 184.2536 86.8892 6.6359
Generation: 405 91.7520 184.0377 86.5755 7.2466
Generation: 406 91.6436 183.9064 85.0619 8.7989
Generation: 407 91.8309 184.1025 86.7181 6.8138
Generation: 408 92.0359 184.3141 86.8920 7.2080
Generation: 409 91.8439 184.1334 86.5518 7.2368
Generation: 410 92.1874 184.4728 86.9448 5.6126
Generation: 411 92.1836 184.4686 85.4023 7.8622
Generation: 412 92.1621 184.4447 85.8857 7.7209
Generation: 413 91.9007 184.2095 88.0123 4.2230
Generation: 414 91.7164 184.0254 87.6331 5.0668
Generation: 415 92.0275 184.3149 86.5202 7.1646
Generation: 416 92.1240 184.3990 85.7016 8.0348
Generation: 417 91.8287 184.1005 86.9776 5.5669
Generation: 418 91.9528 184.2382 86.8276 5.3925
Generation: 419 91.7709 184.0448 86.6164 7.5344
Generation: 420 91.7670 184.0527 86.1990 7.4835
Generation: 421 91.7924 184.0531 86.8312 6.3575
Generation: 422 91.7970 184.0827 86.8612 6.3414
Generation: 423 91.9111 184.1966 87.6532 5.3263
Generation: 424 91.7474 184.0081 85.8080 7.6618
Generation: 425 91.7013 183.9622 86.8234 6.9430
Generation: 426 92.0086 184.3076 87.9208 4.9602
Generation: 427 91.6793 183.9827 85.9878 8.0727
Generation: 428 92.1240 184.3990 86.4586 7.0536
Generation: 429 91.6863 183.9472 87.0686 6.5484
Generation: 430 91.6770 183.9627 85.9726 7.3403
Generation: 431 91.7716 184.0298 85.5834 8.1900
Generation: 432 92.0925 184.3777 87.0417 6.2077
Generation: 433 91.7013 183.9622 86.9943 5.5318
Generation: 434 92.1924 184.4778 86.8745 5.4065
Generation: 435 91.6961 183.9813 86.8606 6.4903
Generation: 436 92.2051 184.4800 85.8361 7.3853
Generation: 437 91.7013 183.9622 86.8845 7.0654
Generation: 438 91.7702 184.0483 86.5290 8.6610
Generation: 439 91.8007 184.1095 86.1547 7.1367
Generation: 440 91.6995 183.9823 87.2383 5.2847
Generation: 441 91.7518 184.0377 85.7856 7.1232
Generation: 442 91.7012 183.9827 86.5913 6.8194
Generation: 443 91.9124 184.2214 87.4093 6.4558
Generation: 444 91.8351 184.1436 87.4127 7.2911
Generation: 445 91.7547 184.0264 88.4515 4.5769
Generation: 446 91.7013 183.9622 86.2630 7.0069
Generation: 447 91.7301 184.0386 86.9034 6.7906
Generation: 448 92.0357 184.3445 87.4143 5.6741
Generation: 449 91.7013 183.9622 88.2131 4.9553
Generation: 450 91.6952 184.0059 86.9058 5.8805
Generation: 451 91.9109 184.1825 87.3810 5.6117
Generation: 452 91.7609 184.0325 87.1580 6.1757
Generation: 453 91.8904 184.1738 86.4744 7.0084
Generation: 454 91.8415 184.1263 87.8923 4.9929
Generation: 455 92.0357 184.3445 87.8634 5.3313
Generation: 456 91.7457 184.0305 87.5682 4.9123
Generation: 457 91.8964 184.1834 88.8662 4.0347
Generation: 458 91.9878 184.2997 87.7175 5.4972
Generation: 459 91.8961 184.1813 87.6437 5.3357
Generation: 460 91.8778 184.1632 87.0667 4.8234
Generation: 461 91.8674 184.1281 88.3459 4.3577
Generation: 462 91.7697 184.0414 86.4060 6.0475
Generation: 463 92.0811 184.3663 87.7376 5.5146
Generation: 464 92.0665 184.3513 86.8979 6.2830
Generation: 465 91.8893 184.1728 87.5013 5.8835
Generation: 466 91.8928 184.1782 86.7643 5.9170
Generation: 467 91.7887 184.0689 87.1264 6.3552
Generation: 468 91.7013 183.9622 87.0265 6.9737
Generation: 469 91.7737 184.0539 87.1214 5.9997
Generation: 470 92.1897 184.4885 86.4529 6.9199
Generation: 471 91.9586 184.2576 87.5048 5.9397
Generation: 472 91.7546 184.0396 86.1960 7.5635
Generation: 473 91.7287 184.0005 87.1769 6.8223
Generation: 474 91.8465 184.1313 86.9658 6.5764
Generation: 475 91.8424 184.1031 87.6131 5.3762
Generation: 476 91.7970 184.0827 86.8071 5.7053
Generation: 477 91.7373 184.0085 86.3378 7.0431
Generation: 478 91.7882 184.0768 87.3926 6.2911
Generation: 479 91.8893 184.1728 89.2174 4.5719
Generation: 480 91.9011 184.1863 88.1320 4.8271
Generation: 481 92.0142 184.3028 87.2537 6.3121
Generation: 482 91.7949 184.0514 87.5352 4.7982
Generation: 483 91.7739 184.0806 87.8166 5.8911
Generation: 484 91.8361 184.1445 87.5737 6.1200
Generation: 485 91.7474 184.0081 87.0831 5.5659
Generation: 486 92.0742 184.3628 87.6924 5.8803
Generation: 487 91.7431 184.0031 87.4976 4.9679
Generation: 488 91.8661 184.1264 86.4643 6.2573
Generation: 489 91.9007 184.2095 87.7644 6.1293
Generation: 490 91.8434 184.1144 88.1686 5.4879
Generation: 491 91.8444 184.1323 86.8107 6.7537
Generation: 492 92.0961 184.3813 86.0394 7.2127
Generation: 493 91.8270 184.1127 88.5270 4.2757
Generation: 494 91.8007 184.1095 88.7663 3.9453
Generation: 495 91.8086 184.0691 87.4853 6.1083
Generation: 496 91.8674 184.1764 88.0812 5.4363
Generation: 497 91.9580 184.2422 87.3192 6.0967
Generation: 498 91.8755 184.1604 87.3813 5.6336
Generation: 499 91.7794 184.0481 87.8870 5.9755
Generation: 500 91.9047 184.1764 87.2495 6.0692
Generation: 501 91.8200 184.0804 87.8394 5.4660
Generation: 502 92.1721 184.4550 88.3095 5.5902
Generation: 503 91.9961 184.2813 88.1330 4.9257
Generation: 504 91.9209 184.1925 87.9256 4.9163
Generation: 505 91.8468 184.1323 87.8090 5.2003
Generation: 506 91.7648 184.0659 88.4298 5.1221
Generation: 507 91.8082 184.0940 87.8130 5.8998
Generation: 508 92.0011 184.2863 87.7965 5.1780
Generation: 509 91.8787 184.1663 87.7113 5.4464
Generation: 510 91.9586 184.2576 87.4200 6.1402
Generation: 511 91.8076 184.0959 87.6959 4.9189
Generation: 512 92.0132 184.3018 87.8625 4.7719
Generation: 513 91.8824 184.1914 88.4810 4.3166
Generation: 514 91.8755 184.1604 88.1444 4.2886
Generation: 515 92.0882 184.3768 87.9088 6.0533
Generation: 516 91.7359 184.0219 88.2344 4.7613
Generation: 517 91.7481 184.0364 88.3492 4.5749
Generation: 518 91.7981 184.0864 88.0121 4.6904
Generation: 519 92.1938 184.4690 88.6524 3.7594
Generation: 520 91.8511 184.1595 89.0051 3.4217
Generation: 521 91.8513 184.1122 87.8997 4.1505
Generation: 522 91.8642 184.1650 88.7919 4.7176
Generation: 523 91.8143 184.1177 88.3369 4.3851
Generation: 524 91.8336 184.0941 88.6536 4.5752
Generation: 525 91.8225 184.1094 88.8215 4.3680
Generation: 526 92.2913 184.5656 89.2939 3.7448
Generation: 527 91.8720 184.1433 88.7059 4.3123
Generation: 528 92.0320 184.3214 89.3614 3.2396
Generation: 529 91.8154 184.0988 88.2720 5.0430
Generation: 530 91.7711 184.0314 89.0216 4.3178
Generation: 531 91.8277 184.1119 87.1786 7.3955
Generation: 532 91.9517 184.2357 88.7781 4.3593
Generation: 533 92.0498 184.3509 89.0266 4.4898
Generation: 534 91.9428 184.2547 88.6359 4.0584
Generation: 535 91.7820 184.0919 88.0984 5.1229
Generation: 536 91.9665 184.2513 87.9879 5.5025
Generation: 537 91.7820 184.0919 89.4452 3.8266
Generation: 538 91.9506 184.2575 88.2905 4.5023
Generation: 539 91.7517 184.0359 87.6481 5.8515
Generation: 540 91.8524 184.1131 87.4308 5.8360
Generation: 541 91.9427 184.2269 88.2292 4.1899
Generation: 542 92.0731 184.3604 88.5786 4.2458
Generation: 543 92.0820 184.3714 88.8591 3.8885
Generation: 544 92.0142 184.3028 88.2211 5.4001
Generation: 545 91.9305 184.2132 87.5296 6.4630
Generation: 546 91.7739 184.0806 88.2525 5.1310
Generation: 547 91.7670 184.0527 88.9248 3.4919
Generation: 548 91.7024 183.9631 88.0200 5.5468
Generation: 549 91.9375 184.2238 88.2052 5.4680
Generation: 550 91.9132 184.2025 88.2267 4.9904
Generation: 551 91.7077 184.0178 88.3156 4.7260
Generation: 552 91.8827 184.1722 88.4733 4.7762
Generation: 553 91.9404 184.2282 88.1726 4.6890
Generation: 554 92.0610 184.3619 87.4559 5.0957
Generation: 555 91.8457 184.1545 88.4782 4.6203
Generation: 556 91.7164 184.0254 88.6702 4.6526
Generation: 557 91.8932 184.1818 87.6809 4.8309
Generation: 558 91.7415 184.0263 88.3649 4.8437
Generation: 559 91.8009 184.0725 88.5949 4.8866
Generation: 560 92.1399 184.4238 87.9689 5.1093
Generation: 561 92.0506 184.3575 88.6510 4.2553
Generation: 562 91.7786 184.0414 88.2795 4.6059
Generation: 563 92.0357 184.3445 88.3801 4.9778
Generation: 564 92.0777 184.3619 89.2878 3.6793
Generation: 565 91.8743 184.1578 87.7405 4.7055
Generation: 566 91.9218 184.2304 88.1614 3.8915
Generation: 567 91.9578 184.2697 88.4956 4.1780
Generation: 568 91.9457 184.2545 88.5290 5.2333
Generation: 569 91.8363 184.0972 87.6583 5.5596
Generation: 570 91.8900 184.2014 88.4036 5.1878
Generation: 571 91.8893 184.1728 87.8110 5.6335
Generation: 572 91.7370 184.0227 88.0043 5.5829
Generation: 573 91.9109 184.1825 88.2056 5.1834
Generation: 574 92.0207 184.3295 89.0880 3.1698
Generation: 575 92.0961 184.3813 88.5578 3.9495
Generation: 576 91.7492 184.0378 88.4139 4.2789
Generation: 577 91.8814 184.1684 88.1024 4.7624
Generation: 578 91.9878 184.2997 87.9204 5.5135
Generation: 579 91.9586 184.2576 88.5761 3.7975
Generation: 580 91.9375 184.2238 88.4957 5.1167
Generation: 581 91.9161 184.2013 88.1988 4.3619
Generation: 582 92.0347 184.3335 88.7939 4.0158
Generation: 583 91.7820 184.0919 88.8891 4.3997
Generation: 584 91.7405 184.0254 88.6783 4.3985
Generation: 585 91.7513 184.0122 88.9939 3.5590
Generation: 586 91.7739 184.0806 87.8625 4.9806
Generation: 587 91.7324 183.9931 88.5257 3.6638
Generation: 588 92.1240 184.3990 88.7339 4.1242
Generation: 589 92.1251 184.4000 88.6676 4.8716
Generation: 590 92.1647 184.4635 88.4170 4.6149
Generation: 591 91.9982 184.2868 89.2630 3.3585
Generation: 592 91.8904 184.1738 87.8954 4.2472
Generation: 593 91.8606 184.1369 87.8296 4.6860
Generation: 594 91.8893 184.1728 88.0862 4.4753
Generation: 595 92.0086 184.3076 88.3494 4.0313
Generation: 596 91.9125 184.1994 87.5769 4.7456
Generation: 597 91.8893 184.1728 88.7437 3.8882
Generation: 598 91.8964 184.1834 88.0396 4.2590
Generation: 599 91.9425 184.2294 88.0375 4.8551
Generation: 600 91.7809 184.0909 88.1845 5.0956
Generation: 601 91.8893 184.1728 87.7826 4.5723
Generation: 602 91.9650 184.2531 88.7034 4.5985
Generation: 603 91.8060 184.0897 88.1480 5.2600
Generation: 604 91.8975 184.1844 88.4540 4.8103
Generation: 605 91.8975 184.1844 87.7402 4.8491
Generation: 606 91.8975 184.1844 87.8674 5.1386
Generation: 607 91.8893 184.1728 88.8996 4.0874
Generation: 608 91.9093 184.2127 88.3205 4.1250
Generation: 609 91.8964 184.1834 88.6771 4.5841
Generation: 610 91.7820 184.0919 88.3557 4.4170
Generation: 611 91.8076 184.0959 87.3820 4.5850
Generation: 612 91.8975 184.1844 88.5041 4.1147
Generation: 613 91.7399 184.0238 87.8241 4.6275
Generation: 614 91.8964 184.1834 89.2832 3.3258
Generation: 615 91.8970 184.1844 86.8690 5.0043
Generation: 616 91.8964 184.1834 88.1203 4.3604
Generation: 617 91.8975 184.1844 87.6836 5.6646
Generation: 618 91.7827 184.0928 88.0680 4.5401
Generation: 619 91.8981 184.1854 87.2464 5.5741
Generation: 620 91.8582 184.1697 87.7253 4.6703
Generation: 621 91.8970 184.1844 88.3833 4.4894
Generation: 622 91.8970 184.1844 87.5235 5.3737
Generation: 623 91.8981 184.1854 88.5663 4.4379
Generation: 624 91.8964 184.1834 88.5475 4.6593
Generation: 625 91.8981 184.1854 87.2727 6.2132
Generation: 626 91.9239 184.2306 87.6996 5.3883
Generation: 627 91.8981 184.1854 87.0826 5.4860
Generation: 628 91.8975 184.1844 87.5387 5.2710
Generation: 629 91.9682 184.2775 87.7676 4.5885
Generation: 630 92.0150 184.3031 86.9309 5.6899
Generation: 631 91.8981 184.1854 86.3039 5.7369
Generation: 632 91.8964 184.1834 88.1901 5.0914
Generation: 633 91.8996 184.2099 86.6960 6.1428
Generation: 634 91.7827 184.0928 87.4837 5.0012
Generation: 635 92.0311 184.3190 86.0013 6.4873
Generation: 636 91.9131 184.2004 85.3451 6.3913
Generation: 637 91.9532 184.2625 87.1981 5.7454
Generation: 638 91.9309 184.2409 87.0597 6.2277
Generation: 639 92.0018 184.2900 86.5217 6.7178
Generation: 640 91.8975 184.1844 86.7143 5.5071
Generation: 641 91.9162 184.2223 87.9411 5.6645
Generation: 642 91.8926 184.1994 87.1044 6.0116
Generation: 643 92.0311 184.3190 87.2873 4.9960
Generation: 644 91.9850 184.2731 87.3591 6.5910
Generation: 645 91.8975 184.1844 87.4387 5.9386
Generation: 646 92.0043 184.2907 88.2917 4.6156
Generation: 647 91.9982 184.2868 87.1349 5.6597
Generation: 648 91.8964 184.1834 86.3408 6.2905
Generation: 649 91.9237 184.2097 87.3822 5.3304
Generation: 650 91.8743 184.1578 87.9923 4.5192
Generation: 651 92.0907 184.3672 88.2570 4.3886
Generation: 652 91.8970 184.1844 86.9829 6.2321
Generation: 653 92.0318 184.3200 87.0809 6.0711
Generation: 654 91.9157 184.2259 87.1063 5.2556
Generation: 655 91.8981 184.1854 87.0625 9.1125
Generation: 656 91.8447 184.1292 87.4815 4.5114
Generation: 657 91.9381 184.2254 88.0111 4.6192
Generation: 658 91.9368 184.2250 86.9005 4.9283
Generation: 659 91.8975 184.1844 86.0664 7.0472
Generation: 660 91.9568 184.2450 87.0794 5.7904
Generation: 661 92.2189 184.5178 87.4666 5.3727
Generation: 662 91.8824 184.1431 86.5369 6.3942
Generation: 663 91.9650 184.2531 88.4786 4.1601
Generation: 664 91.8970 184.1844 87.5807 4.7987
Generation: 665 92.0822 184.3673 87.4089 6.2181
Generation: 666 91.8975 184.1844 87.5065 6.9402
Generation: 667 91.8981 184.1854 87.0488 5.5758
Generation: 668 91.9575 184.2444 88.1560 5.2912
Generation: 669 91.8981 184.1854 87.6777 5.9818
Generation: 670 92.0150 184.3031 87.2490 7.6008
Generation: 671 91.7827 184.0928 86.2005 6.1392
Generation: 672 91.9650 184.2531 87.8556 7.4151
Generation: 673 91.8820 184.1919 87.7999 5.9432
Generation: 674 91.8975 184.1844 85.6905 12.1526
Generation: 675 91.9356 184.2219 86.9170 5.4912
Generation: 676 91.9125 184.1994 87.5655 5.1910
Generation: 677 92.0281 184.3154 86.8855 6.7641
Generation: 678 91.8370 184.1469 88.3015 4.6685
Generation: 679 91.9131 184.2004 87.1573 5.8224
Generation: 680 91.8846 184.1949 87.2972 7.2376
Generation: 681 91.8981 184.1854 87.6512 5.5614
Generation: 682 91.8081 184.0954 86.8532 5.7131
Generation: 683 91.9457 184.2351 88.4889 4.1715
Generation: 684 91.8970 184.1844 87.7936 5.7394
Generation: 685 92.0311 184.3190 88.7973 4.4251
Generation: 686 92.0311 184.3190 88.1952 5.7566
Generation: 687 92.0036 184.2897 88.2959 4.8886
Generation: 688 92.0397 184.3242 87.2654 6.3081
Generation: 689 91.8975 184.1844 87.9462 4.7554
Generation: 690 91.9157 184.2259 86.3282 11.3528
Generation: 691 91.9668 184.2550 87.6083 5.9301
Generation: 692 91.8964 184.1834 86.2415 11.5234
Generation: 693 92.0318 184.3200 87.1449 7.1912
Generation: 694 92.0311 184.3190 86.9705 6.5921
Generation: 695 91.9036 184.1897 87.7921 5.5229
Generation: 696 92.0404 184.3238 88.1712 4.9562
Generation: 697 91.9125 184.1994 88.0043 5.3142
Generation: 698 92.0150 184.3031 87.0979 6.5612
Generation: 699 92.0077 184.2681 87.3017 8.2196
Generation: 700 92.0318 184.3200 86.6963 9.0611
Generation: 701 92.0318 184.3200 87.2338 5.1578
Generation: 702 92.0318 184.3200 87.4548 6.0025
Generation: 703 91.9163 184.2268 85.6740 12.3185
Generation: 704 92.0600 184.3313 87.8191 6.1800
Generation: 705 92.0393 184.3257 88.6558 4.8411
Generation: 706 92.0150 184.3031 87.1029 7.1148
Generation: 707 92.0157 184.3040 87.3979 6.1672
Generation: 708 92.0275 184.3144 88.1637 6.5160
Generation: 709 91.9665 184.2513 88.4602 4.3299
Generation: 710 92.0536 184.3397 86.6822 7.3397
Generation: 711 92.0157 184.3040 87.2219 8.0499
Generation: 712 92.0461 184.3340 87.8340 6.5772
Generation: 713 91.9042 184.1773 85.7215 13.1924
Generation: 714 91.9625 184.2494 86.8491 7.8973
Generation: 715 92.0080 184.2922 88.0503 5.8233
Generation: 716 92.0468 184.3350 87.8213 6.2836
Generation: 717 92.0677 184.3486 88.4498 5.9636
Generation: 718 92.0150 184.3031 86.4315 11.5063
Generation: 719 91.9003 184.2109 86.2187 10.1840
Generation: 720 91.8638 184.1058 88.3208 6.5460
Generation: 721 91.8996 184.2099 87.2069 7.9192
Generation: 722 92.0693 184.3557 87.9740 5.0878
Generation: 723 92.0552 184.3405 87.6027 5.2557
Generation: 724 91.8809 184.1909 87.8218 5.2290
Generation: 725 92.0311 184.3190 88.0541 4.3270
Generation: 726 92.0150 184.3031 88.3671 4.7412
Generation: 727 92.0575 184.3438 86.5901 7.2147
Generation: 728 91.9456 184.2319 86.1485 8.5804
Generation: 729 92.0611 184.3490 86.4367 7.6098
Generation: 730 92.1019 184.3844 87.5316 6.3516
Generation: 731 91.9627 184.2522 85.8238 10.2755
Generation: 732 91.9642 184.2495 87.0337 8.3249
Generation: 733 91.9470 184.2344 86.4504 12.5337
Generation: 734 92.0535 184.3370 87.9547 5.1749
Generation: 735 92.0276 184.3123 87.7621 6.2393
Generation: 736 92.0157 184.3040 87.1835 7.7412
Generation: 737 91.9970 184.2844 87.4244 8.8460
Generation: 738 91.9547 184.2264 87.3058 7.0070
Generation: 739 91.9736 184.2341 88.4770 5.7082
Generation: 740 91.9875 184.2738 87.3170 10.1766
Generation: 741 92.0461 184.3340 87.3822 5.6532
Generation: 742 92.0157 184.3040 88.4293 4.7546
Generation: 743 91.9003 184.2109 88.1899 5.1250
Generation: 744 92.0161 184.3040 87.0832 6.4667
Generation: 745 92.2481 184.5345 87.7003 5.3829
Generation: 746 92.2592 184.5585 86.9129 8.0341
Generation: 747 91.9013 184.2118 88.2153 4.7924
Generation: 748 92.0311 184.3190 86.2158 9.9932
Generation: 749 91.9157 184.2040 86.2112 10.1069
Generation: 750 91.9157 184.2040 87.4043 10.1625
Generation: 751 91.8964 184.1834 86.6585 7.0504
Generation: 752 91.9464 184.2334 87.4078 7.2074
Generation: 753 92.4887 184.7718 88.1271 5.2508
Generation: 754 91.8964 184.1834 87.5485 5.6706
Generation: 755 91.9320 184.2194 87.6430 6.9509
Generation: 756 92.0007 184.2890 86.3099 8.4963
Generation: 757 91.9650 184.2531 87.1770 8.5306
Generation: 758 92.0157 184.3040 87.1172 7.7246
Generation: 759 91.9857 184.2740 86.6237 12.5985
Generation: 760 91.8964 184.1834 87.7251 5.1695
Generation: 761 91.9693 184.2557 88.3812 5.2817
Generation: 762 91.9470 184.2344 88.0662 4.3675
Generation: 763 91.8964 184.1834 88.1658 4.6527
Generation: 764 92.1061 184.3940 88.7713 3.8601
Generation: 765 91.8970 184.1844 88.5700 4.3551
Generation: 766 91.9857 184.2740 88.0360 4.2751
Generation: 767 91.8970 184.1844 88.6636 3.5087
Generation: 768 91.9003 184.2109 87.6508 4.9707
Generation: 769 91.8664 184.1534 88.4252 3.6624
Generation: 770 91.9357 184.2240 87.6832 10.1954
Generation: 771 91.9150 184.2031 88.4368 4.1202
Generation: 772 91.9725 184.2594 88.4787 5.5533
Generation: 773 91.9381 184.2254 88.4686 4.2612
Generation: 774 92.2603 184.5594 88.1769 4.4023
Generation: 775 92.0731 184.3604 88.8958 3.7805
Generation: 776 91.8662 184.1553 88.7621 4.0645
Generation: 777 91.9769 184.2287 87.3162 10.9626
Generation: 778 92.0018 184.2900 87.3665 10.4580
Generation: 779 91.9875 184.2744 87.6143 7.2077
Generation: 780 92.0281 184.3154 87.8014 9.2578
Generation: 781 92.0150 184.3031 88.7842 3.7847
Generation: 782 92.0157 184.3040 87.7182 6.8874
Generation: 783 91.9850 184.2731 87.7988 10.6872
Generation: 784 92.0150 184.3031 88.7523 4.7642
Generation: 785 92.0075 184.2944 87.4696 7.3376
Generation: 786 91.9557 184.2440 87.7014 8.3615
Generation: 787 92.0581 184.3181 88.5858 5.5792
Generation: 788 92.0075 184.2944 89.2100 3.3166
Generation: 789 92.0779 184.3700 88.2236 4.7563
Generation: 790 92.0911 184.3790 87.7230 5.8869
Generation: 791 92.2887 184.5505 86.8247 8.9633
Generation: 792 92.0793 184.3657 89.0053 4.7530
Generation: 793 92.0461 184.3340 88.2576 5.1850
Generation: 794 92.1061 184.3940 89.0863 3.8029
Generation: 795 92.1114 184.3934 88.4364 4.2898
Generation: 796 92.1143 184.4121 88.8453 5.1970
Generation: 797 92.0207 184.3309 87.1786 8.8372
Generation: 798 92.0918 184.3800 88.6357 4.3903
Generation: 799 91.9657 184.2540 89.1265 4.4149
Generation: 800 91.9650 184.2531 87.5717 6.5930
Generation: 801 91.9761 184.2640 87.6326 6.5278
Generation: 802 92.0382 184.3247 89.2263 4.2642
Generation: 803 92.1072 184.3901 87.3171 9.2233
Generation: 804 92.0157 184.3040 88.5488 8.1748
Generation: 805 92.0725 184.3594 87.7711 5.7122
Generation: 806 92.0918 184.3800 88.9155 4.0320
Generation: 807 92.1769 184.4569 87.4320 7.6236
Generation: 808 92.0281 184.3154 88.2292 5.7112
Generation: 809 92.0725 184.3594 86.7832 10.8108
Generation: 810 91.8897 184.1742 87.5873 9.0397
Generation: 811 92.4276 184.7047 88.7601 7.8173
Generation: 812 92.2556 184.5625 86.4992 13.1501
Generation: 813 91.9650 184.2531 88.5366 5.7836
Generation: 814 91.9347 184.2192 88.4172 5.6732
Generation: 815 91.9464 184.2334 87.6894 8.8209
Generation: 816 92.0136 184.2741 89.6914 3.1811
Generation: 817 91.9670 184.2544 88.3843 6.3992
Generation: 818 92.0643 184.3507 86.7574 8.3054
Generation: 819 91.9875 184.2744 88.0926 4.9371
Generation: 820 91.9123 184.2012 87.9588 4.9553
Generation: 821 92.0007 184.2890 88.8904 3.7211
Generation: 822 92.0918 184.3800 88.2173 7.8189
Generation: 823 91.9882 184.2768 88.9140 3.8412
Generation: 824 92.0481 184.3354 88.1038 6.2398
Generation: 825 91.9358 184.2215 87.2028 9.0414
Generation: 826 92.0625 184.3494 87.3150 7.0761
Generation: 827 92.0786 184.3647 89.1815 4.1762
Generation: 828 92.0382 184.3247 87.4276 5.9987
Generation: 829 92.0931 184.3531 85.6207 13.4018
Generation: 830 92.0636 184.3497 86.9574 10.5843
Generation: 831 92.1394 184.3972 88.1346 5.9950
Generation: 832 91.9510 184.2347 87.7624 6.5135
Generation: 833 92.0875 184.3744 86.1418 13.3059
Generation: 834 92.0635 184.3270 88.3518 5.4286
Generation: 835 92.0168 184.3050 87.4466 6.8969
Generation: 836 91.9728 184.2278 86.9558 10.8011
Generation: 837 91.9572 184.2401 87.3635 5.4353
Generation: 838 92.0325 184.3194 87.6222 6.7073
Generation: 839 91.9660 184.2497 87.3364 7.9041
Generation: 840 91.8853 184.1959 87.6384 6.2178
Generation: 841 92.0597 184.3570 86.8288 8.2874
Generation: 842 91.9386 184.1991 87.4591 7.5091
Generation: 843 92.1390 184.4103 87.7298 10.6550
Generation: 844 91.9325 184.2194 86.5665 9.0262
Generation: 845 91.9843 184.2707 87.3786 7.3225
Generation: 846 92.0096 184.2788 88.5851 6.0280
Generation: 847 91.9913 184.3018 88.8746 4.8102
Generation: 848 91.9931 184.2804 87.8936 6.9137
Generation: 849 91.9727 184.2828 87.4042 11.1353
Generation: 850 92.0918 184.3800 88.2675 6.6357
Generation: 851 92.0761 184.3640 86.7879 8.7399
Generation: 852 91.9881 184.2754 87.7468 6.7278
Generation: 853 92.2145 184.4804 87.0826 10.4689
Generation: 854 92.0643 184.3507 87.5339 6.7835
Generation: 855 91.9993 184.2857 87.3711 6.6450
Generation: 856 92.0918 184.3800 87.2579 7.0958
Generation: 857 92.4783 184.7540 88.0034 5.3391
Generation: 858 92.0068 184.2950 86.9782 8.5306
Generation: 859 91.9381 184.2254 88.5747 4.7091
Generation: 860 92.0325 184.3194 88.5605 4.8863
Generation: 861 91.9310 184.2147 89.7419 2.8363
Generation: 862 92.1024 184.3522 88.5299 5.6114
Generation: 863 92.1068 184.3950 88.6961 4.9182
Generation: 864 92.0242 184.3128 88.4201 5.0936
Generation: 865 92.0761 184.3640 89.2502 3.2611
Generation: 866 91.9881 184.2754 89.0279 4.7339
Generation: 867 91.9875 184.2744 88.6632 4.6909
Generation: 868 92.0204 184.2881 88.1459 4.2941
Generation: 869 91.9208 184.2065 89.2069 4.0974
Generation: 870 92.0923 184.3812 88.4843 7.7091
Generation: 871 92.1061 184.3940 89.0567 3.6549
Generation: 872 91.9722 184.2323 88.9459 4.7640
Generation: 873 91.8582 184.1697 89.8149 3.4857
Generation: 874 92.0936 184.3804 89.3830 4.3507
Generation: 875 91.9498 184.2373 88.6271 5.1241
Generation: 876 92.0942 184.3813 88.3174 10.1474
Generation: 877 91.8658 184.1515 88.9608 3.6119
Generation: 878 91.9981 184.2854 88.5927 6.2855
Generation: 879 92.0281 184.3154 88.7528 4.9243
Generation: 880 92.0311 184.3190 88.0179 11.3405
Generation: 881 91.9742 184.2628 88.5932 6.1456
Generation: 882 91.9736 184.2618 87.8766 8.3165
Generation: 883 92.0042 184.2928 88.8934 5.4334
Generation: 884 92.4462 184.7523 89.9253 2.7460
Generation: 885 91.9627 184.2728 87.5488 10.5067
Generation: 886 92.0931 184.3504 87.9908 9.6983
Generation: 887 91.9573 184.2462 88.0980 6.8818
Generation: 888 91.9777 184.2530 88.3233 5.1181
Generation: 889 92.5187 184.7956 87.4101 7.7427
Generation: 890 92.0761 184.3640 88.7036 4.1343
Generation: 891 92.0643 184.3507 88.6396 5.1719
Generation: 892 91.9464 184.2361 87.3462 7.8183
Generation: 893 91.9913 184.3018 86.8504 8.3796
Generation: 894 92.0918 184.3784 88.0429 10.0089
Generation: 895 92.5853 184.8794 88.4859 5.5276
Generation: 896 92.0918 184.3800 87.9834 5.9694
Generation: 897 92.4650 184.7510 88.3691 4.8596
Generation: 898 92.0007 184.2890 88.1142 8.0850
Generation: 899 92.5874 184.8647 88.0964 5.7762
Generation: 900 92.3480 184.6544 88.1016 5.4444
Generation: 901 91.9227 184.2328 87.8715 6.0616
Generation: 902 91.8961 184.1564 88.4194 5.0416
Generation: 903 91.9481 184.2054 88.0657 5.2739
Generation: 904 91.9347 184.2192 88.4427 5.7631
Generation: 905 92.0654 184.3668 87.8185 6.7507
Generation: 906 92.0468 184.3350 88.9733 4.7804
Generation: 907 91.9347 184.2192 88.7958 4.6386
Generation: 908 91.9310 184.2147 89.1474 3.5218
Generation: 909 92.0011 184.2614 88.6703 4.3505
Generation: 910 91.9581 184.2454 88.1848 6.6130
Generation: 911 91.9638 184.2351 88.4613 4.8551
Generation: 912 92.0168 184.3050 88.1331 4.3298
Generation: 913 92.1061 184.3940 88.9078 4.9740
Generation: 914 91.9866 184.2425 88.6244 4.4182
Generation: 915 92.0575 184.3444 89.7096 3.0802
Generation: 916 92.1068 184.3950 88.1844 6.2958
Generation: 917 91.9646 184.2338 89.0732 3.2623
Generation: 918 92.3678 184.6731 88.2303 6.1437
Generation: 919 91.9497 184.2342 89.2248 3.8587
Generation: 920 91.9882 184.2768 88.2096 5.2132
Generation: 921 91.9731 184.2604 88.4225 3.9228
Generation: 922 91.9998 184.2873 89.1259 3.2891
Generation: 923 91.9882 184.2768 89.0861 3.3959
Generation: 924 91.8913 184.2018 88.9743 4.1213
Generation: 925 91.9810 184.2647 89.1573 4.2890
Generation: 926 92.0168 184.3050 89.3186 3.1433
Generation: 927 92.4119 184.7125 89.3114 3.5355
Generation: 928 91.9882 184.2768 88.8859 4.0049
Generation: 929 91.9493 184.2357 89.2672 3.7229
Generation: 930 92.0268 184.3150 88.9840 4.1662
Generation: 931 92.0918 184.3800 89.0372 4.8943
Generation: 932 91.9793 184.2657 88.6037 3.9860
Generation: 933 92.1293 184.4157 89.4878 3.9740
Generation: 934 92.0704 184.3381 88.5928 4.8785
Generation: 935 91.9507 184.2390 88.5211 4.4859
Generation: 936 92.0429 184.3322 87.5604 5.4332
Generation: 937 91.9904 184.2581 88.3996 4.6437
Generation: 938 91.9875 184.2744 88.1688 5.0057
Generation: 939 91.9540 184.2470 88.5311 4.4713
Generation: 940 92.1142 184.4256 86.6015 7.4481
Generation: 941 91.9904 184.2581 88.2173 5.4216
Generation: 942 91.8809 184.1525 88.2811 6.7692
Generation: 943 92.0777 184.3619 88.9231 4.5121
Generation: 944 92.0918 184.3800 87.8118 5.7658
Generation: 945 91.9746 184.2438 88.1051 5.6812
Generation: 946 91.8927 184.2028 88.6383 5.8404
Generation: 947 92.0468 184.3350 88.0729 6.8010
Generation: 948 92.1321 184.4222 87.6299 6.4352
Generation: 949 92.0918 184.3800 86.8230 12.6080
Generation: 950 92.0181 184.2864 88.7850 4.7204
Generation: 951 92.1081 184.3654 88.8026 5.6671
Generation: 952 92.0581 184.3454 89.4240 4.2070
Generation: 953 92.0375 184.3244 89.1382 4.4679
Generation: 954 91.9742 184.2628 88.5188 4.9936
Generation: 955 92.1668 184.4550 88.9427 5.3521
Generation: 956 91.9927 184.3028 89.0256 4.4947
Generation: 957 92.0504 184.3478 88.6941 6.8248
Generation: 958 92.0929 184.3822 88.3046 8.3824
Generation: 959 92.1293 184.4157 88.7865 6.7502
Generation: 960 92.0261 184.3140 89.8895 3.0319
Generation: 961 92.0667 184.3501 89.0527 4.6546
Generation: 962 91.9607 184.2709 89.3534 4.4635
Generation: 963 92.1021 184.3922 88.9721 3.9715
Generation: 964 92.1068 184.3950 89.7311 3.0959
Generation: 965 92.1075 184.3944 89.5950 5.5938
Generation: 966 92.0157 184.3040 88.9173 7.8744
Generation: 967 92.0296 184.2988 89.3201 4.2876
Generation: 968 91.9876 184.2759 89.2195 4.3391
Generation: 969 92.0881 184.3754 88.5151 8.9873
Generation: 970 92.0461 184.3340 89.5579 4.8082
Generation: 971 92.0991 184.3832 88.4856 7.3951
Generation: 972 92.0775 184.3644 89.4696 4.2199
Generation: 973 91.9331 184.2204 89.4476 3.1356
Generation: 974 92.0661 184.3181 89.9197 3.3471
Generation: 975 92.0923 184.3812 89.5341 3.9875
Generation: 976 92.0983 184.3921 89.6558 3.6262
Generation: 977 92.0311 184.3190 87.8940 9.3168
Generation: 978 92.0761 184.3640 88.7681 6.2149
Generation: 979 92.0629 184.3522 87.7446 9.8179
Generation: 980 91.9420 184.2519 87.4350 11.8529
Generation: 981 92.0761 184.3640 89.4562 9.8720
Generation: 982 92.1327 184.3968 87.6158 12.3023
Generation: 983 92.1411 184.4014 89.3074 4.3777
Generation: 984 92.0918 184.3800 89.0572 9.3809
Generation: 985 91.9719 184.2612 88.6312 6.1095
Generation: 986 92.0348 184.3318 88.5140 5.2524
Generation: 987 91.9562 184.2453 89.4701 6.1512
Generation: 988 92.1290 184.4220 88.9215 6.0926
Generation: 989 91.9854 184.2828 87.0030 11.9939
Generation: 990 92.0504 184.3181 87.8193 11.2963
Generation: 991 91.8882 184.1768 86.2697 13.7111
Generation: 992 92.0731 184.3304 88.2749 8.1984
Generation: 993 92.1143 184.4007 89.4830 3.6107
Generation: 994 92.0440 184.3370 87.8665 8.0489
Generation: 995 92.0493 184.3357 89.1380 4.2652
Generation: 996 92.0423 184.3312 88.8886 4.4775
Generation: 997 92.0929 184.3822 89.3148 3.5439
Generation: 998 92.1021 184.3922 89.1297 4.1352
Generation: 999 92.0918 184.3800 90.3270 2.8834
