2.438549549821290019e-01
-2.398570179483033304e-01
4.369876128940421850e-02
-3.713375694261422666e-01
-1.552432773530141100e-02
-2.411141149020346042e-01
-2.147755211880678361e-01
9.221687006176151891e-02
-5.628848970820102965e-02
-3.603303259824258142e-01
-1.021187525655061212e-01
-1.302165512021508098e-01
-9.765646673500293085e-03
-1.701078603645410081e-01
2.822600218305349462e-01
3.925011601789180071e-03
5.770761752540903844e-01
-4.719935370665241381e-01
3.700478725296924010e-02
9.549702378846965101e-02
2.851791255112719192e-02
-1.334733199786374280e-01
1.991541602364578500e-02
4.317407924632760130e-01
3.023003265160546515e-01
1.329316604524392320e-01
5.748583466749701554e-01
-1.915428002615115199e-01
-2.789788107756765445e-01
8.137717712836101125e-02
-1.575372090778195955e-02
4.074536951917802075e-01
1.728271020371266453e-02
2.016486464638361786e-01
1.936546287380274123e-01
-1.786967328455384418e-01
3.230662189120227512e-01
3.047019791306237457e-01
1.617885854375168964e-01
2.437486890508931137e-01
2.233281445360247308e-01
2.266526675068498142e-01
-6.152706172999147238e-01
-1.384484919400776337e-01
3.219760710703504225e-01
2.859441147985368192e-01
-4.076289286745273799e-01
-1.361844292457955741e-01
3.479633252144440636e-01
2.834253727693742397e-01
-6.447677985037118809e-02
1.258266142622662120e-01
3.002233163369401603e-01
5.448212005956719617e-01
-5.538916443607506679e-01
-1.256125819329518556e-01
2.739981124731909468e-01
-2.559811769145414057e-02
6.083558359414273919e-01
-7.126675644585661606e-03
-1.650463675872175795e-01
-4.072663440646723809e-01
1.419448120891183551e-01
-8.504589421336246347e-02
-2.239526005288656196e-01
1.363195911468391142e-01
-2.327806997272664213e-01
-4.589970753514302504e-01
-8.471325936841368753e-02
-1.625143772375837736e-01
1.698392726980491874e-01
-9.808364061651358989e-02
-2.049351412974525222e-01
6.913625585711777322e-03
2.832588927346338936e-01
-8.924107259864452746e-02
-2.076052314934090925e-01
-4.688445805683277845e-02
1.169572818279941556e-01
4.462354147862472586e-02
-3.530450165304643284e-01
-2.998786323952720156e-01
-4.738816587028240046e-01
2.821190192673797004e-01
6.638074276114678263e-01
3.781517637129606646e-01
-1.464008124048527815e-01
3.118325296555345960e-01
-5.565683727494160488e-02
2.142576164642899517e-01
1.999929478747931033e-01
6.582895380399599317e-01
-4.044313693643237784e-01
1.483282945373300410e-01
2.605859891837084552e-01
4.936113931094667784e-01
1.228529386470674223e-01
6.296564230861580180e-02
-2.582375293825932561e-01
-3.169202938773441058e-01
-3.295576699561102996e-01
-3.371428209038334622e-01
-2.374624436130287342e-01
-8.626010882774462485e-02
5.914600426402030209e-01
1.529175005684567934e-01
6.612205241062196759e-02
8.007608142578415134e-02
9.093484879184329794e-02
-2.507404009591184257e-01
-7.681321346934860683e-02
1.957720210368375791e-02
-4.758254339194500360e-01
4.704121775657233995e-01
1.631596079596268623e-01
3.005615635825981125e-02
-6.374560613791462049e-02
2.439855142969407364e-01
8.067905904184495547e-02
-3.296900525658477688e-01
-5.362901806515783104e-02
-5.854057876974269048e-01
2.019581643494785528e-01
-6.966093854119224937e-02
-3.589076355372635696e-01
-5.562731467855038803e-01
6.625827820880254848e-02
-6.959337874322907291e-01
5.638172095038201936e-02
-2.734491623676472138e-01
-3.533044031820510855e-01
-2.336366436080557496e-01
-1.005064256646274051e-01
4.967041639713464796e-01
-1.401363967427621537e-01
-1.373380858664379756e-01
1.318333163003676534e-01
-2.593558383895704922e-01
2.549349748441023245e-01
1.030462787033012695e-01
1.168605491564093379e-01
-1.113446897693711468e-01
3.998582679017771979e-01
-3.161109420202840026e-01
7.123239105975498475e-02
3.463187005793644802e-01
2.392395447010818854e-01
-1.540503146835309894e-02
3.632872984531831939e-01
3.607465303086185848e-01
5.218103053167288952e-01
-3.890000495257200930e-01
-1.378330315322435218e-01
1.406249980875561023e-01
2.946977914282333799e-01
2.673772527525227760e-01
-5.808154288440062207e-02
2.557407859657457871e-01
6.776139345126638847e-02
-7.914217839605924842e-02
-7.106281599156222262e-01
-3.150169685122942709e-01
-3.892046913876868186e-01
-5.565185198486154450e-01
9.019754641404253981e-03
1.380685288066295924e-01
-1.865372302751426570e-01
1.616032217247008185e-01
2.038863456991851231e-01
7.539074310830014281e-03
1.468202761729490435e-01
-3.919210081003237645e-01
1.717285545146950698e-01
-5.563980510319500861e-02
4.056027436534022090e-01
9.537388906181232251e-02
5.057628804032379688e-02
-2.956261046566348583e-01
-1.914243203729637521e-02
1.742713623187782945e-01
-1.885118666945486687e-01
-2.715615776828360362e-02
-2.697288462300208578e-01
1.441583823312093116e-01
-5.350724773947069385e-02
4.106572847277179528e-01
1.578971763511069770e-01
2.094881993293172366e-03
3.663151403374758641e-01
2.029245139089192740e-01
5.382655649201024267e-02
7.326289362369715896e-02
1.437742531413835345e-01
7.468392991754430055e-02
3.204307753873741338e-01
2.129148904541723064e-01
3.239014052601436877e-02
6.153900585067526019e-02
2.224653174587465643e-01
1.060298880279630096e-01
-4.130291048708373824e-01
-1.574286116226947252e-01
-1.097888115489804861e-01
2.164311643141508257e-01
1.492044802033146156e-01
2.361445422551572970e-01
5.312618349849924648e-01
-6.014428867263154066e-01
3.474455038913241700e-01
1.143376437127598122e-01
-1.803591841234896687e-01
-3.540672521212317458e-01
1.546116673561856447e-01
3.899680161572363080e-01
4.423719858400244065e-01
-2.747367392295486932e-02
-3.783158981967211232e-01
8.059969080740644887e-02
5.579851138088912643e-01
-2.019430596393040900e-01
4.718708699306853327e-02
-4.589105122748511900e-01
2.059692679541105798e-02
-2.277799398605601655e-01
2.914971892004274978e-01
-2.347141573107582591e-01
-5.540936150613789968e-01
-6.106612820150399967e-01
-1.838571467724432196e-01
2.545423074084423032e-01
-6.751936301866395818e-02
-3.629365838965630808e-01
1.704432308771267335e-01
3.538335959270282882e-01
1.899445698995927412e-01
-5.582376436896487049e-02
-2.865144633870988500e-01
1.424477571190285174e-01
6.510842681241492402e-02
-4.086380360224948771e-01
9.984647343774996631e-02
4.589755452270396496e-01
-9.252342513505175392e-02
1.866666282478599004e-01
1.020938392155046059e-01
1.199021163148059343e-01
6.049531433209884845e-01
-3.636002729930135069e-02
-3.010990396617126974e-01
-2.552940565433747810e-02
8.204621823409066761e-02
-8.015025022887675155e-01
2.114137549233569696e-02
-4.876336246938559049e-02
1.591294172218755409e-01
-2.274633340268217285e-01
3.925319994379788957e-01
5.741859822140274461e-02
2.878033853547745657e-01
1.624874849740820526e-01
-1.123512218645750793e-01
3.165146264543147181e-01
-3.500448977133143735e-01
5.141139614162713173e-02
6.462910197194457473e-02
