Generation: 0 74.2332 3.3950 6.2484 21.4830
Generation: 1 71.9532 3.3650 4.6211 18.4160
Generation: 2 69.7806 3.4500 33.9412 25.5152
Generation: 3 71.9532 3.3650 22.0759 29.6069
Generation: 4 71.9532 3.3650 31.7295 31.7864
Generation: 5 74.2482 3.4100 48.0612 25.5243
Generation: 6 74.3635 3.5450 57.9698 26.0600
Generation: 7 61.3316 3.7850 40.6812 28.8938
Generation: 8 74.8972 3.7850 51.0611 26.2036
Generation: 9 58.6639 3.5450 62.7572 19.1318
Generation: 10 48.3588 3.9500 65.3362 15.7030
Generation: 11 58.6714 3.5600 64.1914 21.0868
Generation: 12 72.1176 3.5150 66.5711 16.1027
Generation: 13 74.9707 3.7800 68.8563 14.1379
Generation: 14 67.7707 3.6950 70.4159 9.8964
Generation: 15 74.8656 3.6650 70.7162 8.6035
Generation: 16 77.6026 4.2150 69.6709 11.8753
Generation: 17 75.2300 4.0100 69.3685 11.2172
Generation: 18 56.9458 3.8600 71.2599 7.0848
Generation: 19 74.7519 3.5500 66.9425 17.2722
Generation: 20 75.1229 3.9250 69.5328 11.7527
Generation: 21 77.4886 4.0650 71.1576 8.8206
Generation: 22 77.6128 4.2150 71.4981 6.1699
Generation: 23 75.0630 3.9200 71.3128 5.3582
Generation: 24 75.1899 3.9800 69.6048 9.5831
Generation: 25 72.7139 3.7600 69.7331 11.5263
Generation: 26 75.0080 3.8700 69.3692 10.1970
Generation: 27 77.6789 4.2000 69.9390 8.5798
Generation: 28 81.6015 3.7750 71.0299 5.5517
Generation: 29 77.5593 4.0850 70.0135 8.8727
Generation: 30 77.1585 3.7700 69.8008 10.6507
Generation: 31 77.5907 4.1250 68.5578 12.0275
Generation: 32 75.3921 4.1700 69.2939 11.2013
Generation: 33 77.5732 4.1050 67.3878 14.0775
Generation: 34 73.1466 4.1800 68.7868 14.0065
Generation: 35 77.5956 4.1300 71.8243 5.2863
Generation: 36 74.9971 3.7900 71.9844 4.4918
Generation: 37 73.2846 4.3150 71.3149 8.8490
Generation: 38 77.6077 4.1300 69.8251 10.7876
Generation: 39 75.3311 4.1850 68.3267 14.9864
Generation: 40 75.3567 4.1400 68.4105 11.4428
Generation: 41 75.3100 4.0900 70.5448 9.5399
Generation: 42 73.2555 4.2850 69.8668 9.9358
Generation: 43 75.3541 4.1350 69.8951 10.1471
Generation: 44 75.2772 4.1250 69.7370 12.2512
Generation: 45 75.4792 4.2700 71.4302 7.2859
Generation: 46 77.6825 4.2050 67.6525 13.3604
Generation: 47 77.7449 4.2800 69.7564 9.0652
Generation: 48 77.7198 4.2550 71.1935 6.8773
Generation: 49 75.3449 4.2000 70.4906 8.1858
Generation: 50 75.3398 4.1200 71.6456 6.2371
Generation: 51 75.4926 4.3450 71.7896 8.3983
Generation: 52 75.6027 4.3700 70.4540 9.5494
Generation: 53 75.5236 4.3150 70.6479 8.0035
Generation: 54 77.7014 4.2450 70.8669 9.0504
Generation: 55 75.4998 4.2800 71.4666 9.1002
Generation: 56 75.3470 4.2000 71.4985 6.5778
Generation: 57 75.4737 4.2650 69.9427 8.9066
Generation: 58 77.5876 4.1250 70.1472 8.7176
Generation: 59 75.4829 4.2750 69.9401 10.7315
Generation: 60 75.4181 4.2100 69.5196 13.1824
Generation: 61 75.4612 4.3150 70.6003 7.6404
Generation: 62 82.0389 4.1850 72.0540 6.9423
Generation: 63 75.3899 4.2450 69.5823 9.9038
Generation: 64 75.3371 4.1900 71.4501 9.2472
Generation: 65 77.7326 4.3400 71.4486 7.8761
Generation: 66 82.1570 4.2950 71.8285 5.9772
Generation: 67 82.1841 4.3300 72.5632 3.2946
Generation: 68 75.4259 4.2800 70.4265 9.9142
Generation: 69 77.6393 4.1750 70.6419 8.7591
Generation: 70 84.2599 4.1700 73.0337 4.4792
Generation: 71 75.3626 4.1600 71.4364 7.4759
Generation: 72 77.7756 4.3100 40.2759 33.0686
Generation: 73 77.6659 4.2050 60.0882 25.8172
Generation: 74 75.4055 4.1850 69.3902 12.3949
Generation: 75 77.8026 4.3250 67.6908 14.1298
Generation: 76 75.2414 4.0200 69.2046 12.5257
Generation: 77 73.2482 4.2800 70.0588 10.1248
Generation: 78 72.9100 3.9350 67.7821 15.0237
Generation: 79 77.6750 4.2050 70.8711 11.0621
Generation: 80 75.3856 4.2400 68.5351 13.2374
Generation: 81 72.9815 4.0100 69.3140 11.2090
Generation: 82 73.0789 4.1100 71.1161 6.5301
Generation: 83 75.4532 4.2350 70.5420 11.4552
Generation: 84 75.3100 4.0900 68.4024 13.3335
Generation: 85 77.6756 4.2200 71.5026 8.5818
Generation: 86 77.7011 4.2350 68.9153 12.9873
Generation: 87 77.6385 4.2350 71.5032 6.1436
Generation: 88 77.6807 5.1370 71.8961 3.5886
Generation: 89 77.4506 5.8219 71.1213 5.2764
Generation: 90 75.5793 7.2130 71.8520 8.1387
Generation: 91 77.7596 8.0438 72.9335 3.3512
Generation: 92 77.6846 8.8252 70.9323 5.9486
Generation: 93 77.7155 9.8513 70.2157 11.5232
Generation: 94 75.4012 10.7705 71.5009 6.0418
Generation: 95 77.7484 11.7700 68.8383 15.7165
Generation: 96 75.4521 12.5578 72.2665 3.8089
Generation: 97 77.7887 13.7700 71.0666 9.4584
Generation: 98 75.5650 14.7831 70.8242 9.5191
Generation: 99 77.6207 15.0619 69.1460 10.9923
Generation: 100 73.2280 16.3744 70.8058 9.5298
Generation: 101 75.4805 17.3063 72.3055 6.4488
Generation: 102 73.3821 18.8375 70.1260 7.8917
Generation: 103 73.0224 18.2250 66.4306 12.0382
Generation: 104 75.5455 20.3614 71.4988 6.6077
Generation: 105 75.6805 21.9719 71.7638 5.4281
Generation: 106 73.2862 22.2492 69.9815 10.0494
Generation: 107 73.1212 22.3063 70.1734 12.5710
Generation: 108 73.3054 24.2209 71.2793 4.9965
Generation: 109 77.5440 23.8603 72.7254 3.9269
Generation: 110 75.5557 26.1153 72.1510 5.0102
Generation: 111 77.7074 26.4688 71.8655 5.1921
Generation: 112 75.5317 27.8156 71.1905 6.1444
Generation: 113 75.3626 28.1209 71.7570 4.3378
Generation: 114 75.4990 29.9731 73.0321 2.8832
Generation: 115 75.5044 30.5306 71.8912 4.8428
Generation: 116 73.3089 31.7984 72.2907 8.4126
Generation: 117 75.5001 32.3675 72.2866 4.4646
Generation: 118 77.7173 33.0703 73.0749 4.2141
Generation: 119 75.4973 34.2400 72.3203 5.0761
Generation: 120 73.1562 33.4800 72.1628 3.0850
Generation: 121 77.7312 34.1200 71.7862 8.7154
Generation: 122 75.5292 35.0000 72.9823 4.3584
Generation: 123 75.4567 33.8800 72.3252 3.7760
Generation: 124 73.1348 33.3200 71.3773 6.4825
Generation: 125 77.7109 34.0000 71.9019 5.1643
Generation: 126 73.2417 34.1600 71.8547 5.2720
Generation: 127 75.4401 34.2400 72.9750 3.0960
Generation: 128 75.5161 34.3200 71.4522 5.1212
Generation: 129 75.4340 34.2400 71.7927 8.6615
Generation: 130 75.4076 34.0000 72.3060 3.8691
Generation: 131 75.4851 34.6000 71.3823 8.6030
Generation: 132 75.4018 33.5200 72.7886 2.7374
Generation: 133 75.4909 34.1200 72.2404 4.0904
Generation: 134 75.4076 34.0000 72.6980 4.5957
Generation: 135 73.2189 34.0000 71.9580 6.3726
Generation: 136 77.7506 34.3600 72.3248 4.9163
Generation: 137 75.5161 34.3200 71.7975 6.5148
Generation: 138 82.1541 34.3200 72.8469 3.5696
Generation: 139 75.5028 34.3600 72.6433 4.0694
Generation: 140 75.5139 34.3600 72.0480 4.6540
Generation: 141 75.5225 34.3600 71.7463 8.6376
Generation: 142 75.1949 32.5200 72.3337 8.9211
Generation: 143 75.3746 33.2400 71.6302 4.9851
Generation: 144 75.4609 34.0000 72.1698 8.4704
Generation: 145 75.4376 34.3600 71.3850 6.3692
Generation: 146 77.6892 34.3200 72.6486 4.4621
Generation: 147 75.3605 33.1200 71.7659 5.0768
Generation: 148 77.8563 35.1200 71.8733 6.2028
Generation: 149 77.7392 34.7200 72.3010 4.4092
Generation: 150 77.6942 34.3600 72.0608 5.1701
Generation: 151 75.5375 34.4800 72.3181 3.8969
Generation: 152 75.4575 33.8400 72.6156 2.4835
Generation: 153 77.5845 33.0000 72.7086 3.0458
Generation: 154 73.2389 34.1200 71.9773 5.5254
Generation: 155 75.5346 34.5200 72.5974 3.3232
Generation: 156 77.6668 33.6400 72.9112 4.2469
Generation: 157 75.5194 34.4000 72.2042 9.1439
Generation: 158 75.3638 33.7600 72.6087 3.6426
Generation: 159 75.5273 34.4800 71.9337 5.9020
Generation: 160 75.5141 34.3200 73.5097 3.9405
Generation: 161 75.4008 34.0000 72.5664 3.2466
Generation: 162 73.3373 34.9600 72.6497 2.8405
Generation: 163 78.1797 37.9600 73.5324 3.3417
Generation: 164 75.4728 34.1200 72.9550 3.2621
Generation: 165 73.1882 33.7600 72.4834 5.5598
Generation: 166 75.4561 33.8400 73.2658 3.3091
Generation: 167 75.4896 34.1600 72.7631 5.6637
Generation: 168 75.5605 34.6400 73.0121 4.5324
Generation: 169 77.6498 33.4800 72.5289 4.8993
Generation: 170 77.6984 33.8800 72.0290 8.0449
Generation: 171 75.5798 34.7600 71.8759 4.4232
Generation: 172 77.7396 34.1600 72.4890 3.1678
Generation: 173 75.5037 34.2800 73.3449 4.9709
Generation: 174 75.4737 34.0400 71.4369 8.8320
Generation: 175 73.2725 34.3600 73.0215 3.4937
Generation: 176 75.5359 34.4800 72.9955 3.4594
Generation: 177 75.5225 34.3600 72.7423 3.6108
Generation: 178 75.5525 34.6400 71.6002 9.1557
Generation: 179 75.6175 35.0000 72.5675 3.1337
Generation: 180 77.7482 34.2400 73.0545 5.8752
Generation: 181 75.4328 34.2400 72.3290 2.9865
Generation: 182 77.7327 34.0800 72.4535 5.3487
Generation: 183 75.5101 34.2400 72.5558 3.1654
Generation: 184 75.5433 34.6400 72.1387 8.6078
Generation: 185 77.7963 34.6400 72.8918 3.3627
Generation: 186 73.2671 34.4000 73.3694 3.5023
Generation: 187 75.5827 34.7200 73.2954 3.1927
Generation: 188 75.5287 34.5200 72.4074 7.8019
Generation: 189 73.2805 34.4000 73.5754 4.9318
Generation: 190 77.7225 33.9600 73.0661 4.3674
Generation: 191 77.7632 34.3600 73.1653 3.3586
Generation: 192 75.5673 34.8400 73.8785 3.1709
Generation: 193 75.5069 33.1810 73.4369 3.2556
Generation: 194 75.4538 32.1137 73.4936 3.5471
Generation: 195 75.5423 31.0382 73.2429 2.9353
Generation: 196 75.4490 29.6439 73.5740 3.1067
Generation: 197 75.5234 28.5643 73.4939 3.3387
Generation: 198 75.4251 27.0953 73.2971 3.7331
Generation: 199 75.5355 26.1980 73.0900 3.3638
Generation: 200 75.5391 25.0149 74.0438 3.6231
Generation: 201 75.5046 23.6935 73.2419 3.0570
Generation: 202 84.3311 22.2282 73.2542 3.2617
Generation: 203 75.5139 21.3410 73.8591 3.1914
Generation: 204 75.4962 20.3529 73.6282 2.8296
Generation: 205 77.7348 18.9220 72.9929 3.1790
Generation: 206 75.4676 17.9161 72.6953 8.2912
Generation: 207 75.5467 16.7524 73.2304 3.5006
Generation: 208 77.7789 15.5137 73.8818 3.4027
Generation: 209 77.7947 14.4667 73.2416 4.6000
Generation: 210 75.5399 14.4167 73.6476 2.9500
Generation: 211 75.4941 14.2167 73.3208 3.2926
Generation: 212 75.5215 14.5333 73.8329 3.6535
Generation: 213 75.5046 14.2833 73.6507 3.3554
Generation: 214 75.5021 14.2833 73.3526 3.5150
Generation: 215 75.5637 14.4833 73.1829 4.4571
Generation: 216 75.4149 14.2167 73.3886 3.3747
Generation: 217 77.7623 14.3333 74.0227 3.2535
Generation: 218 75.4740 14.3833 74.4131 3.9705
Generation: 219 75.4490 14.3167 73.9216 3.3919
Generation: 220 75.5163 14.3667 73.9278 2.9572
Generation: 221 75.5265 14.3667 73.5436 3.0887
Generation: 222 75.5280 14.3667 73.6798 3.4913
Generation: 223 73.2562 14.2833 73.2761 3.2288
Generation: 224 77.7411 14.2833 73.4141 3.3052
Generation: 225 75.4814 14.4167 73.0603 3.4175
Generation: 226 82.1870 14.4167 73.5819 3.5119
Generation: 227 75.3776 14.1167 73.7750 3.6604
Generation: 228 84.3870 14.2500 74.1408 3.4770
Generation: 229 75.4266 14.2500 73.6964 3.3143
Generation: 230 77.6540 14.2167 74.1527 3.5674
Generation: 231 77.6774 14.2667 74.0529 2.9475
Generation: 232 77.7182 14.2167 74.3424 3.5927
Generation: 233 77.7546 14.3333 73.7716 3.4243
Generation: 234 75.4628 14.3667 74.3095 3.3417
Generation: 235 75.4247 14.2667 73.2302 3.4573
Generation: 236 77.7489 14.2833 73.3804 3.2281
Generation: 237 75.4478 14.3167 74.0507 3.1866
Generation: 238 82.1190 14.2000 73.8027 3.1200
Generation: 239 75.5975 14.5833 73.6372 3.7229
Generation: 240 75.4190 14.2167 72.9986 3.4952
Generation: 241 82.1420 14.2667 73.8078 4.4293
Generation: 242 77.7051 14.3167 74.7632 3.6354
Generation: 243 75.4478 14.3167 74.2143 3.2490
Generation: 244 77.6873 14.0833 73.9082 3.3116
Generation: 245 82.2020 14.4667 74.1831 3.4095
Generation: 246 75.4140 14.2000 73.7464 3.2996
Generation: 247 77.7228 14.3667 75.0171 3.2213
Generation: 248 77.6876 14.2667 73.9399 3.7403
Generation: 249 84.4116 14.3000 74.1790 3.1656
Generation: 250 75.4701 14.3667 74.3360 3.3931
Generation: 251 77.6362 14.1000 73.7784 3.3853
Generation: 252 77.7092 14.3667 73.6004 3.2418
Generation: 253 75.4428 14.3000 74.5364 3.5288
Generation: 254 75.5644 14.4833 74.3694 3.8769
Generation: 255 75.5343 14.3667 74.3507 3.7500
Generation: 256 82.2307 14.5167 74.1875 4.0328
Generation: 257 75.4737 14.1833 73.6027 2.9452
Generation: 258 75.4915 14.4333 74.0498 3.8039
Generation: 259 77.8263 14.5333 74.1563 3.9208
Generation: 260 77.6792 14.2667 75.0297 3.6021
Generation: 261 75.5289 14.3333 74.4309 4.0051
Generation: 262 75.4226 14.2167 74.5270 3.4406
Generation: 263 82.1957 14.4000 73.6368 3.5252
Generation: 264 75.5314 14.5333 74.4886 3.4871
Generation: 265 75.4950 14.4167 74.7915 3.2384
Generation: 266 75.4551 14.3167 73.9038 3.1751
Generation: 267 75.4837 14.3667 74.1543 3.4907
Generation: 268 75.5190 14.5333 74.0100 3.3639
Generation: 269 75.4526 14.3167 73.5273 3.6662
Generation: 270 75.5391 14.3667 74.1415 3.4590
Generation: 271 75.5133 14.3333 74.4372 3.2861
Generation: 272 77.7891 14.3833 74.6955 3.4197
Generation: 273 77.7026 14.3167 74.0675 3.3741
Generation: 274 75.4328 14.2667 74.3932 3.4697
Generation: 275 75.4364 14.2667 74.1563 3.1622
Generation: 276 82.2457 14.5667 74.2936 3.3563
Generation: 277 77.7632 14.3667 74.4106 3.5924
Generation: 278 75.4676 14.3667 74.5679 3.6955
Generation: 279 75.5064 14.4667 74.1735 3.7228
Generation: 280 77.6840 14.3167 74.3291 3.5813
Generation: 281 75.4526 14.3167 74.3774 3.5178
Generation: 282 75.5076 14.4667 74.3504 3.4547
Generation: 283 75.4778 14.4167 74.7812 3.3918
Generation: 284 77.8239 14.4833 74.5748 3.3965
Generation: 285 75.4526 14.3167 74.3768 3.6685
Generation: 286 82.1231 14.2000 74.8814 3.6985
Generation: 287 77.8127 14.4667 74.8982 3.6919
Generation: 288 77.7462 14.4167 74.3082 3.6967
Generation: 289 75.4885 14.2000 74.6484 3.6000
Generation: 290 75.4288 14.2000 74.5953 3.7298
Generation: 291 77.7639 14.3333 74.5028 3.6006
Generation: 292 77.7599 14.3167 74.4798 3.5642
Generation: 293 75.5078 14.5167 74.9090 3.4967
Generation: 294 75.4514 14.3167 74.8120 3.8385
Generation: 295 82.1857 14.3667 74.4089 4.1537
Generation: 296 82.1557 14.2667 75.2035 3.7686
Generation: 297 77.8727 14.6667 74.9051 3.6623
Generation: 298 77.7892 14.5833 75.1438 4.0006
Generation: 299 77.7090 14.3333 75.1957 4.0819
