3.271836013733224746e-01
-7.312657209171387063e-01
5.032190319452586325e-01
-8.827428626203859263e-02
5.319358942090858522e-02
7.655485366063099484e-01
4.020802625604574243e-01
-5.783069587730853556e-01
-1.000000000000000000e+00
9.446768679760373377e-01
1.000000000000000000e+00
-5.880416676551780686e-01
-8.031093237907821480e-02
2.666187491221869710e-01
-3.415372131577547044e-01
-4.758351566241432185e-01
-1.241273699665237928e-01
4.687401246973341706e-01
-4.123289878766610572e-01
-2.532517099030995311e-01
-5.794041360304369448e-01
-8.673173083248324478e-01
3.498223977915292382e-01
-1.043847609098219331e-01
2.613548535255304506e-01
-1.000000000000000000e+00
8.393293163931956347e-01
-6.626969957122293975e-01
5.346724632956842971e-01
-2.196056440305320656e-01
-4.265825122632541655e-01
1.146357285404955018e-01
4.734586976137991066e-01
3.011623390361123365e-01
9.903728610535278420e-01
6.477116160157375679e-01
-9.561806136897650354e-01
3.374033774597766655e-01
-5.864623008308738478e-02
-1.032827945276784121e-01
-7.424291029586421731e-02
-7.389234892741787242e-01
6.342170383951530876e-01
-3.165738590493037963e-01
8.903213287583848778e-01
-6.093541540214022501e-01
1.818923658259304077e-01
-1.000000000000000000e+00
-3.104038217406859257e-01
1.668384716965251591e-02
-8.785371019313722440e-01
-6.327472315919040469e-01
4.038473145932277575e-01
-3.586601437706185003e-01
7.011475689661553767e-01
-9.540460987874885279e-02
3.408354568138044494e-01
-6.863871495236071318e-01
-1.149894689376107504e-02
2.341580584271259202e-01
-6.791142012625012159e-02
5.416574907348472578e-01
7.451387443463337590e-01
-2.099267375595139096e-01
1.000000000000000000e+00
-5.173184293264387890e-01
9.669058578181090047e-01
9.545048746129889405e-01
-4.867459963418311331e-01
-2.132104540185488228e-01
4.564342683352017871e-01
9.670403921317676232e-01
-4.870757070764659691e-01
7.235472395107160892e-01
-9.431315752663196883e-02
-8.886374225807103233e-01
-4.778400171613699787e-01
-7.004633770627648470e-01
-8.760767981326354759e-02
2.304377431884102601e-01
-5.171879016242803689e-02
7.764553953655981555e-01
4.828355912695354163e-02
1.935381790157771342e-01
-6.499948786889223618e-01
8.636013397420116977e-01
-5.156717137363626691e-01
8.056607584919758258e-01
-7.301282806332041186e-01
3.059163321302365013e-01
-1.187034109451428343e-01
-9.620237185832075655e-01
9.955961039355121223e-01
-7.348035511833119759e-01
-1.940082694097257088e-01
-9.504619262198524821e-01
9.749849472478715473e-01
1.000000000000000000e+00
1.401167004624351564e-01
-4.394160342255851170e-01
9.464614636189323527e-01
3.375962418534076415e-01
-4.906969151524122053e-01
8.643629901114893155e-01
2.343188374062357138e-01
4.962809213901987482e-01
7.526374298283328157e-02
-4.511460162521335193e-01
1.592720314265967385e-01
-4.176531534321958894e-01
7.512374506851098310e-01
-1.000000000000000000e+00
6.455769876487843506e-01
4.075196411327815516e-01
-4.979286894094038796e-01
-9.673606787933408668e-01
7.254184283792985966e-01
-1.000000000000000000e+00
-8.904646237703985889e-01
-9.871253323152550108e-01
1.517519303985734314e-01
-9.557977136419395503e-01
3.627907977533810779e-01
-5.025623346949829040e-01
4.221320128402968747e-02
-1.671817928018780874e-01
-1.000000000000000000e+00
2.764518164958901236e-01
1.000000000000000000e+00
-6.585221122990163600e-01
7.266001437066619273e-01
5.701362491250924758e-02
-9.433386450782120791e-01
3.966498670219573142e-01
4.639049461330281288e-01
1.000000000000000000e+00
6.115393935385670110e-01
-8.005037372730601231e-01
-3.296060687754649443e-01
6.323161850109024762e-01
7.789677369817098462e-01
8.701948739505548369e-01
-6.781346776294687739e-01
1.482167160104291281e-01
9.116861313697058322e-02
-3.997838797459194460e-01
3.284178767389877018e-01
1.732221349871360672e-01
-2.219033536994068356e-01
-3.272040022533821424e-01
-6.404125469068365772e-01
5.692748804211851255e-01
-9.417085151418509437e-01
-4.696370061870623891e-01
-7.905051401001059741e-01
6.067088230145632755e-02
-6.851693851961149218e-02
7.033593878228736607e-01
-1.888636368809604171e-01
-3.757259255196792047e-01
-9.223495146281444068e-01
1.321867219182921438e-01
-7.256955747566777859e-01
5.129786545819633309e-02
5.479644449562088848e-01
2.781440125769132909e-01
1.000000000000000000e+00
-1.619399704158075715e-01
7.072887828604519367e-01
3.865580598198916085e-01
2.574725449992515403e-01
8.030589910295531375e-01
-2.031560583661833341e-01
7.561250290170649091e-01
-5.348501085335302108e-01
5.489939277929033468e-01
-5.974452458971201141e-01
3.767922858065938518e-01
1.000000000000000000e+00
4.613510272074194951e-01
-1.871368058524398165e-02
-2.013453393480617026e-01
1.530851512460860153e-01
-8.292287064384143980e-01
8.155775405000051936e-01
1.026451078934930983e-01
-4.928040745234284481e-01
-3.959264308451305725e-01
-9.765058291826061998e-01
1.394949227376772738e-01
1.544342490678717594e-01
-6.276280347949600991e-01
-2.545641064131589637e-01
-9.595455292717350870e-01
9.788251241505324662e-01
1.000000000000000000e+00
-3.363171826226641903e-01
-4.359432618214725275e-01
9.860561234642968298e-01
-1.128960614896224041e-01
3.755093737708312118e-01
5.538945248974653790e-01
2.317126212870879720e-01
5.744558078220820541e-01
-1.825928758014412900e-01
7.668597667226782766e-02
-5.668507795055552911e-01
-9.214872111796652554e-01
1.676910162553693628e-01
9.504778740989450192e-01
9.445219198413966344e-02
-5.135922941875734615e-01
8.908218179464402198e-01
-6.634425815344237032e-01
-9.825969979588632386e-01
-8.424186403177189031e-02
2.280252936855603207e-01
-3.100016834583127490e-01
-2.661316518933242170e-01
-1.149808822705341849e-01
-1.000000000000000000e+00
3.993765958799412319e-01
8.374689164628619231e-01
-5.543297541044009957e-01
-1.524568842337317987e-01
3.763325715396672599e-01
-3.352769172120243502e-01
4.555120680710250669e-01
4.315710380690699344e-01
4.543003368709078726e-01
-5.198312136226175273e-01
5.031134295086565622e-01
-2.633404994276209443e-01
-1.823043574911100695e-01
4.595591392022757571e-01
2.056450695679848950e-01
-9.701692235227060701e-01
9.403740154409843122e-01
9.713668754359855440e-02
-8.662716407952717468e-01
-4.227589003562938208e-01
1.344771572250046954e-01
9.954679628922069590e-02
-7.128504289957886542e-01
2.337241626102000702e-01
1.000000000000000000e+00
7.546737853525442574e-01
1.000000000000000000e+00
6.018815299839760380e-01
6.724598545284317108e-01
5.048340772211030725e-01
5.630785990599767032e-01
-1.000000000000000000e+00
4.284283933960906232e-01
3.746233261097954292e-01
-1.000000000000000000e+00
9.592878273742410089e-01
-4.173680583687685575e-01
1.000000000000000000e+00
-9.942909709380729488e-01
-6.597721542182173327e-01
1.419905519466694785e-02
-1.000000000000000000e+00
4.655204571819327453e-01
-8.388741518800959529e-01
5.320837520990069347e-01
3.527679983951679255e-01
3.110021822354070431e-01
7.106702802970366051e-01
2.713528026849071351e-01
5.860974603394346616e-01
4.468686812988946766e-01
3.777176835688437206e-01
3.697968590822983681e-01
3.445103670217010694e-01
6.736898583420292130e-01
6.162239657447921015e-01
4.727687237374706974e-01
5.175692204855226741e-01
5.727502010387610643e-01
6.788176214547156917e-01
3.160841170859782223e-01
3.451015575402912594e-01
6.411117118165630124e-01
6.232945372937481743e-01
5.473139814779575119e-01
5.562860257428927646e-01
6.224437952264056939e-01
3.488260270748457792e-01
3.331658817080143109e-01
3.454004564899034735e-01
4.352110321494413459e-01
5.631160051486130413e-01
3.370996674166091278e-01
4.861127437484788483e-01
3.117976225625841424e-01
3.460525157166707277e-01
3.943618459676574428e-01
3.338607590392849156e-01
3.889218168763895478e-01
4.873159326798234270e-01
4.655522297074706772e-01
5.252640317687704563e-01
8.137075655709704591e-01
4.464721910063405019e-01
9.102554602330769074e-01
5.816967128801175946e-01
6.510642101962280659e-01
2.736331420851867979e-01
6.478818122280920466e-01
4.856520740430416705e-01
3.450877486193548727e-01
5.866557587410081709e-01
5.974114063758328985e-01
5.186230341556792300e-01
4.334282680386126740e-01
5.175143581804084736e-01
7.698831144408837535e-01
5.691653285658129224e-01
5.465138757858598595e-01
2.590340213073002995e-01
3.049104136951261701e-01
5.538243710699679578e-01
5.600810436720735641e-01
4.377849950052623562e-01
2.991541861638437050e-01
3.383840839806857570e-01
6.992174595929596670e-01
4.438736094960148426e-01
3.600529457807795097e-01
5.138996424667123808e-01
3.565593326180108713e-01
7.406400960795804789e-01
5.946734128654040941e-01
5.345210784927170167e-01
5.971274151271672714e-01
3.699388447536758884e-01
3.874188608540536372e-01
4.003235566880993801e-01
2.977206800302237832e-01
5.644178657025789025e-01
5.102414321212783710e-01
6.246534545980388931e-01
4.101376260518304062e-01
6.884427772043828497e-01
4.677895783233849691e-01
3.588821855710312425e-01
3.598755721325325729e-01
4.344636979460790860e-01
5.669482335472326717e-01
3.818646711358255619e-01
3.011683844463730053e-01
7.215685344429788595e-01
2.366696871969575233e-01
5.552788706373859018e-01
5.353843892176979313e-01
2.783792502855064743e-01
5.908026911486017330e-01
4.952324363808124352e-01
3.744199344230063065e-01
6.731701080687164662e-01
7.037803093531092014e-01
6.721634417057216204e-01
6.765671575643070756e-01
4.574588557146433976e-01
3.394818629549238853e-01
3.262775115506476586e-01
3.394920898112361862e-01
3.201322432895438719e-01
2.742227456699349863e-01
5.586732110932233208e-01
3.797321036721300058e-01
2.848160787556683893e-01
3.826192275467982240e-01
3.134561787695460122e-01
6.682137836856083535e-01
7.377408511244263334e-01
4.478168880783843786e-01
3.503580535179762201e-01
4.864875861849807803e-01
3.256391823289971343e-01
3.982929060643186636e-01
5.754796243044468795e-01
4.519890885129040914e-01
5.705203574506014785e-01
4.447162208874377298e-01
5.927132281637202960e-01
5.889639578058640801e-01
3.372639620966703111e-01
3.000360360487548395e-01
7.500570074982955138e-01
5.219253265167803635e-01
4.668026331098379389e-01
4.114352615880618180e-01
2.562330907536005120e-01
2.898805918085479161e-01
3.865477991718253570e-01
5.530064111259817006e-01
4.254670614946590712e-01
3.869468761177739524e-01
5.436798964431561743e-01
5.728169339555021500e-01
4.127068359203631687e-01
4.411227523245413451e-01
4.433414373531402441e-01
7.627179697460203522e-01
5.738791852661009329e-01
7.494426676043578484e-01
5.654893079526938093e-01
3.433922945166881235e-01
4.196416342798622301e-01
3.984712890325559087e-01
6.686530243578586719e-01
3.424500745695266968e-01
7.571954897477823909e-01
4.443435536241973627e-01
4.766251364612710817e-01
3.602192092630043807e-01
4.458488787262996356e-01
5.407813182244769479e-01
5.364183970529867729e-01
4.225976578523689686e-01
4.130078812845165981e-01
4.775084458909824026e-01
3.857255942973994989e-01
3.520730850797589850e-01
3.590829790717760539e-01
4.625456146813111125e-01
4.493911884728245543e-01
5.873817560819918349e-01
5.347564669745213939e-01
3.415714573297247147e-01
4.171552045438792211e-01
2.850263835077995189e-01
5.912734064245882548e-01
4.383770139035798041e-01
5.115326673385178768e-01
3.659056023077741360e-01
3.679250908529149156e-01
5.277198224265362558e-01
2.686085175510986023e-01
4.794298618005408130e-01
4.149822969923963045e-01
8.726563972789440626e-01
5.377630449410419899e-01
4.655341866347374458e-01
3.720448385886522269e-01
2.893071418738910605e-01
4.120060065581212516e-01
5.117008158090743386e-01
2.824887171159162769e-01
3.624461240068531653e-01
4.766046139010329252e-01
5.001574676313811363e-01
8.475189553098635420e-01
3.713846938003049769e-01
3.378211716368791917e-01
4.387712794446282372e-01
4.268103273407061193e-01
3.505471724773624453e-01
3.391640162350123555e-01
4.289435810537460814e-01
5.085207811112275600e-01
3.567296112175537548e-01
3.431494423447336573e-01
4.794307821509591339e-01
4.520296593873667779e-01
3.164493343814877013e-01
7.023761267092722971e-01
4.664892269300567884e-01
4.237515026520687345e-01
7.147069938046126669e-01
4.441275173814506205e-01
2.904182165565298845e-01
4.778182312058617542e-01
4.070887389407841228e-01
3.528585815756057897e-01
6.199548434294863686e-01
4.939473622012180432e-01
5.313256622340274404e-01
5.523906276958795436e-01
6.503013384219014092e-01
4.245308308875390679e-01
4.919764862873873268e-01
4.775360723111473638e-01
4.123297197831122807e-01
4.612770674762694534e-01
6.186869826683911722e-01
3.541146782246436531e-01
5.449215764604217194e-01
6.085410499350751845e-01
5.537590500819649098e-01
3.295720197766094373e-01
5.484500936758094358e-01
5.236022127346950938e-01
6.146694264091913107e-01
5.224949653950650141e-01
3.964018231623479549e-01
4.433407854582805951e-01
8.996145131489987623e-01
3.404422684417044986e-01
6.562712999003850189e-01
4.627240867724978779e-01
3.670605786298072881e-01
5.314923798562709578e-01
4.410422342021791398e-01
7.031509091969792014e-01
4.060479347169708708e-01
5.841504826508021608e-01
5.190209834546891665e-01
6.482291825579262756e-01
3.798606712680726583e-01
3.810639758595484317e-01
4.797928421062710447e-01
3.802527539019949776e-01
2.561834792266651784e-01
4.770068908758261506e-01
4.190515492507863593e-01
3.253662047023231918e-01
4.397174675574386238e-01
2.576015657489471034e-01
6.201501860366160912e-01
4.447226469429018669e-01
2.986758571005519447e-01
5.412111006396606028e-01
4.999032244655336465e-01
4.087010696512008989e-01
4.963288975802230274e-01
6.168124563005150662e-01
5.860874409677383490e-01
