3.148949796962821068e-01
-6.122440826933481794e-01
-2.066373495105659486e-01
1.544123524006003612e-01
2.271168877099161709e-01
2.148394810958071388e-01
3.248167015938377977e-01
-1.000000000000000000e+00
9.990403533940814818e-01
-1.000000000000000000e+00
2.407497000461583936e-01
8.074008769430627286e-01
2.201567344213393451e-01
-3.884464653382934118e-01
-9.963447658192994272e-01
-5.402587857475025235e-01
-6.341343800189845892e-01
-2.574977502140884944e-01
-9.993005026127541601e-01
-9.242271560919563811e-01
5.642011907156121303e-02
9.042318269626040128e-02
5.785112130265288588e-01
-5.183273543573276021e-02
-5.413985929722150980e-02
-1.309703902874428949e-01
1.096180633781591029e-01
-9.976525004229268578e-01
1.314843838867552628e-01
9.988948205681384973e-01
-3.264569212860691239e-01
6.633172492151968580e-01
-6.887663346038732648e-01
-5.623996874054424389e-01
4.041067113979753267e-01
-9.989677165064219100e-01
7.814794608143163512e-02
3.367092695819197679e-01
2.381917089540179222e-01
-2.368981833074634835e-01
6.846537595688537703e-01
4.185925638199112231e-01
-6.233294626952410322e-01
3.394287142405803537e-01
-9.655625333486057560e-01
-1.000000000000000000e+00
-8.290073458774209758e-01
7.982868371715678979e-02
-9.844709615486155196e-02
6.677591354171827920e-01
-3.152771379603706570e-01
-4.158174151920455280e-02
-1.000000000000000000e+00
-1.000000000000000000e+00
5.707080602591709795e-01
-9.991982668744402440e-01
3.575990139298308723e-02
-9.997182933568387053e-01
-3.182506588975122508e-01
7.706779708942108620e-01
-7.524806361827300616e-02
1.213856728354044401e-01
-4.241767322632800097e-01
1.000000000000000000e+00
-5.851956182254713923e-01
-6.262325733470414102e-01
-4.805066707396373205e-01
9.570944779675876202e-01
6.609410560210008390e-01
-4.866285800940973183e-01
5.302072858217423690e-01
4.751381434891701061e-01
1.098567697758090315e-02
-8.968096411462984641e-01
-4.305047543678255928e-02
6.210215771563891707e-01
-4.318098111738711276e-01
-9.601431843434165003e-01
1.423415291048935605e-01
-5.425651107051761984e-02
-3.068435713382844376e-02
1.145399142504755774e-01
-4.230065487845369177e-01
-5.457172395326650993e-02
1.683458505698325891e-01
8.289854201475412854e-01
1.180295092802300383e-01
5.380454679562680642e-01
-8.312211026440110562e-01
-3.184455829821690176e-01
1.770125614746974052e-01
-5.520590204736075535e-01
8.060712510733121228e-01
3.535133688101294580e-01
3.674984042665746520e-01
2.924994915793726058e-01
-6.573609851806269111e-01
7.558929461520272342e-03
-1.000000000000000000e+00
1.244004521518017048e-01
6.380525339577443056e-01
9.377574811241506936e-01
2.655467558156123786e-01
9.347810946317844927e-01
1.000000000000000000e+00
-4.379612817395079905e-01
7.088712525543459098e-01
7.712237824751992932e-01
7.212841200543778086e-01
-9.983837033269463701e-01
3.583077203563250768e-01
3.812556025435113738e-01
-5.297691216072875076e-01
-7.672391605084355470e-01
-8.215326235614883732e-02
6.115644126350439080e-02
-9.348648202762661619e-01
-9.999617637196551723e-01
3.889266947759230098e-01
-6.158964733606602238e-01
-2.739929655824990123e-02
1.000000000000000000e+00
-9.952099497434493958e-02
-2.383071137110269189e-01
-6.346243812635359305e-01
-7.398807772017098605e-01
5.155741344398292458e-01
-8.878868654149818518e-01
-4.066625264365890668e-01
-5.284264530757041278e-01
-1.555776080702593878e-01
3.317485298240883118e-01
3.422761217929181643e-01
-8.412157112134519554e-01
-9.998050887701135370e-01
7.232679562605617285e-01
-9.983474858786469674e-01
-1.964620103792528300e-02
8.627307144844911235e-01
-7.750458291528559140e-01
-9.929580395298762685e-01
2.176731292482823599e-01
-4.200343217592583667e-01
2.887603096845140493e-01
-3.357440057747959616e-02
-3.079917539557898154e-01
-6.601879493401286991e-01
1.000000000000000000e+00
-5.040319541457127794e-01
5.453793208148904892e-01
9.987986889513335020e-01
-3.322955966356125890e-01
5.501485756142201478e-01
5.402005659315757269e-01
-9.986253283667050340e-01
-5.880714504871551451e-01
-3.031441110661093896e-01
-1.000000000000000000e+00
-7.044569470459434157e-01
-4.732038559661563282e-01
-9.466596578872976675e-01
3.007887286683832428e-01
-5.741327858778957349e-01
-9.994174652447235241e-01
-6.921966023168952820e-01
7.611979127521464328e-01
2.222956016499918475e-01
-1.000000000000000000e+00
1.443787217329871586e-01
2.487041489671757144e-01
-9.998158784715595049e-01
-6.265923917124834874e-01
1.939297644413008892e-01
-6.981649378866903177e-01
-5.455755863431315245e-01
4.835998939592142665e-01
-1.000000000000000000e+00
-3.140424055985089336e-01
4.294250091874693975e-01
9.269129041214124731e-02
7.348191928428147168e-01
-1.000000000000000000e+00
1.188795788570881362e-01
-4.070692513924747402e-01
1.359332368069053332e-01
-1.000000000000000000e+00
6.107839773427787833e-01
6.125479675717341310e-01
-5.656835366601045134e-01
3.770445509628313208e-02
-5.743581221028728478e-01
3.045699706053933697e-01
-2.009409334551548465e-01
-2.825563434284543707e-01
4.052619535970368725e-01
-5.788723716396955155e-01
-9.988280408746503802e-01
2.739016020782390481e-01
3.318197660306065888e-01
-5.949882028068653739e-01
-2.734684059242942569e-02
-1.043783124753238645e-01
-7.652039459615966877e-02
2.946969557956667929e-01
-6.382003155308357822e-01
-2.666453257979761737e-01
6.992316525759197099e-02
-7.099000522089136123e-01
-5.623923980171596781e-01
6.833275384596576574e-02
2.141177204396033651e-01
1.584364676511024195e-01
3.314408640883035329e-01
5.073846499599896642e-01
-4.588469759459932740e-01
-9.985265068428670343e-01
-7.100245327402159301e-01
1.000000000000000000e+00
7.049650527721322835e-01
1.312402485897788129e-01
-9.991224378361356351e-01
-3.614306263430784316e-01
-4.166836202335885142e-01
-9.975736728881320348e-01
-9.984654310418187295e-01
-9.383073215231938630e-03
-2.124679859386835457e-01
2.205618041002057605e-01
-2.742425925523802044e-01
-3.386683847435982830e-01
4.903213354578789263e-01
1.000000000000000000e+00
-9.680008465602130130e-01
-8.370118344371705321e-01
8.656632488553690497e-01
1.471501745798300120e-01
8.982661479069298238e-02
-6.518142502213435385e-01
-2.360978261580662374e-01
-6.421073932350535030e-01
-3.535715766071503285e-01
-6.268245342825333744e-01
7.724910147919523684e-01
-5.580464629342296416e-03
3.247650624383633944e-01
1.000000000000000000e+00
2.777240845573580308e-01
3.653363366590640648e-01
-1.466234243188387909e-01
-2.550446588131523029e-01
-6.533574191001589870e-02
8.416087818017905509e-01
1.572144870622722845e-01
9.990466400149382586e-01
-3.073218397783795269e-02
4.279919853755257408e-01
8.069248246122405488e-02
8.239680040352482804e-01
2.477175165371749144e-01
-5.958737332916563822e-01
-6.101911027445752755e-02
-8.371072959201343588e-02
1.297686337773061305e-01
-1.408073845940653879e-01
-6.777332005851151031e-01
4.746327492292078398e-01
4.558497922191931395e-01
4.617157222028602792e-01
5.173973859057839908e-01
3.988050584044435798e-01
4.676607537901495415e-01
5.075132872014045393e-01
6.383597435668486586e-01
6.737377701094762195e-01
7.559998951718513993e-01
2.885779300537338887e-01
3.823681047234572805e-01
4.850238501133142810e-01
6.286468582589180842e-01
7.065845497920568707e-01
5.726345695197374575e-01
5.069280647087595071e-01
4.785140225894977117e-01
4.247389223029200966e-01
4.008862749928858715e-01
5.204938544519738253e-01
3.383998719553134027e-01
5.651795689726970551e-01
3.869930884426976414e-01
5.245976692078944126e-01
3.756315679052507628e-01
2.201292188490555912e-01
7.045638309920787545e-01
5.325650380094448799e-01
5.382762437392940580e-01
4.472298024206697864e-01
6.092526030386151703e-01
6.658782787948875903e-01
3.804143538049962747e-01
3.972250398698420337e-01
4.023458209202284142e-01
7.100500639096126720e-01
6.056090710656321097e-01
5.331418127048344058e-01
6.969669182067466107e-01
7.448721338254653546e-01
5.233057963149470027e-01
6.898059939455213341e-01
3.730000302310519933e-01
7.459766171382742339e-01
4.843414803057040641e-01
5.533108263051256248e-01
4.467221060673615129e-01
5.067575014691680924e-01
5.060149190543161701e-01
3.181352578351517302e-01
6.895538051529708223e-01
6.083738198530621588e-01
5.602777671695045036e-01
6.061977703590513133e-01
4.803657268478207509e-01
6.038551596961994061e-01
3.528448635192138472e-01
5.171402053204967597e-01
5.445857230108368530e-01
4.459769958617745278e-01
5.583348541491368611e-01
8.762817022443998294e-01
4.821742827315841917e-01
7.636457442439053001e-01
4.374310139588798441e-01
6.556914341404034285e-01
5.684596393293717131e-01
4.261414380305619254e-01
4.510079705618765811e-01
4.833975953757709831e-01
6.887060721560782639e-01
7.064187025753734250e-01
4.574976076916998924e-01
4.680589868851872115e-01
7.297770635447369258e-01
4.002634725318898745e-01
3.116919268689911648e-01
4.874009421890913574e-01
4.253774994890139327e-01
5.009454204322361104e-01
4.000572684467638140e-01
6.027029562312324895e-01
3.762450341769529860e-01
5.433503973100868301e-01
7.621512328119762758e-01
4.877260841201108699e-01
5.789437542495263767e-01
5.348396658664273939e-01
4.652186913524629652e-01
6.261526843475704318e-01
6.050336925543247091e-01
5.679269865443581367e-01
4.244314043572093853e-01
3.880658135229539951e-01
3.263608135260619436e-01
4.905014991097240706e-01
5.700635457544092066e-01
7.787298087701666205e-01
2.977174678133314156e-01
5.264499052270563695e-01
6.108319883402572037e-01
4.331253635694432558e-01
6.176480956310366199e-01
5.385697153536004311e-01
6.235808786472871734e-01
2.340995483358411511e-01
5.603430836120721903e-01
5.575793544994182005e-01
4.981735576487954509e-01
4.273467756649951266e-01
3.985438116362668426e-01
5.915390428026328085e-01
3.810058751796424614e-01
5.250641100169357589e-01
3.984099645382427335e-01
6.550966515941367696e-01
4.384620245535906236e-01
4.700582330646608797e-01
2.749186829744183491e-01
4.564016700978815733e-01
5.628313581245998343e-01
5.960222627205096213e-01
3.576052598338093080e-01
6.588412939038623684e-01
5.422805608240031106e-01
3.749444600894082935e-01
7.019261101299036909e-01
6.437463972554077207e-01
4.534265651882943837e-01
4.978405753749403084e-01
6.674944042793153898e-01
6.036840822894158354e-01
5.796578441420192629e-01
3.999862982650868037e-01
5.058434848529158590e-01
4.317011882576187176e-01
2.790654861516783103e-01
5.134698762458043131e-01
6.583400082279484700e-01
5.916949897000087777e-01
5.665299225294087027e-01
6.244701143549593603e-01
2.722446990008453582e-01
2.637644962505443225e-01
6.240175177562661268e-01
5.827734533408994722e-01
4.429683339906914097e-01
7.051631586472348889e-01
4.600242560195313413e-01
7.283537522209964088e-01
7.431164514796262388e-01
6.808563034440822115e-01
3.726860724162643357e-01
7.762239371852854841e-01
7.659667789539799099e-01
4.023488595083265507e-01
5.490870060362926797e-01
3.520568478686134650e-01
3.407524334248719367e-01
5.668920482994057597e-01
5.442662168442142789e-01
6.250030402818448350e-01
7.166769093144456093e-01
5.189172600724226703e-01
5.858481510233956024e-01
4.825980251063541338e-01
4.521421388988943746e-01
4.537291345998574199e-01
6.189858020320750942e-01
5.530761377927617684e-01
6.196636275572513508e-01
5.532450116394418416e-01
5.003915435308079473e-01
4.456188206363257409e-01
5.017807967787215606e-01
4.820121914055408574e-01
4.877273763964294351e-01
6.079013134772137672e-01
6.493509594085615788e-01
4.018905079775748623e-01
5.815332765028532469e-01
4.866016752694332093e-01
4.835859832529073588e-01
5.626671693281284359e-01
6.115114624833419832e-01
3.629696608620944787e-01
3.647974305835314235e-01
4.046552067822230536e-01
3.843634934107215129e-01
4.337018548312021604e-01
4.657382067361069966e-01
4.917102826946745386e-01
4.223623575923578510e-01
4.483224478291140125e-01
4.594939869981351510e-01
4.779308772918781090e-01
3.947979873863485256e-01
5.000381623431875422e-01
2.926168890668804923e-01
5.910916960123937525e-01
4.999338422471988341e-01
5.508616026180361835e-01
5.233806226295816266e-01
4.872597210863958139e-01
2.808196669758644681e-01
5.175930155126853283e-01
4.802083657170956865e-01
6.221691146565265784e-01
3.814842334045298600e-01
6.452606939569593969e-01
4.604304494950324234e-01
4.876669475606612014e-01
3.303658342719786312e-01
3.796763501236665173e-01
5.593019289443519337e-01
2.908051824009482700e-01
4.966482571356267139e-01
4.395228025568347352e-01
6.087053502388650728e-01
5.363114808963644897e-01
3.292284561761151807e-01
3.518103324707159696e-01
6.772053124762784648e-01
6.475338856582313340e-01
4.757904910305755797e-01
6.130242004352250973e-01
5.949833232320609344e-01
4.258375392990966235e-01
3.645672681968930018e-01
4.548655452467837979e-01
4.963488449070180830e-01
4.311370843382945628e-01
5.157391956912711350e-01
4.505847195953130990e-01
4.903551224624600469e-01
6.061640811665940376e-01
4.636053940430596709e-01
3.091668310137657416e-01
5.098125536950521841e-01
5.430666600422571211e-01
3.746510284342140507e-01
4.440585092156942304e-01
3.976021922460175606e-01
6.061359398793495501e-01
4.466344023739683422e-01
5.570947559115692060e-01
3.376818344847284381e-01
3.501304755844343308e-01
4.206691082192811626e-01
4.082509877640595475e-01
6.058974555761806879e-01
4.326499031061701306e-01
4.501617264349679903e-01
6.249897378612216947e-01
5.253290181649172830e-01
4.474972197638292792e-01
6.371153243643759012e-01
3.640633395606062139e-01
3.853964095276800617e-01
5.170701942252273753e-01
5.734430103203322915e-01
5.564083582764940417e-01
6.498314151384497750e-01
4.053647361065285670e-01
