7.725874798113107067e-01
2.035836811197583585e-01
-3.685323255337090709e-01
-1.370514325367838127e-01
-3.765004896721464989e-01
-2.065434987429943386e-02
1.162511893073876756e-01
2.120411062139242464e-01
7.173991585554684303e-02
1.987907003700212227e-01
-3.675017377114960238e-01
-2.372282636392747945e-01
3.307472001891686997e-03
-4.406453140335194751e-01
1.747148963046289971e-01
3.033554942377732488e-01
-3.502557783403961178e-01
-1.183223943777227810e-01
8.990023535748953298e-02
6.340443273692945858e-02
-1.171061471725225317e-01
2.990873869115244221e-01
1.491527655284873299e-01
-3.087892939995477981e-01
3.261362219136182961e-01
-1.850050910685877709e-02
-4.885851801569832120e-01
2.800568089312517883e-01
2.624773983818366463e-01
2.366591848888993932e-01
-2.631145134399396346e-01
-2.260038123374523977e-01
1.520133603556841351e-01
-3.175998201036513841e-02
-6.615062594501266990e-02
1.936973279082152555e-01
2.211454681110949227e-01
1.531165872747888568e-01
-2.341884687004709698e-01
5.117788701867753698e-02
2.079891650981081086e-01
-2.569825659490407310e-01
-3.341973332902361538e-01
-2.765346299187027013e-01
2.636463861941557019e-01
9.618876618638666498e-02
-1.489216015483396660e-01
1.660674286182543535e-01
-1.297097817516728868e-01
2.998813522111344332e-01
-2.609186496743118311e-01
-3.231113921936876188e-01
4.742107558855001431e-02
-2.213383698455732851e-01
1.524786591865591456e-03
9.955803097318360884e-03
-4.398906044033338847e-01
1.133681587508863914e-01
-1.193086163933758104e-01
3.241630918430219443e-01
-5.133998772584958958e-01
4.986829798097157096e-01
1.661212002048316760e-01
-2.610797477972505443e-02
-7.327143092056778717e-02
-2.191480696194244432e-02
3.659766602637791744e-01
4.144980600203862497e-01
-1.089459433765374297e-01
7.181187773507770322e-02
1.340868248648850181e-01
-4.039455991377045863e-02
-1.221656941513022676e-01
-2.778010843132510677e-01
-7.771568513876128681e-02
-1.488952754548338864e-01
-6.799719671600679138e-02
4.695157001348160275e-02
3.283377437448664060e-01
-9.499797255975556132e-02
-1.593491742143243461e-01
5.207591448938553302e-02
-2.616711927511476965e-01
-2.966009756644505946e-01
5.588427999255017598e-02
-8.733886033412288641e-02
1.642073728194753668e-01
-6.108018758372905921e-02
-6.261975773735909412e-01
1.454171484469090614e-01
-2.712335278492347679e-02
-1.510942537504578465e-01
1.178342712442165541e-01
8.476370837533065972e-01
2.190229041428208845e-01
-3.828774275061582605e-02
7.270352238050201144e-02
8.320405557384202844e-02
1.719391514978936553e-02
5.025619360809401304e-01
3.949486906446809942e-02
-2.579914201629525672e-01
5.190302601951097411e-03
-1.777012912600856864e-01
2.257479747876922627e-02
-1.961842063661060065e-01
-5.662633004152085592e-01
1.800739728361779590e-01
-9.097799719143367936e-02
-2.937985699507265069e-01
-1.689267066591738364e-01
-3.299197689343139062e-01
-4.667815597792944471e-02
-7.811711418275218977e-02
-6.310860754992586585e-02
-1.547886394722325920e-01
-1.624563111151921257e-01
5.493696347914520106e-02
1.857743012632947222e-01
-4.816370511585474357e-02
-3.704848946378187513e-01
-4.079194826085187908e-01
2.784834267880121478e-02
-2.296748392903557867e-01
2.157901700287628011e-01
-7.539064141605716918e-02
9.420090991902672906e-02
-8.992309820223605421e-02
5.006014151447319982e-01
-8.174518593523912025e-02
-1.745182410752726954e-01
1.326166414048729481e-03
2.755792145337561116e-01
-5.398623264837468239e-02
-1.540456385112619619e-01
1.815916773854439337e-01
-1.051988334259516267e-01
2.642382185758853086e-01
-3.642922455660113634e-01
-2.141428964768060661e-01
-2.417262533372150496e-02
5.651515910049081937e-02
2.056308615668719364e-01
1.635119065946156192e-01
2.217656828590127693e-01
-2.915826605326895526e-01
-9.132568195356047247e-02
4.662366289110897455e-02
3.616248413704926112e-01
1.845459470794258983e-01
-2.943518450408567216e-03
-3.300487673047452358e-03
-6.942555937114237574e-01
3.586174900892981632e-01
-4.215550734885533529e-02
-3.540046469786475303e-01
-5.968874972468039136e-02
2.637288693793946592e-01
-3.872306080370378489e-01
-1.215262578564188789e-01
5.375574759802874414e-02
1.017197511522574260e-01
2.101295936272748466e-01
9.329112002313658114e-02
-1.940363739988460456e-01
-5.254516075021306576e-02
1.239412382048048628e-01
-4.109077120872567934e-01
2.302613270065173925e-02
-5.400542015578452953e-02
1.319312213258604094e-02
9.758940801553167566e-02
1.277756763522951700e-01
-6.448807094811245810e-02
-1.321629521154562004e-01
-9.427083426077034756e-02
-6.822354263356784909e-02
-6.505617587447888595e-02
2.488610724800537355e-01
1.585770254079288399e-02
-6.914057979796676134e-01
-2.991773774009603981e-01
-1.404576600988970969e-01
-3.690000506729684826e-02
-1.272866640488655443e-02
7.408936277600444709e-02
-4.645426818504364563e-01
4.501404236179656349e-01
-5.026812186609179722e-01
-3.499077301576823673e-02
-2.532111648009705562e-01
-2.075029827489687784e-01
-7.904213944001377279e-02
-2.581826455107119056e-01
-2.787230142358316787e-01
3.496297195506873901e-01
-4.859556551865610308e-01
6.466055668160010372e-02
-8.038598651861086908e-03
1.329684668541064874e-01
-2.370117691730995457e-01
3.216519229197183360e-01
2.387967386757782751e-01
-2.238577256674383759e-02
5.038083115073724860e-01
1.115249322888175743e-01
2.849114059258097131e-01
-3.268289487180049413e-01
6.334666696939970087e-01
-7.971784253162388090e-02
6.832807165773900626e-02
-1.078295363934533291e-01
5.250431496198926240e-01
3.771484231616485938e-01
6.697091299530075204e-02
-1.061590184607281995e-01
-9.090368443625865824e-01
-1.228308140418695737e-01
5.455527469877440305e-01
-4.855649508779651957e-01
4.087516416225724925e-01
-4.995741730843869521e-02
-1.756879743025945712e-02
2.979806380868255111e-01
8.487794973756018768e-02
5.062473174848781260e-02
9.149780007689267691e-02
7.485450343202004753e-02
-2.116585943424912630e-01
5.916471862819869809e-01
-3.716460461376935309e-01
-5.229858208260139696e-01
-2.293467125687462249e-01
-1.904409683401062092e-01
-8.847752862860068512e-02
-4.643005761463808723e-01
-8.511513305028344661e-03
3.780399902740946838e-01
6.614260659401713371e-02
-3.423031744454879677e-02
-7.316569193953403882e-03
3.606960167973566889e-01
1.098760290820694902e-01
1.605349303531284355e-01
1.044259413981577372e-01
4.585450172541480351e-01
-2.430413231865748425e-01
-5.356575359100601563e-02
9.613137332368565380e-02
8.396132715677336045e-02
-2.529461039967518809e-01
1.612893394622404164e-02
-1.865516082911183871e-01
3.596796500240503902e-01
-4.499101072294626330e-02
2.317578489211380155e-01
3.081767120536272331e-01
4.470159237477742131e-01
-1.654112589485673135e-01
-3.506298993424832311e-01
-8.845083202311372628e-02
1.052354267968707985e-01
-4.089631173295893429e-02
6.907691928643604207e-02
2.514219895542298827e-02
