Generation: 0 45.6239 1.6825 4.2228 15.5068
Generation: 1 26.0802 2.2600 1.9431 14.4260
Generation: 2 39.9729 1.7050 2.6775 14.3999
Generation: 3 51.2467 1.6825 8.2278 17.4163
Generation: 4 45.6239 1.6825 14.4939 19.7889
Generation: 5 56.0823 1.9825 30.6722 17.1755
Generation: 6 34.8332 2.1150 33.1704 17.6600
Generation: 7 34.7748 2.1150 37.1285 15.0623
Generation: 8 52.7162 1.9750 41.4008 10.2692
Generation: 9 45.6239 1.6825 40.8170 13.1041
Generation: 10 45.6239 1.6825 42.4417 8.8978
Generation: 11 46.7168 1.8475 43.2950 6.4419
Generation: 12 38.4635 2.3925 43.5386 6.8215
Generation: 13 45.6239 1.6825 42.9483 7.3732
Generation: 14 45.6239 1.6825 43.7631 7.2965
Generation: 15 45.6314 1.6900 44.1994 4.4279
Generation: 16 52.7165 1.9900 44.4348 4.0724
Generation: 17 45.6239 1.6825 44.8761 3.0917
Generation: 18 41.0777 1.9650 45.1928 3.1178
Generation: 19 45.6239 1.6825 44.4362 3.5953
Generation: 20 45.6407 1.6975 44.4923 4.0101
Generation: 21 55.0509 2.0400 44.6843 4.3742
Generation: 22 33.3489 2.0225 43.6817 6.3135
Generation: 23 45.6239 1.6825 43.1744 6.8333
Generation: 24 45.6239 1.6825 44.8184 5.6051
Generation: 25 45.6239 1.6825 45.1305 2.4080
Generation: 26 45.6239 1.6825 45.2690 2.8463
Generation: 27 45.6239 1.6825 44.4568 4.5346
Generation: 28 56.0129 1.8975 45.3995 2.7838
Generation: 29 45.6239 1.6825 44.6365 5.0253
Generation: 30 45.6239 1.6825 44.7496 3.4906
Generation: 31 45.6239 1.6825 43.3425 8.0214
Generation: 32 58.2969 1.9975 45.6266 2.8561
Generation: 33 45.6239 1.6825 44.9195 3.2646
Generation: 34 45.6239 1.6825 44.9145 5.2455
Generation: 35 41.3350 1.8325 43.9303 7.9769
Generation: 36 55.9868 1.9000 45.0189 5.6518
Generation: 37 57.1388 1.9525 43.7461 7.7341
Generation: 38 58.5622 2.1350 43.8732 7.4024
Generation: 39 35.9884 2.2400 43.4609 7.0420
Generation: 40 60.5450 2.0500 45.0781 4.3894
Generation: 41 68.2453 1.9400 43.4720 8.7688
Generation: 42 34.6649 2.1650 41.9766 12.2915
Generation: 43 34.8065 2.1475 43.5618 5.1967
Generation: 44 45.6239 1.6825 42.4116 9.7263
Generation: 45 34.8241 2.1650 44.1772 8.3799
Generation: 46 34.8560 2.1675 41.4141 10.2122
Generation: 47 57.6864 2.4325 42.9265 7.1493
Generation: 48 60.9856 2.3950 45.1574 8.5285
Generation: 49 34.8799 2.2400 43.8944 7.2801
Generation: 50 34.9006 2.2400 43.5692 6.3066
Generation: 51 65.0867 2.1050 44.2827 9.1859
Generation: 52 60.8261 2.2450 44.8156 5.5879
Generation: 53 61.0088 2.4150 44.6904 7.6513
Generation: 54 56.5132 2.3725 44.6358 8.6722
Generation: 55 54.3448 2.4350 43.7640 8.2566
Generation: 56 33.7442 2.2150 44.1980 7.5421
Generation: 57 59.3839 2.0150 45.0453 5.3634
Generation: 58 59.7660 2.2400 45.8562 7.3323
Generation: 59 34.9101 2.2650 45.0965 5.7717
Generation: 60 52.8214 2.0750 43.8411 8.7819
Generation: 61 56.5753 2.4375 44.6985 5.9324
Generation: 62 61.9980 2.2975 45.2309 6.0971
Generation: 63 62.8287 2.0625 44.8695 6.2443
Generation: 64 63.1960 2.3450 45.5225 6.7752
Generation: 65 58.5785 2.1725 44.5254 9.3040
Generation: 66 57.6250 2.3675 45.7732 6.4246
Generation: 67 61.9198 2.2075 46.5485 5.8903
Generation: 68 57.4967 2.2575 45.7810 8.2439
Generation: 69 57.7148 2.4550 46.8740 6.6281
Generation: 70 58.8269 2.4350 45.6486 6.4763
Generation: 71 65.3616 2.3100 47.3477 8.5048
Generation: 72 63.3225 2.4825 47.4262 6.6589
Generation: 73 59.8701 2.4000 45.6654 9.4233
Generation: 74 58.8640 2.4775 45.7473 6.9616
Generation: 75 57.6681 2.4350 46.9058 4.7282
Generation: 76 62.0886 2.3675 46.8510 8.6857
Generation: 77 60.9919 2.3975 47.2890 6.8841
Generation: 78 59.8446 2.3325 47.1227 8.5158
Generation: 79 57.6963 2.4250 47.7706 5.7251
Generation: 80 62.1510 2.4325 49.5277 9.0748
Generation: 81 58.5291 2.1475 47.2961 7.9699
Generation: 82 57.5173 2.2800 48.2273 7.4322
Generation: 83 60.7880 2.2050 47.0834 7.5738
Generation: 84 57.5815 2.3100 47.0982 6.9972
Generation: 85 59.9062 2.3975 47.7297 6.6247
Generation: 86 58.8141 2.4200 46.8201 7.6991
Generation: 87 57.6206 2.3650 48.3873 5.5338
Generation: 88 60.8043 2.7087 47.1702 7.1239
Generation: 89 57.5580 3.3134 49.1007 6.9918
Generation: 90 61.0310 4.0413 47.4230 7.8446
Generation: 91 57.4701 4.1719 47.8242 7.8012
Generation: 92 57.7063 5.1506 45.9073 8.4879
Generation: 93 63.2728 5.6714 46.9305 6.2379
Generation: 94 62.0598 5.9548 47.5886 6.1232
Generation: 95 56.5940 6.7650 47.6255 6.9283
Generation: 96 59.6988 6.6500 47.3172 7.1402
Generation: 97 58.7343 7.5464 46.2034 8.8518
Generation: 98 54.2487 7.9621 47.0842 7.0227
Generation: 99 64.2539 8.4281 49.0664 8.5382
Generation: 100 61.0119 9.2538 47.5603 7.8863
Generation: 101 60.8380 9.1711 47.2823 8.4858
Generation: 102 57.6334 10.1680 46.7444 9.0249
Generation: 103 58.7919 10.8113 45.8811 8.5738
Generation: 104 62.0997 11.2542 49.1153 8.2123
Generation: 105 60.9789 11.7883 47.2958 8.6889
Generation: 106 56.5197 12.2074 49.1993 9.2370
Generation: 107 62.1434 13.0344 48.8663 8.3458
Generation: 108 60.9596 13.1593 46.6392 8.8148
Generation: 109 59.9295 14.2552 49.7264 7.0021
Generation: 110 56.4987 14.0377 46.7395 9.3370
Generation: 111 60.9512 14.7656 49.5042 8.4607
Generation: 112 55.4885 15.9616 47.3648 10.1108
Generation: 113 60.9754 15.9330 48.6811 9.1513
Generation: 114 57.6236 16.3333 47.3255 9.0524
Generation: 115 34.8798 15.7819 46.5030 8.6580
Generation: 116 55.4094 17.4047 47.2182 8.5506
Generation: 117 56.4806 17.7719 46.3042 9.7455
Generation: 118 57.6390 18.1887 47.4686 9.9122
Generation: 119 59.8697 19.1800 46.4744 9.0823
Generation: 120 57.6951 19.5400 48.2140 8.1441
Generation: 121 57.6216 18.9400 47.1992 10.3909
Generation: 122 60.9234 18.5600 47.2169 9.1994
Generation: 123 58.8237 19.4600 49.7375 8.3521
Generation: 124 56.5344 19.1600 48.3677 8.8502
Generation: 125 58.7992 19.5800 49.2181 8.1370
Generation: 126 61.8591 17.1800 47.9246 8.4965
Generation: 127 60.9569 18.9200 48.5026 8.1724
Generation: 128 61.0402 19.6600 49.9554 8.1001
Generation: 129 59.9679 19.8000 48.8248 7.9066
Generation: 130 59.8484 18.8200 51.0780 8.3628
Generation: 131 58.7992 19.4800 49.7425 7.5969
Generation: 132 59.9466 19.6600 49.5240 10.1817
Generation: 133 61.0372 19.5800 50.4295 7.7408
Generation: 134 58.8176 19.6200 49.1209 6.9041
Generation: 135 34.9250 18.1200 49.1799 8.5217
Generation: 136 58.7591 19.0400 46.8961 10.1159
Generation: 137 56.5753 19.4400 47.1392 10.2443
Generation: 138 56.4927 18.8000 45.2705 11.2077
Generation: 139 57.5737 18.5600 46.5456 8.4988
Generation: 140 60.9847 19.1600 46.9974 9.9650
Generation: 141 56.4707 18.7800 47.9960 8.8426
Generation: 142 56.4961 18.4600 49.0013 7.5897
Generation: 143 56.5256 18.7000 49.7712 9.3721
Generation: 144 59.9619 19.7200 47.8467 7.5983
Generation: 145 58.7787 19.1800 49.1334 7.5340
Generation: 146 57.7008 19.6000 47.2407 8.7626
Generation: 147 57.5823 18.4000 46.6248 9.7730
Generation: 148 57.6156 18.7600 48.5883 7.8032
Generation: 149 57.5948 18.5800 48.9729 8.8980
Generation: 150 62.1369 19.3600 49.8080 9.9849
Generation: 151 57.7522 19.9600 50.7042 7.2890
Generation: 152 61.0188 19.5600 50.5436 7.9402
Generation: 153 56.5835 19.8000 49.4551 8.7883
Generation: 154 60.0105 20.3400 51.2028 8.0937
Generation: 155 56.6191 19.8600 48.5886 9.3568
Generation: 156 58.6900 18.7000 49.9504 7.7932
Generation: 157 57.5389 18.1200 50.4611 8.3466
Generation: 158 61.0098 19.4000 49.1672 8.9111
Generation: 159 34.8528 17.5200 48.9436 7.9343
Generation: 160 65.5242 19.8600 49.9161 8.3836
Generation: 161 59.8430 18.9800 49.4599 8.7913
Generation: 162 61.0537 19.9200 50.1701 8.0521
Generation: 163 58.7533 19.2800 48.0815 9.1805
Generation: 164 58.7897 19.5800 50.2838 9.3074
Generation: 165 57.6982 19.5600 47.4426 8.4743
Generation: 166 58.7645 19.4200 50.4554 8.1383
Generation: 167 57.7023 19.6200 50.6323 8.3038
Generation: 168 58.8802 20.1000 49.3336 9.4354
Generation: 169 58.8671 20.1000 49.6448 8.3530
Generation: 170 61.0234 19.4600 52.5113 7.3638
Generation: 171 58.8163 19.7400 50.8913 7.6197
Generation: 172 55.4791 19.8000 52.0015 7.6007
Generation: 173 59.8980 19.4600 50.4469 7.2655
Generation: 174 64.5024 20.3800 51.4297 7.2688
Generation: 175 55.4327 19.3400 51.5418 8.4027
Generation: 176 58.7978 19.4600 50.5456 8.7719
Generation: 177 62.1797 19.8600 50.9146 6.9204
Generation: 178 57.6785 19.3200 50.1601 8.0606
Generation: 179 56.6147 19.8600 51.7981 6.8204
Generation: 180 62.2424 20.2200 51.7436 7.8936
Generation: 181 61.1103 20.1000 52.5209 6.4299
Generation: 182 61.0322 19.6000 51.5964 6.7467
Generation: 183 56.6421 20.0400 52.1466 6.5862
Generation: 184 60.0067 20.1600 51.7531 8.0278
Generation: 185 61.0377 19.6000 51.3247 7.4088
Generation: 186 58.8743 20.0000 52.9558 5.8540
Generation: 187 59.9982 19.9800 52.8783 6.7870
Generation: 188 59.9842 19.8600 51.1631 6.7239
Generation: 189 59.9887 20.2200 52.5985 7.0957
Generation: 190 56.6084 19.8000 51.3678 7.1737
Generation: 191 60.0048 20.1000 51.4345 8.1115
Generation: 192 56.5891 19.7200 52.5386 6.3949
Generation: 193 64.4449 19.3524 52.4881 5.8968
Generation: 194 64.4230 18.5529 53.1735 6.6668
Generation: 195 61.0649 17.7079 53.6438 5.8374
Generation: 196 66.7328 17.5827 52.3641 6.9894
Generation: 197 62.1994 16.6515 53.4931 6.5254
Generation: 198 55.7460 17.2165 52.0360 8.2898
Generation: 199 65.3975 14.3603 52.4476 6.9006
Generation: 200 55.5572 14.6114 52.7887 6.2811
Generation: 201 61.0824 13.7406 52.5804 6.8607
Generation: 202 62.1947 13.0453 51.1319 10.8861
Generation: 203 63.3414 12.4385 52.9106 6.0719
Generation: 204 59.9775 11.7176 53.4459 6.2733
Generation: 205 58.8555 11.0341 53.1192 5.8302
Generation: 206 62.1850 10.1324 52.9417 5.9160
Generation: 207 56.6423 9.7253 52.6871 5.9956
Generation: 208 62.2262 9.0376 53.2710 6.0305
Generation: 209 55.4809 8.2167 52.6668 5.4183
Generation: 210 56.6302 8.3167 53.9297 5.5859
Generation: 211 63.3229 8.3750 53.4612 6.7697
Generation: 212 63.2936 8.3000 53.2223 7.3293
Generation: 213 56.6505 8.4000 54.8905 6.8389
Generation: 214 59.9372 8.2333 52.8908 8.1028
Generation: 215 61.0957 8.3250 53.7489 5.7706
Generation: 216 59.9584 8.2750 53.9434 4.8826
Generation: 217 57.7321 8.2750 53.8797 5.9631
Generation: 218 58.8943 8.4000 54.4400 5.2340
Generation: 219 56.6168 8.2667 52.6945 6.1129
Generation: 220 58.8633 8.3500 53.3678 6.2754
Generation: 221 61.1517 8.4833 54.0414 6.1437
Generation: 222 61.1032 8.3083 54.1018 6.1948
Generation: 223 58.8870 8.4083 53.6883 5.7732
Generation: 224 56.5992 8.2167 53.4382 6.7420
Generation: 225 61.0780 8.2917 53.8481 8.0254
Generation: 226 61.1253 8.3833 54.3016 5.2198
Generation: 227 62.2604 8.4083 53.2017 9.6202
Generation: 228 58.8970 8.4250 53.0184 7.4597
Generation: 229 57.7623 8.3333 53.3101 5.4536
Generation: 230 58.9064 8.4833 53.1053 8.6998
Generation: 231 58.8815 8.3333 54.1631 5.3884
Generation: 232 61.1389 8.4583 54.4170 5.8993
Generation: 233 58.8754 8.3250 53.3257 8.6952
Generation: 234 61.1079 8.3167 53.5284 7.9601
Generation: 235 60.0075 8.3750 54.1711 5.1869
Generation: 236 63.3929 8.4417 54.3103 7.6973
Generation: 237 61.1449 8.4333 53.9020 5.3731
Generation: 238 62.2816 8.4583 54.0945 5.2638
Generation: 239 61.1518 8.4583 54.0837 7.6050
Generation: 240 62.2532 8.4583 54.1216 5.3440
Generation: 241 57.7837 8.3833 53.9849 5.8633
Generation: 242 63.3321 8.4000 54.4720 5.9243
Generation: 243 57.7877 8.3833 54.5343 5.5549
Generation: 244 58.9106 8.4250 54.8085 5.6444
Generation: 245 66.6392 8.3750 54.5159 5.5828
Generation: 246 62.2732 8.4583 54.9596 5.4656
Generation: 247 62.2480 8.3583 53.2393 5.5832
Generation: 248 60.0189 8.4000 54.8659 5.3125
Generation: 249 57.8079 8.4583 55.0894 5.2301
Generation: 250 58.9164 8.4583 53.6346 5.8582
Generation: 251 58.9200 8.5083 54.9329 6.0959
Generation: 252 58.8772 8.3500 53.5367 5.5400
Generation: 253 63.3325 8.4083 54.5975 5.4287
Generation: 254 59.9972 8.3583 53.7516 5.6831
Generation: 255 61.0785 8.3250 54.3760 5.5317
Generation: 256 60.0247 8.4333 53.6439 4.9707
Generation: 257 61.1410 8.4000 54.5089 5.3497
Generation: 258 63.3507 8.4250 55.7072 5.0834
Generation: 259 62.2051 8.4000 54.7888 5.2714
Generation: 260 61.1482 8.4250 54.4939 5.8115
Generation: 261 59.9985 8.3750 54.4132 5.7651
Generation: 262 60.0168 8.4000 55.3841 5.8155
Generation: 263 60.0051 8.3750 54.7367 5.5710
Generation: 264 61.1049 8.4250 55.4502 5.2673
Generation: 265 71.0717 8.2917 54.5217 5.3739
Generation: 266 61.1721 8.5750 54.8199 5.4595
Generation: 267 58.8274 8.2500 54.2999 4.9929
Generation: 268 64.4537 8.4250 55.3189 8.5449
Generation: 269 62.2764 8.4833 54.9131 5.2670
Generation: 270 63.3476 8.4000 54.2296 5.4859
Generation: 271 59.9970 8.3750 55.4972 5.1676
Generation: 272 63.3403 8.4000 54.6072 5.3795
Generation: 273 65.5137 8.3417 53.9160 8.1455
Generation: 274 61.1082 8.3750 55.2055 5.3602
Generation: 275 57.7676 8.3333 54.3663 5.3656
Generation: 276 62.2323 8.3750 54.9494 5.4941
Generation: 277 63.3476 8.4000 54.6407 4.8893
Generation: 278 57.7920 8.4000 54.8296 5.6693
Generation: 279 61.1245 8.3500 55.1201 5.8652
Generation: 280 62.2414 8.4250 54.7374 5.7604
Generation: 281 58.8753 8.3750 55.4082 4.6588
Generation: 282 57.7316 8.2250 54.2942 5.2375
Generation: 283 57.7971 8.4000 55.5355 5.4455
Generation: 284 60.0217 8.4000 54.4576 5.8880
Generation: 285 60.0171 8.4333 55.2986 5.5142
Generation: 286 62.2366 8.4250 54.9041 5.0280
Generation: 287 61.1170 8.3750 54.5022 4.8182
Generation: 288 62.2403 8.4000 55.4972 4.8475
Generation: 289 60.0168 8.4000 55.9683 5.8822
Generation: 290 62.2474 8.4250 55.4890 5.9549
Generation: 291 60.0112 8.3750 55.4092 4.7505
Generation: 292 62.2561 8.4250 55.0108 4.7016
Generation: 293 58.8998 8.4333 55.3576 5.6508
Generation: 294 62.2180 8.3500 54.1860 5.4375
Generation: 295 61.0992 8.3500 54.7214 5.0740
Generation: 296 60.0619 8.4750 56.0549 5.6299
Generation: 297 60.0360 8.4250 55.6899 4.9073
Generation: 298 63.2978 8.2667 53.7549 5.2545
Generation: 299 63.3412 8.4250 55.1012 5.1835