6.897513359376814535e-01
-7.517207063987058069e-02
-1.930049395008383295e-02
-1.591442737823318965e-01
-1.694755653718059696e-01
-4.937117152689022848e-01
-1.125150442865424094e-01
-2.898413078421795963e-01
1.609339817331091604e-01
1.670450797905810025e-01
4.633438238382676100e-01
3.182809572070576798e-01
3.096259140814232591e-01
-3.161458866883452012e-01
-3.785009669055912629e-01
5.186502757241558126e-02
1.182813863213513783e-02
3.534482848033866365e-01
5.319892825825688065e-02
-3.595667252789544466e-01
8.196336305011657497e-02
-1.769810392147933842e-01
-1.999912973393045135e-01
2.852148635932146847e-01
-2.396033456357440361e-01
8.982464481056440242e-02
-3.011850915137515572e-01
5.269414752381977596e-02
1.734960834294063392e-01
3.680870405307430926e-01
-2.418861422741804268e-01
7.975864400491042283e-04
-4.162058562534920458e-01
-1.101078299545755063e-01
-1.897294078210562673e-01
-8.865867537667700138e-02
-1.435434631656951343e-01
1.173887589331469583e-01
1.684625162531255271e-01
-5.544402202396722101e-01
-7.755855147907474434e-01
2.286692636832575731e-01
-4.482175813716178792e-01
-1.039579923137207429e-01
2.965768284485687523e-01
-5.569731344945658136e-02
-3.832567830617802929e-01
-8.216556524861663713e-02
1.431382154624177006e-01
-1.824525310985763982e-02
-2.022077181809729396e-01
-3.127998162173564189e-01
-3.336999661530284378e-01
2.636895957371810928e-01
-1.267239617848199273e-01
2.893181803734442559e-01
-3.943812974005257987e-01
-3.260786210510720484e-01
-7.945821951508090508e-02
-4.823341752875388022e-01
1.777084849119719423e-01
1.857003600642719576e-01
-4.712495681055461905e-01
3.864393557890853925e-01
4.649433218066654216e-01
5.494925017696191683e-01
-2.777623611297405648e-02
-2.152538315391840928e-01
1.174354654269301884e-01
1.291823979878601869e-01
-1.203940126608235156e-01
1.267498394966351527e-01
-2.226636860727546074e-01
-2.482869646149683529e-01
-3.186390949154314228e-02
-2.583727633193326212e-01
1.491425688706893848e-01
5.040708710185296537e-01
4.100419936101538931e-02
-2.740957618972226228e-01
1.216329967596551376e-01
2.945178375424258865e-01
1.240110309707358020e-02
-9.653402034273968202e-02
5.683416886817422853e-01
2.618572707307089686e-01
4.049874222208744712e-01
-7.752076848335226478e-01
-3.417094442660981168e-01
3.525212094844792365e-01
9.166468999278769292e-02
4.546075315055377319e-01
-3.256782052373664027e-01
1.795272603380176357e-01
-5.835080592595576210e-01
-9.818752325000582037e-02
-6.571257184792307637e-02
6.737223372106318497e-02
-9.154486069244889557e-02
-2.561739731091178807e-01
6.018812132556759786e-02
-1.494567553429755336e-01
4.399461447447304274e-01
5.261869235370496972e-02
1.668252942121933868e-01
-7.027429949354037364e-02
-4.323382258039528692e-01
-2.157524438921363807e-01
-1.994893303425886999e-01
6.982533444338214768e-01
-9.306274465878550117e-02
1.293521144131362377e-01
4.961615903855729620e-02
3.083243995667449278e-02
5.612752383322159311e-01
-7.635330842130787499e-01
7.891922099480953856e-02
-2.134310102035107959e-01
3.750016949092109808e-01
-7.164418055391535978e-02
-1.742524100459927339e-02
4.896113595397683094e-02
-5.998355834597398489e-02
-4.349631123410481470e-02
-7.932144678857218356e-02
-7.047658128278716516e-02
3.377048498241474461e-01
1.403404334426613387e-01
-3.082496188970972328e-01
1.204742972664504530e-01
-2.539020327271748201e-01
-1.007023563206804612e-01
-2.324694960819150280e-01
2.433109545008984020e-01
8.488120505650403880e-02
-3.303749181230193344e-01
-3.774789500794608621e-01
-4.851642709030977441e-02
-3.077542023591381959e-01
-2.279233253497540135e-01
-2.052642177878833407e-01
-4.211465072408236698e-02
2.788919784160678872e-01
1.895073597495820494e-01
-5.733068459743702050e-01
-6.596223153199659572e-01
-2.716225343988871305e-02
4.136431711701488712e-01
-5.133425658410538661e-01
4.457590563810692741e-01
-4.518383939720160281e-01
1.941852029847984662e-02
3.682001530781492393e-03
-5.568912428175138984e-01
6.615944858365094272e-02
2.122926084018334214e-01
1.884948218677614390e-02
2.154857373637371898e-01
-2.781446841756792798e-01
-1.961575088171245429e-02
1.086202960097497339e-01
1.930399769195441373e-01
2.081519336205188697e-01
-1.490925488406095456e-01
-8.507179332721546972e-02
5.740645395638823700e-01
-1.558861619856494185e-01
-4.126176563137254338e-03
6.176857075406860798e-01
-3.730781460622547008e-01
-4.781594805467234699e-01
-3.490772121730735256e-01
-2.750785832112226381e-01
1.241762053998004128e-01
-1.280412200552121238e-01
-1.302546784093953636e-01
-3.391800519808954029e-01
3.939065877751812272e-01
2.617610520206724578e-01
-6.066374111578303197e-01
-2.005660308449434270e-01
1.980418663924442824e-01
-1.397306931777309025e-03
-1.929596940902643665e-01
-8.553049668879713838e-03
1.508658997485280429e-01
-3.196696947211962181e-01
-2.621510003126643618e-01
-4.590027732716138627e-03
-2.336960405641090310e-01
-8.066170153736125226e-01
-2.656406671357832705e-01
6.300637285451405889e-01
-5.414627830690791482e-02
-4.600444024743878257e-01
-4.559057989342057970e-01
8.000678806204405968e-02
4.157428432091950787e-01
3.404800605414343151e-01
-4.256028965088726745e-01
1.641696671642198790e-01
-2.442893386289708979e-01
-1.359846419055898425e-01
-1.950632413159459483e-02
3.298612673626506731e-02
-2.661210703837514346e-01
-2.653538887775664379e-01
3.349545714563604282e-01
5.873238252622914324e-01
2.530141606879782179e-01
1.769534323718353896e-02
-8.889400302055053271e-02
1.948385052646623150e-01
-1.163594996974959828e-01
1.412970975530307705e-01
3.478515723032530871e-01
-6.478150045944077728e-01
-1.308289738200356378e-01
3.280793031930881454e-01
-5.905032702045229787e-01
-5.001672943932335968e-01
-4.828787041055920271e-01
3.609114880744435649e-01
2.891847997142021343e-01
2.634026139891250118e-01
-2.129134549701338086e-01
1.797098889896313056e-01
2.661915064322740720e-01
-1.682325990347433298e-01
-4.582892762516578289e-01
-5.428352863535691464e-01
-9.907046823227821930e-02
-5.318758144631466900e-01
6.102283320129975319e-01
1.598376516193808217e-01
-4.030042404462640393e-01
-9.184665190043473926e-01
6.251995062406920378e-02
-1.352720179124364784e-02
-2.405922274773612535e-01
1.712501470149681848e-01
-3.101080843020137534e-01
5.413573879147274420e-02
-2.028930165288387322e-01
-8.787634609507141703e-02
-3.458436964189846585e-01
2.011568955682024179e-02
2.987849375862771106e-01
-8.693671508111526502e-02
2.372810438071240591e-02
2.515019205897507382e-01
9.741010122026217966e-01
1.314648444611170586e-01
4.426806336753011939e-01
7.919347920488142289e-01
-3.632784274868778862e-01
2.548374075137183614e-01
2.167445058189061413e-01
1.665632390118526318e-01
-1.061282310852534327e-01
-2.750842104794632426e-01
-6.714315633306290332e-01
6.462906925197141605e-01
-1.184187644927737343e-01
-5.182652932511875310e-01
