Generation: 0 45.6239 1.6825 5.2121 17.0996
Generation: 1 34.8614 2.1950 5.2082 16.3340
Generation: 2 45.6239 1.6825 11.6927 19.5219
Generation: 3 48.8855 1.7625 17.7693 22.1000
Generation: 4 33.5357 1.8350 30.5679 17.1280
Generation: 5 36.9699 1.7600 31.9040 18.2535
Generation: 6 45.6239 1.6825 38.2464 13.3071
Generation: 7 45.6239 1.6825 39.6340 14.2773
Generation: 8 54.5877 1.7625 42.6089 8.6164
Generation: 9 44.7010 1.8850 37.9095 15.3779
Generation: 10 47.9075 1.8500 40.3433 13.6601
Generation: 11 46.8268 1.8325 43.3122 7.0666
Generation: 12 43.5313 1.7825 41.6336 10.7234
Generation: 13 56.8059 1.7625 43.2157 7.1938
Generation: 14 50.1918 2.7925 43.9917 6.3725
Generation: 15 44.3908 2.6775 42.7594 8.6143
Generation: 16 43.5382 1.7950 41.3325 10.0650
Generation: 17 40.0404 1.7275 41.0938 10.9737
Generation: 18 45.6239 1.6825 41.7425 9.1394
Generation: 19 43.4984 1.7575 43.7286 6.6184
Generation: 20 52.4256 1.7825 44.3707 6.1474
Generation: 21 45.6239 1.6825 44.6590 3.5913
Generation: 22 45.6239 1.6825 44.6462 3.8982
Generation: 23 45.6239 1.6825 44.4072 7.2911
Generation: 24 49.2296 1.9575 43.8055 7.7778
Generation: 25 56.8001 1.7550 42.8756 10.2391
Generation: 26 45.6239 1.6825 43.9888 6.9629
Generation: 27 45.5750 1.7475 45.1341 2.7938
Generation: 28 48.0264 1.8250 44.6013 5.9842
Generation: 29 51.5119 1.9400 43.2521 9.7205
Generation: 30 45.4917 2.6850 41.3039 12.3308
Generation: 31 45.6239 1.6825 44.5713 4.9889
Generation: 32 45.6239 1.6825 43.4250 9.0794
Generation: 33 43.3887 1.7125 43.2503 9.2169
Generation: 34 51.1318 1.7550 42.5376 11.3028
Generation: 35 43.5584 2.0525 42.5277 11.8972
Generation: 36 45.6239 1.6825 42.4338 11.3826
Generation: 37 45.6377 1.6975 43.3095 9.4148
Generation: 38 52.2186 1.7625 42.5621 12.2531
Generation: 39 55.5752 1.7550 40.0194 14.2739
Generation: 40 43.2047 1.8675 42.6293 8.7021
Generation: 41 52.2919 1.7550 42.4134 11.8089
Generation: 42 32.0973 1.9650 42.6504 7.9145
Generation: 43 34.5885 1.9650 42.1561 10.1526
Generation: 44 33.3316 2.0475 40.3324 10.6568
Generation: 45 40.9102 1.7850 41.7742 9.4643
Generation: 46 54.4813 1.7625 42.6195 8.1246
Generation: 47 32.1333 1.9825 43.8522 7.3396
Generation: 48 32.1638 2.0175 43.5817 8.3197
Generation: 49 24.3767 2.0725 41.1352 8.5383
Generation: 50 43.4965 1.9750 39.6327 12.4909
Generation: 51 34.3695 1.9750 42.3260 9.0206
Generation: 52 35.8300 2.2250 41.8409 9.9776
Generation: 53 39.8442 1.8600 44.6576 7.7403
Generation: 54 36.1488 2.4150 44.6396 9.3886
Generation: 55 55.6364 1.7625 42.2563 10.1202
Generation: 56 32.1358 1.9900 44.0855 7.6961
Generation: 57 33.2033 1.9275 42.9560 8.7050
Generation: 58 42.4515 1.9150 43.1331 9.5328
Generation: 59 55.1411 2.2500 41.6726 10.0500
Generation: 60 39.0920 2.2125 43.0763 8.8718
Generation: 61 33.1673 1.9050 42.9622 9.3551
Generation: 62 31.0233 1.8925 43.9156 9.3268
Generation: 63 32.1252 1.9750 42.7135 11.7224
Generation: 64 34.3768 1.9825 43.3001 9.6185
Generation: 65 53.6271 2.9200 44.1901 9.6063
Generation: 66 37.0261 1.8075 39.2943 14.0836
Generation: 67 36.7005 2.0400 42.8460 11.1873
Generation: 68 49.7405 2.3650 37.9400 14.7996
Generation: 69 58.5386 2.3800 43.3670 11.3874
Generation: 70 50.3815 1.8850 41.7563 12.5101
Generation: 71 56.1999 2.2200 42.6671 11.7706
Generation: 72 51.4637 2.0400 44.8335 10.6037
Generation: 73 48.2500 1.9375 44.0636 10.4250
Generation: 74 36.1464 2.3900 42.8712 11.5273
Generation: 75 37.8167 2.0325 44.1649 12.3717
Generation: 76 35.5547 2.0325 43.1893 12.2821
Generation: 77 35.8188 1.9575 45.4343 10.9464
Generation: 78 35.1221 2.3900 42.3035 12.6365
Generation: 79 57.1529 2.0925 45.6726 9.3709
Generation: 80 55.2529 2.3625 44.5575 11.8405
Generation: 81 34.3466 1.9500 41.4756 11.0772
Generation: 82 35.0860 2.3650 40.1414 12.2662
Generation: 83 36.0807 2.2400 44.8153 9.4695
Generation: 84 51.8473 2.3275 45.2909 11.5399
Generation: 85 36.0647 2.2400 44.5884 10.6483
Generation: 86 56.8589 2.7900 44.5329 10.9581
Generation: 87 58.5320 3.3375 43.6049 9.6862
Generation: 88 36.1999 2.8823 46.4646 10.9104
Generation: 89 55.1944 3.3206 41.7930 12.9585
Generation: 90 57.3336 3.7390 44.2658 10.6019
Generation: 91 57.2270 4.0781 46.8274 10.4681
Generation: 92 54.8253 4.0566 46.4752 10.0285
Generation: 93 37.1899 5.6020 45.7962 10.2390
Generation: 94 55.0077 5.5624 46.1186 10.0557
Generation: 95 55.2256 6.3731 46.8195 10.4639
Generation: 96 56.4464 7.2363 46.2777 11.7850
Generation: 97 38.4428 7.4189 46.1004 11.5945
Generation: 98 49.5480 7.6385 46.3344 10.5931
Generation: 99 55.2416 8.5913 45.9481 11.1851
Generation: 100 52.9104 8.9559 45.1584 11.9027
Generation: 101 60.9962 11.1109 42.4809 13.2283
Generation: 102 54.1632 10.2429 45.8193 12.9384
Generation: 103 59.6978 10.6313 46.1353 11.7531
Generation: 104 59.7076 16.1263 45.5462 13.8844
Generation: 105 53.9842 11.7759 44.8838 12.6485
Generation: 106 59.7559 12.5297 48.0567 10.6882
Generation: 107 52.1329 13.4241 47.1011 10.1757
Generation: 108 58.5743 13.2991 47.1007 11.7945
Generation: 109 55.1815 13.9500 44.6786 12.4291
Generation: 110 54.4596 22.3609 49.3995 9.1890
Generation: 111 55.2892 15.0938 47.6186 9.4471
Generation: 112 55.3068 15.8646 45.9115 11.2762
Generation: 113 57.5267 16.3509 48.2906 8.9315
Generation: 114 61.1287 18.4915 43.1858 13.1691
Generation: 115 48.9692 18.2578 45.6160 10.2543
Generation: 116 56.4828 19.3508 45.4417 10.3086
Generation: 117 50.8081 18.3391 43.3497 10.8871
Generation: 118 56.3742 18.6750 45.5697 11.8372
Generation: 119 55.3204 20.0400 47.6503 10.3324
Generation: 120 52.1450 29.9600 45.2150 13.0019
Generation: 121 60.9246 28.5600 45.7359 10.7948
Generation: 122 60.0368 21.4800 45.7751 11.6125
Generation: 123 56.6282 21.2200 47.5789 9.8476
Generation: 124 57.6210 20.2600 46.6669 11.7348
Generation: 125 42.0792 19.8600 47.5237 10.6009
Generation: 126 58.8737 28.9600 47.2358 10.2291
Generation: 127 65.4177 28.3800 50.4416 9.3936
Generation: 128 43.4026 20.7200 47.9067 10.1221
Generation: 129 58.3873 26.4600 47.2884 10.1318
Generation: 130 66.7191 21.8800 48.2328 9.0565
Generation: 131 57.5834 19.9600 49.6418 8.6863
Generation: 132 60.2704 23.7600 49.7335 10.7975
Generation: 133 48.5137 26.4200 46.4066 9.2996
Generation: 134 51.7463 25.7400 46.3143 11.4588
Generation: 135 64.3937 21.2400 49.3007 10.2859
Generation: 136 66.8053 30.2000 47.1423 10.9195
Generation: 137 70.0906 29.8200 49.7762 11.1018
Generation: 138 50.2150 22.7000 49.5071 9.2347
Generation: 139 47.9573 22.6600 48.6957 9.3466
Generation: 140 53.5312 23.1200 45.6687 10.5793
Generation: 141 57.1319 24.4400 49.8057 10.2988
Generation: 142 70.0386 29.8000 49.2620 10.8858
Generation: 143 62.0527 29.2600 50.3697 9.4650
Generation: 144 64.0634 26.9000 50.0241 9.7035
Generation: 145 67.1015 33.1000 51.9692 9.0846
Generation: 146 55.9452 23.2600 49.9484 8.4085
Generation: 147 68.0279 31.1800 49.3930 10.9170
Generation: 148 60.8385 28.2000 49.7528 9.5759
Generation: 149 72.4328 31.3000 51.9409 9.4342
Generation: 150 58.1128 24.7000 47.9316 12.3426
Generation: 151 67.9440 30.6400 50.8265 8.4151
Generation: 152 56.6230 29.3200 50.3242 10.4135
Generation: 153 64.6419 22.9200 51.1306 7.7710
Generation: 154 60.9769 28.8800 50.9405 9.2103
Generation: 155 53.6661 22.7200 51.2885 8.2142
Generation: 156 65.7766 22.9800 51.1700 8.7408
Generation: 157 58.7259 28.9400 49.7905 10.4577
Generation: 158 65.6011 29.8000 48.7077 11.0491
Generation: 159 66.6572 29.0600 50.9428 8.4181
Generation: 160 57.7191 29.0000 51.8166 7.1294
Generation: 161 60.0460 29.8600 49.8056 10.3419
Generation: 162 65.7803 30.9600 50.4010 8.7567
Generation: 163 66.9786 31.7200 51.5145 9.6927
Generation: 164 66.4949 28.6200 49.6432 10.9732
Generation: 165 65.4902 29.4000 50.5023 10.7886
Generation: 166 63.5238 30.9800 51.3387 8.3385
Generation: 167 61.0180 29.3600 51.5790 9.8169
Generation: 168 69.2103 31.7200 54.3145 6.5510
Generation: 169 57.6726 28.7000 50.9801 8.8005
Generation: 170 66.7602 30.0400 53.0595 7.2045
Generation: 171 65.6253 29.6400 51.7554 9.1758
Generation: 172 67.9758 31.0000 52.3847 8.5378
Generation: 173 68.1152 32.0600 50.4251 9.5003
Generation: 174 64.4878 29.9800 51.0426 8.6646
Generation: 175 68.1445 33.1000 54.0141 6.6238
Generation: 176 60.9938 29.0000 52.8062 7.1205
Generation: 177 59.8958 28.8000 52.8304 9.8917
Generation: 178 64.3507 28.5400 52.7244 8.7077
Generation: 179 66.4373 27.6800 52.9152 7.3852
Generation: 180 65.0156 33.9200 51.7659 8.5682
Generation: 181 62.1570 28.9800 52.9525 7.9905
Generation: 182 59.9940 29.5800 53.6300 7.4388
Generation: 183 62.1088 28.8800 50.2838 9.7950
Generation: 184 65.6602 30.1600 52.5582 9.9231
Generation: 185 65.9028 31.8800 51.9432 10.8412
Generation: 186 60.1290 30.4000 53.3629 7.5623
Generation: 187 64.4457 29.6200 50.9766 7.6198
Generation: 188 61.1641 30.1800 51.4856 8.1588
Generation: 189 67.8106 29.5200 51.0673 9.2561
Generation: 190 66.2717 34.7600 53.1669 7.4979
Generation: 191 65.9311 32.4200 52.4219 10.0369
Generation: 192 63.1460 28.4200 52.7133 8.6057
Generation: 193 67.0001 31.4041 52.5161 9.2526
Generation: 194 63.3435 27.7549 53.4329 6.7552
Generation: 195 65.8181 28.0959 52.1491 7.7625
Generation: 196 66.7263 26.0722 53.6576 7.1296
Generation: 197 62.2092 24.4056 54.6737 6.0494
Generation: 198 66.6197 23.2041 53.1429 7.1406
Generation: 199 67.8575 22.8245 54.8556 6.4513
Generation: 200 63.5042 22.5773 53.7426 9.0747
Generation: 201 63.2159 20.1547 52.1121 9.3557
Generation: 202 64.3465 19.0227 54.5613 7.1323
Generation: 203 66.8229 19.0002 54.1123 9.1231
Generation: 204 68.1465 18.9765 54.6554 6.6026
Generation: 205 65.6162 16.7506 53.6732 7.8311
Generation: 206 65.7899 16.2429 55.7889 6.6410
Generation: 207 66.9972 15.5876 55.0128 9.4404
Generation: 208 65.8448 14.3863 53.8100 8.5540
Generation: 209 65.6865 12.6500 53.2223 7.2270
Generation: 210 68.1014 13.3917 55.4320 7.0641
Generation: 211 61.4098 13.2667 53.7678 6.6422
Generation: 212 66.9260 13.0417 55.4396 6.3335
Generation: 213 65.1376 14.4750 53.7260 8.0272
Generation: 214 64.7228 13.2750 54.7127 6.4208
Generation: 215 66.0583 13.8417 54.6497 7.2598
Generation: 216 63.6892 13.4333 54.2246 7.7392
Generation: 217 66.2444 14.5083 53.0469 7.5638
Generation: 218 68.2816 13.9083 54.7603 6.4225
Generation: 219 65.7989 13.0917 55.2129 6.7867
Generation: 220 66.1211 14.1750 55.4007 7.1479
Generation: 221 65.8789 13.2333 53.9507 7.2029
Generation: 222 67.0645 13.5333 56.4560 7.4547
Generation: 223 68.3457 14.0250 54.7706 7.5487
Generation: 224 66.1624 14.2667 53.8426 9.4923
Generation: 225 67.1280 13.7417 56.2511 6.3912
Generation: 226 66.9364 13.1250 55.1108 7.0207
Generation: 227 69.1585 13.1917 54.4603 9.6493
Generation: 228 67.0633 13.5250 56.0566 6.4697
Generation: 229 68.5051 14.5667 54.7109 8.4579
Generation: 230 68.0358 12.9917 54.8815 10.3099
Generation: 231 66.2095 14.3083 55.3663 9.5557
Generation: 232 66.1393 14.0917 56.0963 9.1789
Generation: 233 67.2053 14.0500 56.8050 9.0120
Generation: 234 68.2048 14.0750 54.7858 10.3747
Generation: 235 66.9996 13.3750 53.9803 12.6960
Generation: 236 65.1235 14.3083 54.5732 11.1492
Generation: 237 66.2369 14.5667 56.4994 8.1465
Generation: 238 67.3187 14.4583 57.2368 7.5280
Generation: 239 68.1756 13.5917 56.2355 10.4704
Generation: 240 67.1811 14.0167 56.4756 9.8150
Generation: 241 64.8126 13.4750 57.5014 6.6969
Generation: 242 68.3453 14.0167 57.4658 7.4332
Generation: 243 64.9521 13.8583 56.5565 10.9478
Generation: 244 65.9435 13.5833 55.0621 12.8126
Generation: 245 68.3544 14.0917 56.7775 8.9381
Generation: 246 67.2439 14.1667 55.1721 9.8173
Generation: 247 67.1709 13.9333 56.0211 10.1612
Generation: 248 63.7230 13.5917 58.3371 7.3100
Generation: 249 67.2906 14.1667 57.7824 6.4860
Generation: 250 68.3292 14.0917 56.9688 6.8360
Generation: 251 66.0710 13.9667 57.6049 7.3150
Generation: 252 63.8780 14.1250 56.6650 7.7123
Generation: 253 64.9460 13.9083 58.1176 6.2720
Generation: 254 68.3652 14.1583 56.5624 10.2891
Generation: 255 65.1139 14.4250 56.2125 9.1408
Generation: 256 68.3606 14.1583 57.3986 6.9051
Generation: 257 64.8425 13.4167 57.9371 7.3246
Generation: 258 63.8232 13.7917 57.7348 6.5023
Generation: 259 64.8898 13.7250 57.4435 6.6941
Generation: 260 65.9256 13.5083 56.3989 7.6174
Generation: 261 65.0443 14.0917 57.1917 6.9522
Generation: 262 67.2133 13.9833 56.8529 7.3166
Generation: 263 65.0481 14.2417 58.8641 6.7808
Generation: 264 65.0109 14.1667 59.2349 6.6621
Generation: 265 66.2944 14.6917 56.3971 7.7712
Generation: 266 67.1764 13.9250 56.5120 7.4732
Generation: 267 65.9511 13.5250 57.4189 6.6783
Generation: 268 67.4500 14.8083 58.0208 6.5795
Generation: 269 66.0297 13.8833 58.2550 6.7354
Generation: 270 66.0456 13.8750 58.1105 6.8640
Generation: 271 66.3608 14.9000 57.5505 6.5970
Generation: 272 64.1461 14.8167 58.0092 6.6725
Generation: 273 68.5952 15.0000 57.5984 7.5704
Generation: 274 67.1347 13.8333 58.6276 6.7061
Generation: 275 66.3224 14.7333 57.8615 7.4377
Generation: 276 67.3281 14.3667 59.3961 6.4466
Generation: 277 68.1673 13.5750 57.5116 6.5962
Generation: 278 67.1751 13.9583 58.5076 5.8204
Generation: 279 67.4783 14.8083 58.3909 6.2509
Generation: 280 67.4775 14.9083 57.7745 6.3092
Generation: 281 67.2691 14.1833 57.9149 6.5020
Generation: 282 67.5283 15.0500 58.8761 7.0829
Generation: 283 66.1485 14.1250 56.8663 7.9699
Generation: 284 68.3589 14.2333 59.0277 7.0705
Generation: 285 67.3091 14.3167 58.3247 7.9819
Generation: 286 66.0093 13.6833 54.7178 10.1883
Generation: 287 67.2373 14.0750 58.3385 8.5229
Generation: 288 66.2049 14.3167 56.9216 7.1691
Generation: 289 65.1300 14.4500 56.6024 9.6321
Generation: 290 66.1013 14.0000 54.7359 13.5052
Generation: 291 66.0953 14.0250 55.3025 10.1483
Generation: 292 66.2268 14.4833 56.0778 9.6062
Generation: 293 67.1882 13.8750 57.4572 7.7853
Generation: 294 65.1260 14.3833 56.7808 10.2402
Generation: 295 64.9845 14.0083 56.9176 9.0327
Generation: 296 65.0602 14.1250 56.5004 8.3044
Generation: 297 67.3370 14.4000 57.2663 8.5411
Generation: 298 68.2086 13.6500 55.1019 9.5712
Generation: 299 65.2194 14.7667 57.1288 7.6290
