9.844001539574164239e-01
-9.813143991311433778e-01
9.998854519850401967e-01
9.941664685260827028e-01
9.052047829453643280e-01
9.910267240284553747e-01
9.994349240926130307e-01
-9.966964289012830713e-01
9.976691761924332269e-01
-9.928601683403615041e-01
9.998767846830572958e-01
9.992786580223267379e-01
-9.865635642639725145e-01
9.890476271182175871e-01
9.939125319756162424e-01
-9.988633204023011913e-01
9.817607135684363051e-01
-9.824225558135246672e-01
-9.919793664850898862e-01
-9.814707508585470697e-01
-9.959225431051215160e-01
9.933617319955996283e-01
9.975065768314137493e-01
-9.793102653331327012e-01
9.965734153408556395e-01
-9.824992002071879504e-01
-9.799790182477370326e-01
9.983413450032836423e-01
-9.994530361077618164e-01
9.966604516863983854e-01
9.850186264782041512e-01
9.932701408983732883e-01
-9.999318134686850934e-01
9.996841612486575546e-01
9.168961112092995913e-01
-9.974531560946742204e-01
-9.124218506176593468e-01
9.989267710500142616e-01
-9.960300164031555825e-01
9.900672096750372519e-01
-9.931583273599448036e-01
-9.987727275972247964e-01
-9.941128666176308748e-01
9.998977365554573282e-01
9.949818944211406002e-01
9.888125538479308752e-01
-9.864761203454712746e-01
9.861016127268393827e-01
-9.900146562144401807e-01
9.959119641452487404e-01
9.969034112550533289e-01
9.936382970920192292e-01
-9.931361489901262551e-01
9.963765229325399764e-01
-9.959685454585380793e-01
-9.933800972556390274e-01
-9.971103122791198370e-01
-9.844189546534394264e-01
9.808832240971565586e-01
-9.998331412132475116e-01
9.998776215510218890e-01
-9.983331176031899901e-01
9.993616802005967914e-01
-9.944034993740100692e-01
9.994127015380044332e-01
9.892789733065192603e-01
-9.946263513984767712e-01
-9.999240146735876023e-01
9.997277777033886093e-01
-9.922922674436767121e-01
-9.991503046824938838e-01
-9.994078801734580519e-01
9.942797366886454435e-01
9.999282572830303639e-01
9.825778035038037483e-01
9.947642778357628224e-01
9.916906606138091718e-01
-9.965361106941079683e-01
9.793977792752288636e-01
9.683198108604840204e-01
-9.996190206727639804e-01
-9.979021487046303429e-01
-9.802196353119466687e-01
9.852111908747047675e-01
9.983063273426074913e-01
9.909374647567643635e-01
9.818316212424612610e-01
9.376153848131281165e-01
-9.766298146686709369e-01
-9.977098521967828759e-01
9.860683562999648100e-01
-9.937125422884787174e-01
-9.960035132807552039e-01
-9.943841087342941698e-01
9.912144647696662370e-01
9.759896749081802270e-01
-9.997605060716012737e-01
9.979640802579667902e-01
9.994397523481084455e-01
9.903465240958229110e-01
-9.502598951750227396e-01
9.845724731616033454e-01
9.725732654520289344e-01
-9.999742804871558643e-01
-9.996039690217941587e-01
-9.886863348285068742e-01
-9.984499885151807419e-01
-9.862415112491313973e-01
-9.843113985673870303e-01
9.941437765137812743e-01
9.981228689347014793e-01
-9.931049227138595281e-01
-9.850245313104940559e-01
9.967329894780416755e-01
9.765707405692467535e-01
9.785084766208971274e-01
9.993771583893474864e-01
9.812511899643737712e-01
9.974062503297351778e-01
-9.998376012296921189e-01
9.966661098923408346e-01
-9.997371322795008952e-01
-9.970698034424344547e-01
-9.944446990218933635e-01
9.945391247371261345e-01
-9.970152163811494272e-01
-9.974326333980251258e-01
9.950242746053685750e-01
-9.849131719252948169e-01
-9.947041959042008941e-01
9.934741792396711846e-01
-9.893073864334440692e-01
-9.557237384534484903e-01
-9.997148784855913739e-01
9.748855568435843555e-01
-9.987789888449734033e-01
-9.999598843852162133e-01
9.966951233478940075e-01
9.999042712271607458e-01
-9.923756423503611312e-01
9.994213918767287375e-01
9.927121354757072469e-01
9.934629820710230153e-01
-9.978771802496363419e-01
9.994342090115597710e-01
9.992135622668056882e-01
-9.876692859545055381e-01
-9.995884981790119639e-01
-9.813732694920271893e-01
9.906450639242263545e-01
9.996420675309471982e-01
-9.982250072394367457e-01
9.954809536024844530e-01
9.900576159250894515e-01
-9.995076413346968280e-01
-9.999563946956123717e-01
-9.994106272415884673e-01
9.940720148085850916e-01
9.964142263241733133e-01
-9.993875015529045669e-01
9.999294869432253652e-01
9.991159744177962043e-01
-9.986877713359694209e-01
-9.963708285827290734e-01
9.946326694506384403e-01
9.999616973838920675e-01
-9.979772934811366181e-01
9.952019816512722716e-01
-9.986927250375672305e-01
-9.743815986483422842e-01
-9.916811057423725595e-01
9.956999010121213578e-01
9.929758285154552944e-01
9.958493207906446987e-01
-9.992908255481451896e-01
-9.865933880150489221e-01
-9.959040226698632203e-01
9.867173761779474139e-01
9.907964210782809200e-01
9.951932413491160201e-01
9.874839840667959390e-01
9.627711848693640828e-01
-9.882298308661571218e-01
-9.992206605017355248e-01
9.842394701988079753e-01
-9.839855133393295983e-01
-9.838002612203261554e-01
-9.620857855947879678e-01
9.783017730329039985e-01
-9.893636774147720470e-01
9.941608671612779391e-01
9.686329043803338923e-01
9.711103387683543975e-01
-9.992120256276515455e-01
-9.791102961794408976e-01
-9.990261945624006046e-01
-9.829357112115897355e-01
-9.941265091795743469e-01
9.971722936218359035e-01
9.940913085286354756e-01
-9.895295490699015373e-01
-9.895682889439524343e-01
9.437757288108460374e-01
9.999063745102829692e-01
9.883918907748243665e-01
-9.946214617233765098e-01
9.944326206514761957e-01
9.906899407176654737e-01
-9.849327605400521879e-01
-9.934640075498576417e-01
-9.905639482542977214e-01
9.971583986309346948e-01
9.985282502504833069e-01
-9.998333863308868086e-01
9.858752399531651722e-01
-9.952041699208298287e-01
-9.992616049419251745e-01
9.934633214146204594e-01
9.999078349106920172e-01
-9.938801600366689026e-01
9.997087039124605834e-01
9.982599807532723801e-01
9.868422418487219350e-01
9.998429647539806009e-01
9.912105456676494342e-01
9.953117190357456678e-01
-9.887674928365839389e-01
9.966741741636353513e-01
-9.959887949738555069e-01
-9.994127094946977374e-01
-9.830550807734494967e-01
9.997579506250749981e-01
9.994658000177201185e-01
-9.887043564504894855e-01
-9.926087098928729757e-01
-9.874322874974625908e-01
-9.997177961586456441e-01
9.661537212524482499e-01
9.990794381730935259e-01
9.932497258250153616e-01
9.838553266863963032e-01
-9.958802092570835374e-01
9.891796800803795975e-01
-9.188506321671028321e-01
-9.906840779135456243e-01
9.885941454662838801e-01
-9.925672065746844464e-01
-9.167338157115840769e-01
9.080426241129244680e-01
-9.827869855564873580e-01
-9.966473232281651828e-01
-9.871970879572542490e-01
9.961186475551851993e-01
-9.961887215463511858e-01
9.759522055537213081e-01
9.979193322743630246e-01
9.934068864819326494e-01
-9.777245464059137747e-01
9.958988978842331363e-01
-9.934453530166267310e-01
-9.956978830389922042e-01
9.944742843415866895e-01
-9.879554812158535260e-01
9.857755616110944752e-01
-9.883405927061981178e-01
