5.239973269587010485e-01
1.000000000000000000e+00
6.868461005142477704e-01
9.379278150788452617e-01
-5.637802202161343867e-01
5.542347724578072787e-01
8.377135744932315831e-01
-2.085135264360213347e-01
7.169487429149725699e-01
2.094972108688198942e-01
-5.739585304338183924e-01
-1.000000000000000000e+00
7.282254745103433624e-01
-1.000000000000000000e+00
6.033921910135595645e-01
-1.000000000000000000e+00
-6.021574933629989523e-01
3.707926956109935945e-01
-6.779066949046907986e-01
-1.470060753749864446e-01
-8.642156162250597129e-01
-2.373801556401475832e-01
-1.000000000000000000e+00
-8.739041980387975972e-01
6.757592229194986366e-02
-5.161888066358308880e-01
-4.299324938264190155e-02
1.000000000000000000e+00
-8.311063846191961701e-01
-3.141990957715487531e-02
-7.244775049173917125e-01
3.049466541220580140e-02
5.969575542214045072e-01
-7.021929330327285612e-01
-8.663874936167880181e-01
-4.991950532390861950e-01
-8.225362689595186461e-02
-9.008438253445516519e-01
-4.290652995942310088e-01
-5.046548638332446490e-01
5.200470074012019106e-01
-6.397510040410082643e-01
3.803396831533566447e-01
-1.683901481199609473e-01
-3.551924739239584183e-01
-5.765823060269081868e-01
-5.308047420003743078e-01
-4.019826035595347458e-01
1.000000000000000000e+00
-1.023886950918940775e-01
1.000000000000000000e+00
9.638000176469158076e-01
-6.618673211640376808e-01
-5.197368805450153229e-01
5.273559954911822834e-01
-5.750638910998142617e-01
3.521496013170017925e-01
-4.534194431511230916e-01
-7.244112387602510417e-01
-4.729505028887860396e-01
-1.230725595579396647e-01
3.970219266327692509e-01
-1.332820077979504914e-01
-2.404544384026200965e-01
-1.000000000000000000e+00
-7.819466367722527345e-01
-1.000000000000000000e+00
-1.307435081482342110e-01
9.377594783050160476e-01
-8.155310563580775440e-02
1.312368087471411926e-01
1.277837972920087828e-01
-1.339325840250883415e-01
-7.096818846471580899e-01
6.819001134127324892e-01
-1.547480959332517836e-01
1.923408828379990498e-01
-3.148701927828248537e-01
-9.489609003634509321e-01
-5.941970894665725700e-01
-7.534742003797334498e-03
-4.960246175024687898e-01
-1.000000000000000000e+00
-2.942690694482065217e-01
9.471994182222778225e-01
-1.000000000000000000e+00
-3.956504425080296095e-01
1.741940766998902324e-01
-9.972220472989370421e-01
-2.153940488407493636e-01
-1.000000000000000000e+00
7.005107692060706936e-01
2.315748608729352731e-01
4.622565998327010650e-01
1.000000000000000000e+00
-1.000000000000000000e+00
-7.765122748443294975e-01
5.021675572593935488e-01
8.943991627829850355e-01
4.505635237690331918e-01
1.274578264083928159e-01
3.706225976071684247e-01
5.077093487281389983e-01
8.175470389467189847e-01
-4.546293371532410532e-01
1.000000000000000000e+00
-2.874276906725141689e-01
6.868615495640074675e-01
-8.599231870705249525e-01
-5.022989285638415069e-01
7.924775404430282055e-01
-1.895520755042942040e-01
-2.865826966558879807e-01
-3.715176066376102426e-01
-4.245961829215919026e-02
7.708388530670119421e-01
-7.348426146780386858e-01
1.000000000000000000e+00
-1.864174655451805718e-01
6.444286738321508556e-02
-3.076423964623571372e-01
-2.636020417285569462e-01
4.994690043593598139e-01
8.938876487770008872e-01
1.600940533148658140e-01
5.996540908456067243e-01
-9.184100847597437278e-03
1.744708743460786915e-01
-6.491613578231121284e-01
4.574060741678857567e-01
-1.372223343545331542e-01
-1.774796173819878642e-01
3.914092202985469671e-01
-3.160537880147874512e-01
-1.000000000000000000e+00
2.240252347916497910e-01
3.429639830536864720e-01
-5.954020369090433640e-01
-6.144354211401309440e-01
2.178675694689366782e-01
-5.203956758918516501e-01
1.767004408400578708e-01
-1.000000000000000000e+00
-3.872483065405515346e-01
5.624289154521704415e-01
-2.249238841904811492e-01
-6.823968241845713711e-01
9.489793070505622152e-01
-1.000000000000000000e+00
-3.765645880850971849e-01
-3.920815240828862680e-01
7.582365819690844999e-02
-2.322503122490683913e-01
-6.513797326483639072e-01
4.784827314730657477e-01
-2.692930988315082180e-02
9.970001169807245489e-01
1.000000000000000000e+00
-3.541323587766032066e-01
-1.000000000000000000e+00
1.000000000000000000e+00
7.785871864572652123e-01
-3.139688771887211294e-02
-4.624566403900116640e-01
-2.748238046946488433e-02
8.286768260503778460e-01
2.593187583908497240e-01
9.993148914017450091e-01
9.150135681408148036e-01
-5.630791296301895787e-02
2.279580740223565716e-01
4.360660416590778077e-02
5.463992485673137001e-01
6.628253639810670617e-01
7.568234784249707747e-01
-3.640385372531396158e-02
1.819967698268141199e-01
-1.000000000000000000e+00
4.712385727061609852e-01
-6.024316987195726947e-01
5.529274667829684464e-01
-1.000000000000000000e+00
1.000000000000000000e+00
1.000000000000000000e+00
-6.968153566929635723e-02
-7.824983291044422806e-01
1.000000000000000000e+00
-6.461175183265690514e-01
9.878289056665416901e-01
3.882976860541242914e-01
3.781528690657459668e-01
-1.000000000000000000e+00
5.134755975022153862e-01
1.782361490796814663e-01
-9.506998840799146810e-01
1.000000000000000000e+00
-1.000000000000000000e+00
-1.000000000000000000e+00
-1.065899989804899445e-01
-2.981425627442626514e-01
-7.232931193920638657e-01
1.000000000000000000e+00
7.836801053938632355e-01
2.742980822677503761e-01
2.479960384824606012e-01
5.538903145697260388e-01
-8.406576636510237899e-02
-5.404886412694733799e-01
1.873271787525870868e-02
-4.319383162183810798e-01
-5.252782692955034749e-01
3.067300619885269253e-01
1.000000000000000000e+00
1.897986805130438825e-01
-1.000000000000000000e+00
7.945949045108733344e-01
1.000000000000000000e+00
-1.000000000000000000e+00
9.234636316475244300e-01
8.827454077067533600e-01
-4.578222028204301797e-01
-1.000000000000000000e+00
1.000000000000000000e+00
9.274174167756603360e-02
-7.574082563733977036e-01
1.000000000000000000e+00
2.652786074923606519e-01
-6.212659685652457409e-01
2.721183832564886274e-01
5.866477456602370300e-02
-8.639672561442427456e-01
-5.402120596861377244e-01
1.000000000000000000e+00
2.415169870168345501e-01
9.255609798651969200e-01
-9.559599713104577345e-01
-9.864706119472994861e-02
-1.662099216992820316e-01
5.977978309269342816e-01
8.973903921436989783e-01
-4.793266352385630036e-01
-5.213076836719668927e-01
7.639036953792347484e-01
8.456860729558340894e-01
-4.278163820400879835e-01
-1.000000000000000000e+00
1.282629143641194069e-01
-2.646849908863408984e-01
8.125148866452243102e-01
-6.293421705891550921e-01
-1.000000000000000000e+00
-2.046288564870372972e-01
-3.559587954591980075e-01
-7.951243177150255081e-02
5.534413887366906870e-01
2.198118401902912078e-01
-9.171704135496714372e-01
-5.016456832119564613e-01
1.000000000000000000e+00
1.000000000000000000e+00
7.050334070002600706e-01
1.000000000000000000e+00
-2.621508338892694634e-01
4.273714930472993778e-01
1.692808126763980514e-01
9.503609485730034334e-02
4.735810045700377668e-01
6.749934323490409671e-01
1.891827665496405297e-01
4.179335255012858186e-01
2.190637999894254895e-01
2.125390285077083385e-01
9.348624698380593179e-01
2.487470171633229532e-01
4.036948222040585010e-01
4.503129288192567747e-01
7.705575973500436993e-01
1.439125380475141935e-01
1.000000000000000000e+00
2.416150614053338697e-01
8.147938514813268807e-01
2.174125594565077535e-01
1.587146172738397865e-01
2.524181439341393607e-01
1.973862103373586474e-01
7.452166931189798671e-01
9.411617376568118809e-01
3.789598529882309275e-01
2.857320105845301272e-01
7.852038847015561096e-01
4.298029242198046496e-01
3.922432570467271895e-01
3.670873261826799183e-01
3.934467342145302471e-01
5.021220037075093678e-01
1.521869910566547301e-01
9.241643927468929931e-01
2.374586101876838551e-01
1.499104996136892964e-01
9.038645403305747283e-01
6.188195561328683203e-01
2.223057330668798959e-01
4.008779597600248823e-01
5.259146617377312705e-01
6.618867978532839702e-01
8.411666061580721498e-01
8.130061430889644614e-01
3.098253598060434766e-01
4.652445539086418336e-01
2.328155754546227252e-01
2.756399907158066931e-01
2.992169500467226628e-01
4.731449503875668205e-01
6.565701965602296353e-01
2.994163040958707223e-01
7.484616475866702201e-01
1.138127198605311391e-01
2.391030553336615794e-01
2.254303596384793218e-01
3.505757578730728796e-01
5.742077165362020619e-01
2.672983396725318594e-01
7.005451542427060252e-01
1.000000000000000000e+00
1.017167279552947945e-01
1.960596587144516900e-01
1.917623088319656000e-01
4.079385666905491759e-01
3.045855833849727690e-01
9.772499986356937285e-01
1.355161326685518641e-01
6.561826557864880449e-01
2.495694583110895648e-01
3.556386191925883788e-01
2.457164701187513622e-01
6.616308570352202878e-01
2.985776034551524405e-01
1.000000000000000000e+00
1.745818599077341715e-01
1.291465642476570808e-01
3.392103556128602815e-01
2.410399656190118367e-01
4.653779628507940247e-01
8.483956317113483525e-01
7.203575289255527148e-01
6.547709906459135976e-01
2.266395818460994194e-01
4.334084581565574301e-01
5.311948012641048988e-01
4.009627428654088943e-01
9.193541588587363922e-01
3.501795928811087255e-01
2.031503269322087191e-01
8.743931587334648203e-02
2.972528192834468230e-01
2.373575335244488271e-01
1.651313825133485513e-01
7.145671560846971193e-01
9.469824963144094498e-01
4.621490289002073149e-01
4.672925936023990534e-01
1.669995486021751963e-01
3.400902760401049996e-01
1.180034625971200651e-01
9.158249758995518075e-01
1.871972105595398339e-01
5.752722300909524078e-01
3.211408186747303217e-01
9.416761327111894397e-02
1.262842958931564841e-01
5.212554496087608014e-01
3.056102659566276580e-01
2.842546517523294458e-01
2.257328077601147842e-01
3.158770508577558034e-01
3.264382286117570309e-01
6.581293689085833121e-01
3.539201736407533438e-01
4.404816520391526269e-01
5.576469781027706407e-01
4.339240568814909937e-01
2.907064716396285387e-01
4.397149509981305715e-01
6.181869469624758917e-01
6.733923652893187839e-01
2.308824481182700228e-01
2.728572442141494747e-01
1.692913252024081106e-01
1.891924841922111300e-01
5.134239953237552667e-01
1.877067066761650138e-01
2.008759374107382811e-01
1.549832824292858846e-01
3.511477048806829204e-01
5.095403330102474815e-01
3.060547022739351641e-01
4.322040308607678627e-01
2.277158522743875924e-01
1.722925012829003288e-01
8.423558656056999716e-01
5.508732939919677163e-01
1.440880823819214174e-01
2.808481019796358336e-01
3.731945468444379799e-01
2.518511136894170388e-01
3.929961883612614892e-01
2.573029968374820342e-01
6.405956612277721174e-01
3.791595148659489545e-01
3.992104646348240138e-01
8.604067640571871900e-01
7.102129537281254290e-01
6.025319922203614675e-01
7.376550411647021521e-01
2.308594922959174289e-01
3.266073468618133080e-01
5.578218410628779100e-01
4.234213938086310303e-01
1.503234962917502082e-01
5.345252718225640409e-01
9.998869578924707291e-02
3.932060106863213278e-01
3.193003418089764289e-01
4.709022186356690565e-01
4.542830701576274222e-01
2.544634240267148462e-01
2.295992584659344860e-01
4.443374845832676612e-01
1.687999957340698964e-01
1.869602302991742182e-01
5.657439293180080986e-01
2.615344124277207416e-01
1.000000000000000000e+00
2.879860802284558430e-01
6.066743469257217525e-01
6.984935185233751564e-01
7.359606015221209496e-01
2.071211482837113649e-01
2.575597439088491702e-01
7.085874274398156203e-01
4.564627535675258585e-01
5.685481341918194875e-01
7.701628233276101021e-01
2.436384930135650217e-01
4.911077324509919295e-01
1.376993656392931642e-01
1.470242449958981124e-01
2.601975853523672000e-01
7.319957694751851873e-01
7.256154054948610321e-01
3.443416541806183506e-01
5.052412266165247079e-01
7.250906600754024600e-01
5.097867048917971156e-01
3.117417656133351644e-01
4.315285181572901529e-01
1.000000000000000000e+00
4.396567561828655935e-01
2.240557379789101800e-01
7.441438807787679188e-01
7.982228986580093277e-01
8.495521957242139210e-01
5.391009465692794267e-01
2.280071744047431626e-01
2.517083421257974019e-01
5.779308438472559040e-01
5.543691227023255230e-01
3.296785875313683056e-01
5.361495055041810565e-01
9.703629818560469689e-01
2.307699680263932684e-01
8.070558072346022405e-01
5.991185196099597654e-01
5.482419458012777191e-01
3.523012850156485576e-01
5.817154721406005979e-01
5.494717033923904870e-01
6.002043278811587390e-01
2.388742389450664028e-01
7.670628541153453606e-01
3.747292778765738408e-01
7.777043040789937134e-01
3.841251484598150467e-01
7.403653066095247093e-01
4.583888121137369986e-01
4.482204975306288142e-01
5.585863719801938965e-01
1.851849876599347411e-01
2.059438823163803889e-01
4.630294053407925658e-01
2.907182026252722595e-01
4.391320287386478172e-01
3.527123299268013490e-01
4.154906802160123203e-01
9.716757002044684732e-01
5.575969189394949233e-01
2.592505154486455243e-01
3.289670683212825297e-01
7.841014420374748939e-01
2.025895953677132322e-01
1.691517683834981023e-01
4.130069849125228565e-01
7.097529270899464171e-01
6.802449344980049384e-01
6.466755275407505277e-01
2.397732891888036955e-01
4.814612892229887531e-01
3.254742483322595192e-01
2.043539265870246424e-01
7.209067759703116085e-01
3.498541113001735758e-01
1.950922990448850092e-01
4.524197470652090436e-01
1.000000000000000000e+00
7.184097543220315796e-01
1.000000000000000000e+00
5.050259814919184631e-01
5.698139639951641522e-01
6.531293746027323488e-01
5.107819201914586271e-01
6.178430081576112842e-01
3.902892844285558160e-01
5.722761811947898458e-01
7.006807140779541809e-01
1.916734219978595832e-01
3.558056252212747350e-01
1.567445991669485783e-01
5.006747084269953518e-01
6.917634530878353782e-01
1.510973188539769529e-01
