1.000000000000000000e+00
1.000000000000000000e+00
-1.000000000000000000e+00
6.248312081727729339e-01
6.247543902570691365e-01
1.000000000000000000e+00
7.226120637045010398e-01
2.884765667358472063e-01
-1.000000000000000000e+00
1.000000000000000000e+00
4.026633962392222599e-01
-9.054423770148870565e-01
1.952057759219033295e-01
5.678787807826979339e-01
2.937664147070712106e-02
2.116567215430989468e-01
-3.707026003551446847e-01
-4.128096264212888222e-01
-9.011774003892314422e-01
9.555656186846308575e-01
1.000000000000000000e+00
-6.134425100569769196e-01
1.734730337826301261e-02
-9.716883992998104347e-01
1.000000000000000000e+00
-1.000000000000000000e+00
1.000000000000000000e+00
-6.254309732311448267e-01
5.443621050630235159e-01
7.902452070438971132e-01
1.000000000000000000e+00
-8.691259115187878193e-01
7.437658655783813133e-01
-7.457848699176029550e-01
-1.405122218050194882e-01
1.000000000000000000e+00
1.000000000000000000e+00
5.297133084863425712e-01
-5.121012365606751882e-01
7.957274613389555551e-01
2.323156136165535901e-01
-5.633471062742810842e-01
3.329948458115713494e-01
7.591398841700461864e-01
1.000000000000000000e+00
-5.525773423516681104e-01
-1.000000000000000000e+00
-8.555015165998175464e-02
1.000000000000000000e+00
-1.189575427109930694e-01
-5.427670603956321616e-01
-3.863912617083125611e-01
-4.901209509980337664e-01
-6.304499140167429960e-01
6.918264026514455711e-01
-2.989041777326398863e-01
1.000000000000000000e+00
1.313037001750388955e-01
-1.000000000000000000e+00
1.000000000000000000e+00
5.501311969065889595e-01
1.000000000000000000e+00
6.509122090537714511e-01
-8.500564136923760561e-01
1.000000000000000000e+00
3.457622092154681859e-01
1.050293235427264826e-01
1.497057587080987684e-01
1.000000000000000000e+00
-1.000000000000000000e+00
-1.000000000000000000e+00
-9.303420741901718971e-01
8.987182636311994433e-01
-4.946396205373164712e-01
-1.000000000000000000e+00
-2.165840513702791403e-01
-6.688596188035529633e-02
-3.323244041682741345e-01
-3.129833017266012707e-01
-3.031579750284663644e-01
1.000000000000000000e+00
6.336067499655462232e-01
-1.379738291434854935e-01
9.863857671846055775e-01
-8.066833320510762295e-01
-2.274276337997623854e-01
6.523116455555837412e-01
-1.000000000000000000e+00
-1.819120520988404266e-01
7.862625854349568622e-01
4.033396525184320680e-01
-2.022503223354003288e-01
1.000000000000000000e+00
-4.211804931641727201e-02
-1.955733163238095873e-01
8.612367763985714353e-01
-9.270909980711339315e-01
-2.752446468053596496e-01
-6.911867596241808021e-03
5.392872003144261184e-02
-1.000000000000000000e+00
-3.654177189610454540e-02
3.302168630875378375e-01
-4.481139390518868448e-01
5.135320778763196037e-01
2.517636597946112248e-02
-1.000000000000000000e+00
-6.333138724501590211e-01
1.000000000000000000e+00
6.258909798703689020e-01
-1.000000000000000000e+00
5.459531148507160148e-02
6.549932155463241701e-01
7.822940201219321654e-01
1.000000000000000000e+00
1.000000000000000000e+00
-1.000000000000000000e+00
1.969527891696326305e-01
6.648165389479591125e-01
-1.000000000000000000e+00
-6.821246409860981519e-01
9.003914117328619682e-01
-8.418514881723966337e-01
1.000000000000000000e+00
-4.272323119091460120e-01
-6.763211269719375807e-01
8.980912763645739760e-01
-5.135253906391432643e-01
1.000000000000000000e+00
1.000000000000000000e+00
-1.000000000000000000e+00
-6.914758665506133273e-01
-7.625304203719117657e-01
4.825175261903125179e-02
9.048151595723994411e-01
5.705723574391099451e-01
-1.000000000000000000e+00
1.000000000000000000e+00
1.393586693170942858e-01
1.839669949280952066e-01
1.000000000000000000e+00
-4.984120277257391152e-01
-3.589453058920208384e-01
-7.400940197159007194e-01
2.071550377692118750e-01
-3.379182096206008734e-01
-8.495249986681239207e-01
4.792488295218466643e-01
-1.000000000000000000e+00
1.929876285535392921e-01
9.544210218274296054e-01
1.347401210938044547e-01
-3.700278052264145412e-01
1.000000000000000000e+00
1.000000000000000000e+00
-9.620895307673528185e-01
4.103052594590262947e-01
6.249013439376562840e-01
3.816035538200576172e-01
1.000000000000000000e+00
-7.007292728628966572e-02
-2.723429645827053491e-01
8.308648472579442945e-01
-1.000000000000000000e+00
6.145145814671197915e-01
1.000000000000000000e+00
-3.204632063043236778e-01
6.508573838515416266e-02
-3.985100197893473584e-01
-1.000000000000000000e+00
-9.132532424131785120e-01
-7.581255741913660584e-01
2.539164908839638968e-01
-3.366637602946592756e-01
-1.000000000000000000e+00
-4.537567522024522626e-01
8.381337514967146518e-01
-4.616684099993739188e-01
-1.000000000000000000e+00
-1.000000000000000000e+00
-9.949386931697968839e-01
-7.717727214382744672e-01
-1.000000000000000000e+00
-7.168300845311333935e-01
-1.000000000000000000e+00
-2.207122227572320267e-02
1.000000000000000000e+00
-5.077813129033049711e-01
-1.000000000000000000e+00
-8.201319544281018281e-01
1.000000000000000000e+00
-7.878099007596124359e-01
1.000000000000000000e+00
1.000000000000000000e+00
-7.875681887849155238e-01
1.000000000000000000e+00
-1.000000000000000000e+00
1.000000000000000000e+00
-8.098565645236037724e-01
-1.000000000000000000e+00
3.720705985165263519e-01
-5.065799302964963946e-01
1.000000000000000000e+00
-1.000000000000000000e+00
-3.105278199268158845e-01
-1.000000000000000000e+00
-8.237348201034352391e-01
2.607927976411366089e-01
7.733581217161213939e-01
-9.124803207060455668e-01
6.512283018927607081e-01
-1.000000000000000000e+00
1.000000000000000000e+00
-9.820390558780727197e-01
-6.962095208519588629e-01
1.000000000000000000e+00
-1.000000000000000000e+00
-7.088483591311110776e-02
-1.000000000000000000e+00
-9.095080333538252404e-01
-1.000000000000000000e+00
-1.000000000000000000e+00
-1.000000000000000000e+00
-1.000000000000000000e+00
-1.000000000000000000e+00
1.947728650460203714e-01
-9.566417097479124054e-01
-2.421040286560688370e-02
1.000000000000000000e+00
1.000000000000000000e+00
-4.549189254957121675e-01
6.015638016615152406e-01
1.000000000000000000e+00
5.985050918420857791e-01
-2.791812565357953968e-01
-4.816687978363347611e-01
1.000000000000000000e+00
-1.653627732889526025e-01
-7.183623929405622555e-01
-5.408515360828822782e-01
-8.202221849067689030e-01
-2.689235453538820209e-01
3.544643358264703004e-01
6.640071184354686684e-01
6.023910359769673040e-01
1.000000000000000000e+00
-6.817911419003090945e-01
-9.470185143053213572e-01
1.000000000000000000e+00
-8.632342696243979763e-01
-1.000000000000000000e+00
-1.000000000000000000e+00
-2.677560444636203352e-01
6.171575337324380905e-01
1.000000000000000000e+00
-1.000000000000000000e+00
-1.000000000000000000e+00
-1.526504808806505853e-02
-1.206851512775333202e-01
-1.000000000000000000e+00
-3.795551804759644821e-01
5.316698200795700879e-01
7.629572449699453252e-01
9.547596668180018398e-01
2.572245965617586672e-01
1.000000000000000000e+00
6.690852261384956368e-01
1.000000000000000000e+00
3.330168972549895634e-01
8.890932293026518884e-01
5.189225046025540689e-01
1.000000000000000000e+00
7.131639693049249829e-01
4.414033265635519121e-01
6.575783646175435981e-01
5.822243086073731755e-01
2.102861721846979448e-01
3.544358858986397798e-01
6.942855583427071098e-01
4.592349888557774595e-01
2.262686603205095182e-01
3.436131857178986171e-01
5.358299836468505273e-01
3.890009061441119242e-01
8.598507867076257138e-01
5.853509201260570505e-01
6.765549823215668557e-01
5.202582033738120115e-01
5.173084339840894330e-01
1.000000000000000000e+00
7.262000575290666893e-01
6.695140538276226350e-01
1.000000000000000000e+00
1.437896922460768778e-01
8.904770637844803272e-01
1.000000000000000000e+00
8.214800858488439106e-01
3.096976687808476458e-01
7.360307698433999901e-01
3.841626562541074486e-01
9.751988260869507430e-01
9.401394391513702153e-01
7.377331057638482070e-01
2.587423872250975143e-01
4.831210580276252275e-01
7.097650889242325123e-01
7.266406896428204698e-01
7.340029099667131351e-01
2.406323257838146601e-01
5.892401796380833945e-01
2.357958829094867481e-01
1.000000000000000000e+00
7.264880904054549227e-01
6.519459340322101282e-01
6.114861506734515784e-01
6.121226001699759944e-01
5.757520988278937990e-01
7.177830613127879067e-01
1.000000000000000000e+00
1.000000000000000000e+00
6.461444366839567133e-01
4.022462843464625903e-01
9.698415777222145762e-01
7.833371623607493506e-01
6.503445374876841711e-01
7.580600953216305449e-01
7.061690080803566527e-01
3.271282689909783548e-01
5.729275873356060034e-01
7.695221194806247667e-01
7.191276865878108993e-01
4.402320571780587999e-01
1.000000000000000000e+00
8.648400698328038150e-01
3.733504873784254108e-01
5.913359164904107290e-01
5.599316109255519924e-01
4.883891149347124871e-01
4.747371591442763328e-01
9.128372819711743080e-01
4.900750763227989526e-01
4.058869515520302507e-01
1.931658171839404636e-01
1.000000000000000000e+00
4.135591900572068713e-01
5.610761412475275822e-01
1.000000000000000000e+00
5.504849293071785166e-01
4.369597940035260808e-01
1.000000000000000000e+00
4.203530724193411672e-01
3.740262485467264475e-01
6.811496330281322509e-01
6.992325963924939103e-01
3.668363870234339075e-01
4.285129551489489930e-01
3.602475664067822381e-01
1.000000000000000000e+00
6.567173478419198185e-01
5.405392389604720682e-01
6.786997194026056501e-01
4.207569796079781432e-01
7.016548653397876034e-01
4.855786574082507911e-01
2.498075756067691389e-01
7.567615355417885992e-01
8.693075423122201828e-01
4.071169606395439455e-01
5.700679913616036876e-01
1.000000000000000000e+00
1.647281114589386475e-01
5.797472607503948439e-01
2.283647067216164894e-01
6.251620363809843317e-01
6.386960921293577398e-01
5.882275733658196559e-01
1.000000000000000000e+00
1.428614024531261184e-01
3.170201759539308939e-01
8.489866569585021727e-01
5.080353613244905642e-01
6.179797461085407839e-01
3.178311689949763208e-01
4.062095233227095425e-01
6.471298723428868804e-01
7.265564584257278025e-01
7.614596774673374480e-01
8.087782519779164181e-01
4.186227365636068232e-01
3.631244600011676038e-01
4.731185892575110463e-01
3.121858637224512734e-01
2.557691730631155846e-01
7.279501536935893968e-01
1.000000000000000000e+00
1.000000000000000000e+00
5.604231307820616292e-01
3.441703367617776066e-01
9.291708450893126914e-01
9.021086820529019557e-01
2.689122382719723037e-01
9.209380827067757957e-01
1.000000000000000000e+00
7.132563195591727911e-01
4.226853447297090338e-01
5.569208515325863029e-01
7.266442474455926392e-01
4.184566789536655618e-01
9.859907565626065962e-01
3.067500761478766935e-01
5.009756832967710016e-01
4.512849092821453745e-01
3.797299614331888784e-01
3.630822538521090159e-01
7.037462642324610052e-01
2.274505213595895969e-01
4.092101772224715495e-01
2.821780977432746806e-01
6.650105490032864886e-01
1.000000000000000000e+00
9.552819220706113557e-01
9.056405691439938233e-01
1.000000000000000000e+00
2.417497625521480287e-01
4.971455056394517014e-01
4.503341218819152947e-01
5.505127746104159225e-01
9.174134180564452734e-01
9.708299929999913980e-01
1.000000000000000000e+00
6.481827570056847287e-01
4.019410273537112332e-01
3.189969281293720815e-01
8.414566642342602432e-01
3.980636073306954015e-01
4.254386592097202935e-01
3.529090534214560093e-01
3.418566606871903946e-01
5.841460847785044930e-01
7.085960568733663534e-01
5.327728076598621243e-01
3.334215603185263777e-01
5.707518899198444906e-01
5.970085499485242586e-01
1.000000000000000000e+00
7.742296157523468336e-01
3.422992570231339626e-01
7.705274178146940267e-01
3.248568570653408982e-01
1.000000000000000000e+00
2.563756397848256374e-01
4.749384910648326019e-01
2.961562891459728619e-01
3.191217657186106726e-01
1.000000000000000000e+00
6.435524720744478788e-01
5.499833387684676111e-01
9.584870165348100546e-01
5.381454374800133111e-01
9.113897238800119371e-01
1.000000000000000000e+00
1.000000000000000000e+00
9.283510172703220986e-01
7.596226231250613470e-01
8.135431117045295313e-01
8.926211064298085196e-01
4.747612587657337735e-01
4.996341945849632205e-01
8.518929916591385654e-01
4.260353407650253055e-01
4.249137850755259072e-01
4.137891030552975358e-01
3.722558704107956640e-01
1.000000000000000000e+00
8.544670793411071053e-01
2.496009454591271437e-01
5.898282610310390250e-01
3.545945198107980367e-01
6.594157325463950725e-01
4.151469941294932964e-01
8.822558048719080226e-01
1.000000000000000000e+00
4.051017138085477032e-01
3.089253840244293725e-01
4.171931076395933302e-01
7.980020637002183115e-01
6.097259266755346019e-01
5.225022344177084888e-01
6.079451174077353803e-01
9.405502059674935023e-01
6.702970455648322723e-01
2.380772419126865047e-01
2.238007649895802642e-01
7.073774068530565007e-01
9.511962327301702880e-01
6.398264725653746154e-01
8.489584381827757209e-01
7.542270830007131721e-01
2.795367016861229903e-01
2.645247258350421626e-01
5.439922232066219943e-01
2.992673414028411139e-01
1.000000000000000000e+00
8.396077113108215695e-01
4.123782223938497471e-01
3.796375417621496995e-01
5.616560704082892430e-01
1.000000000000000000e+00
5.748528161793340363e-01
4.785128116266725851e-01
9.407588881099138156e-01
6.370600169150612002e-01
1.000000000000000000e+00
6.460270897540301149e-01
2.506443352455476892e-01
9.079502675162324232e-01
3.553261297990950585e-01
7.918599773777419415e-01
3.556360357208258605e-01
1.000000000000000000e+00
7.926426883984641902e-01
1.000000000000000000e+00
3.358280354775179943e-01
1.000000000000000000e+00
8.225801908579200017e-01
5.757969765930077699e-01
8.116333128991176649e-01
2.766822073362427137e-01
4.200286929353652665e-01
2.525671985353442617e-01
