-3.835227842681842580e-01
-4.087738301110210859e-01
3.021016124808428849e-02
-9.601542517328816029e-01
4.874824631160443733e-01
3.866031030037266891e-01
1.684547129650302288e-01
-1.000000000000000000e+00
-1.000000000000000000e+00
1.000000000000000000e+00
-9.205099282291105967e-01
5.108903012990020365e-01
-1.000000000000000000e+00
1.000000000000000000e+00
-2.409322772341747632e-01
3.633788707847124266e-02
8.811135958210852825e-02
1.436894807050058676e-01
-1.042917394807993947e-01
7.130665564459024441e-01
3.670605695156772819e-01
1.425254383212805620e-01
-1.700213244935505630e-02
-8.047396873837024955e-01
-8.858209139538358867e-02
1.000000000000000000e+00
-9.013910045044754016e-01
-7.788815087422356065e-01
-1.000000000000000000e+00
1.000000000000000000e+00
-9.247229219236722253e-01
9.952941921787694657e-02
5.054897351110863024e-01
-8.913502344561742285e-01
1.000000000000000000e+00
-7.989855278536739380e-01
7.189107316210242571e-01
-2.233558865518125991e-04
-4.570154574187279550e-01
5.052162654783013407e-01
-8.108305037333916054e-01
-1.000000000000000000e+00
1.269181005701109366e-01
-1.000000000000000000e+00
-2.527600423300112031e-01
1.000000000000000000e+00
-5.197387549864844747e-01
2.566062009720050385e-01
-7.961360265112431556e-01
1.000000000000000000e+00
-4.471613316353074685e-01
-6.860799205232058773e-01
-7.826691564166602388e-01
-1.000000000000000000e+00
-2.851229552199123773e-01
-1.092484010073666023e-02
-6.825497735378138753e-01
1.000000000000000000e+00
7.721299547290673138e-01
-4.170770484258529143e-02
-1.000000000000000000e+00
-1.760451192148128063e-01
6.388251831180929985e-01
-8.132797382899140670e-01
1.000000000000000000e+00
5.754337681271562976e-01
-1.000000000000000000e+00
8.807282144039644267e-01
-4.212328084281524720e-01
1.170178368730831614e-01
-8.771522390388586388e-03
-1.000000000000000000e+00
6.927805233804711360e-01
1.000000000000000000e+00
-9.453277785621264639e-01
-3.056028797150054377e-01
5.703243207038037887e-01
1.000000000000000000e+00
5.744339706274770307e-01
9.255943020440421387e-01
4.604129314077441415e-01
-1.000000000000000000e+00
1.000000000000000000e+00
-4.702250970174445821e-01
-1.000000000000000000e+00
-2.846577156800751407e-01
4.367385385817612597e-01
-1.000000000000000000e+00
-5.518629691550969163e-01
-1.000000000000000000e+00
1.000000000000000000e+00
-1.000000000000000000e+00
1.000000000000000000e+00
1.000000000000000000e+00
-1.000000000000000000e+00
1.661785235904748026e-01
6.815868099062993846e-01
1.363989719316132665e-01
1.381117931089785866e-01
-1.000000000000000000e+00
-7.609017887103352029e-01
1.000000000000000000e+00
-1.000000000000000000e+00
1.000000000000000000e+00
-1.448832849163448344e-01
-7.524131469690638063e-01
-1.000000000000000000e+00
1.000000000000000000e+00
-7.966043006748672051e-01
6.966116169149921822e-01
8.163458020368284940e-01
-1.000000000000000000e+00
1.000000000000000000e+00
1.000000000000000000e+00
1.469321840693274261e-01
-5.628130482982838245e-01
-2.769368114652265289e-01
-1.000000000000000000e+00
1.000000000000000000e+00
1.000000000000000000e+00
2.432744957352395154e-01
-8.812848570407377791e-01
3.862425197404635302e-01
1.000000000000000000e+00
-1.045960461907982086e-01
-4.328372755227787305e-01
7.065713572864235070e-01
-7.373121813165652849e-01
1.000000000000000000e+00
4.091816727132296938e-02
1.000000000000000000e+00
1.000000000000000000e+00
1.000000000000000000e+00
-1.000000000000000000e+00
1.000000000000000000e+00
-3.926097559279162486e-01
-2.817322862662355321e-03
3.178794988447289915e-01
-9.492445094674641926e-01
4.517667537390515076e-01
-2.515203886312279424e-01
-1.119761665186643773e-01
6.874107714755806064e-01
5.978234016742457468e-01
6.155297882164136869e-01
1.000000000000000000e+00
5.395748086674849731e-01
-2.733593732567901058e-01
2.626508547777266500e-01
-1.000000000000000000e+00
6.475345756080739257e-01
7.728879513394870671e-02
4.284746610783701781e-01
3.140164695971850994e-01
2.041065806046421516e-01
-1.832597167937869698e-01
9.550806999256361562e-01
-1.000000000000000000e+00
1.000000000000000000e+00
6.625969616783951022e-01
-1.891703344700952361e-01
1.032415217609367053e-02
-1.000000000000000000e+00
1.000000000000000000e+00
7.459267884631723966e-01
5.782832843493070918e-01
-1.000000000000000000e+00
-6.565148702089929067e-01
4.342004838004409617e-01
-8.320443340769516638e-01
9.721239511829459223e-01
5.184496265326967723e-01
-1.000000000000000000e+00
-1.000000000000000000e+00
4.117834862237104154e-01
5.185109325009789050e-01
6.098500148010550514e-01
1.000000000000000000e+00
-3.382180952607151125e-01
8.235059563989458042e-02
4.884231252097814835e-01
5.143259470811067935e-01
-2.182952057121800848e-01
5.277787556796691426e-01
3.729440208343277052e-01
-1.000000000000000000e+00
-6.848387626688048346e-01
-3.835487389238538825e-01
9.440522499188944705e-01
1.866701204475740283e-03
2.101235464419604071e-01
-3.735112275535307225e-01
1.000000000000000000e+00
-4.457071326292954550e-01
-4.452540523544052942e-01
2.879143262205598186e-02
1.849507959741052698e-01
5.359696137000085070e-01
-3.075483730770499635e-01
-5.128720658244205755e-01
-4.699465657748037595e-01
-4.294866347144528085e-01
-6.548873267954968824e-02
9.921289994213540187e-01
7.637978956870419278e-01
-6.265808608505078758e-02
-8.845791979895081258e-01
-5.525284080902242989e-01
5.669467051680907033e-02
1.000000000000000000e+00
-1.000000000000000000e+00
1.000000000000000000e+00
1.364873785535062334e-01
1.000000000000000000e+00
3.147980314011017966e-01
-9.163195503826077060e-01
-8.667946660027107120e-01
-1.000000000000000000e+00
6.413511154142566006e-01
-3.700737228631138520e-01
-5.436982457659838008e-01
-7.905218396021180816e-01
1.000000000000000000e+00
3.787784849731197223e-01
-6.177061170722180083e-01
1.961313524371587069e-01
4.121310505027186988e-02
7.931254028731509198e-01
1.000000000000000000e+00
1.000000000000000000e+00
-4.308946552581045808e-02
-5.250950718378756266e-01
1.000000000000000000e+00
1.000000000000000000e+00
-3.935941348568762210e-01
6.890051875067420006e-01
-1.755551954652328217e-01
3.890233197434040946e-01
-1.000000000000000000e+00
-1.000000000000000000e+00
2.627432339889463342e-01
1.000000000000000000e+00
-7.176007565889785944e-01
-8.179876310300580045e-01
-1.651092690158904586e-01
7.783334751805447427e-01
-1.000000000000000000e+00
-4.752159776111927192e-01
-7.629233075822687837e-01
1.000000000000000000e+00
1.253188787006577209e-01
-5.311642102846537705e-01
-5.618500066467695397e-01
-4.449210824056447078e-01
6.189871991396207473e-01
-1.000000000000000000e+00
-1.000000000000000000e+00
-2.566307652521511717e-01
1.803263141676224313e-01
-8.659513753133385450e-02
-1.000000000000000000e+00
-3.004561608910665677e-02
-1.705954852772717245e-01
-1.970134077646212289e-01
-9.730639467765396233e-01
4.492210068444398852e-01
3.841082231564395544e-01
8.202665898138284950e-01
1.910559472072169973e-01
7.336130302412148252e-01
2.625974364840588660e-01
5.626436876989671099e-01
4.883671234944614858e-01
8.479742344829708234e-01
9.497742117165403064e-01
1.796314561536758447e-01
4.457917930325560607e-01
7.868156935918301231e-01
5.437244102035764248e-01
8.185751468945078324e-01
4.523345105728566740e-01
6.621764156928156009e-01
3.157450079016416167e-01
2.491770118763923236e-01
4.745557919827335103e-01
7.229612430021653546e-01
6.709690316110751285e-01
8.482323257038519859e-01
5.633420477686154060e-01
1.000000000000000000e+00
5.941304990429591149e-01
4.978319218588863615e-01
3.462595299303881657e-01
3.257035069634208191e-01
2.681340139717444671e-01
1.961132820729278303e-01
2.513261381109544446e-01
2.267031185479060629e-01
3.691116000497011163e-01
3.259642297772356589e-01
3.467255047810535173e-01
6.256836493691088075e-01
4.086173781793024928e-01
3.993953031160015765e-01
2.408969402382678537e-01
9.388025869329432727e-01
9.367448805084638286e-01
6.496130283993242216e-01
1.000000000000000000e+00
5.499528522245938911e-01
6.308259848445154638e-01
5.292213634168795311e-01
2.430210585174998050e-01
9.765902092948531843e-01
7.288235395593205546e-01
7.235665160856171729e-01
7.511129007506117672e-01
2.831847787599453548e-01
2.564973530678964497e-01
4.598194293585856074e-01
3.625006982491881802e-01
3.180285903758358623e-01
4.548050971596399039e-01
7.142977402016637001e-01
5.802290836375328942e-01
6.317862447484212662e-01
3.148235442580622490e-01
5.906396427374285274e-01
2.864530686938954185e-01
6.978619808809735092e-01
1.782228845119661065e-01
5.094017195354397787e-01
4.146021923750471960e-01
1.849992878506572791e-01
4.150135367786410012e-01
5.512312904020058024e-01
2.760899395090778419e-01
1.831618823035450205e-01
7.293411810818640761e-01
6.033644416048601355e-01
4.503297491758681548e-01
5.880309372854719552e-01
4.771258597540236623e-01
2.496515812839490422e-01
2.829207655340914007e-01
3.411509598989606595e-01
2.700153565483131568e-01
2.899110984433529437e-01
3.684385380204397986e-01
4.258211065615626345e-01
5.579690839867652574e-01
2.038258373257031131e-01
8.032287253596575027e-01
1.000000000000000000e+00
9.680781514511439534e-01
5.440228086023103371e-01
3.402590707100172085e-01
2.661760568465693644e-01
8.404375034973261549e-01
1.542385029864737633e-01
5.407014603496718141e-01
2.957029288600442896e-01
3.918457412342546409e-01
5.109093532339775701e-01
6.896932962322170901e-01
3.421423493204450716e-01
3.057830267076059871e-01
7.770508126973986185e-01
4.015149719627884028e-01
4.254518432706464459e-01
1.605180250970842659e-01
4.688790371799739232e-01
3.093580757961296168e-01
2.210405779630089385e-01
7.786304077525303402e-01
2.249802849151857354e-01
6.275342226968659842e-01
1.000000000000000000e+00
7.320758313748669810e-01
5.251575753811177361e-01
4.545126830254002104e-01
6.263434482209149223e-01
8.884448567785616646e-01
3.365902530378316881e-01
6.554675515119181561e-01
6.011619027444334851e-01
4.147280110919656093e-01
2.715300484897958944e-01
3.802227486388494171e-01
6.247197680111382656e-01
7.903776102996613595e-01
5.810756396334925133e-01
3.616682340657492722e-01
2.785089950730587072e-01
2.944279188308391859e-01
7.227273644538105835e-01
6.966516764044532461e-01
3.506641697496676313e-01
4.301038175114695883e-01
9.335903300487146117e-01
2.595974577416562679e-01
5.076368996675162393e-01
4.623845478041716528e-01
7.133312674356387939e-01
5.417352556437009525e-01
7.468323712185573893e-01
8.810629561905540807e-01
7.077978377054505721e-01
6.271854059466047682e-01
3.596373343633429420e-01
8.836018593907589702e-01
3.638786745380755416e-01
2.677389256002938311e-01
3.992988342630646725e-01
3.981220821351919570e-01
2.715815386377973262e-01
5.305388511350274117e-01
5.179992046357674296e-01
8.920408010502666185e-01
3.005004578312293062e-01
2.654847222363648229e-01
6.998976810471911891e-01
2.629058189602108686e-01
9.715017264045164858e-01
5.040220781800198724e-01
9.843644410015421897e-01
4.339383268561231577e-01
6.299518252915446981e-01
2.758350233213335279e-01
7.907175555148691082e-01
2.590832700995990834e-01
2.699822701251980428e-01
3.191180937003613716e-01
6.580113162685536921e-01
6.490399600191310014e-01
3.233163904231670105e-01
2.431163611339279551e-01
4.820585736896821905e-01
4.253820139971619674e-01
2.624539255816060179e-01
4.909107691881061108e-01
2.728342235881891509e-01
1.000000000000000000e+00
5.466868582908970264e-01
1.950477064910588476e-01
4.722920196902292700e-01
3.885591155336039493e-01
3.414737357841667320e-01
3.159787933228491164e-01
3.187515034861332919e-01
6.208113241194008758e-01
1.000000000000000000e+00
3.235302960344821899e-01
2.628217629966701496e-01
4.693808264640163541e-01
7.184075721841942652e-01
8.402563375259241019e-01
7.829557376906725041e-01
3.923721284713860835e-01
8.397757138914386799e-01
2.629218842258627675e-01
3.534342537678157870e-01
4.969769088563174009e-01
5.774791016694911239e-01
2.828746813106077784e-01
5.362689984420040412e-01
7.317070744724790687e-01
5.056628201009741863e-01
2.580159869237252379e-01
3.758090645526311890e-01
3.427397567531038636e-01
4.349534594129919607e-01
2.573930783448935000e-01
2.566037455379607257e-01
7.927874064775027874e-01
7.157495513592152525e-01
4.686430849962002210e-01
5.963863415535658463e-01
7.814702147976984037e-01
4.618181082133414050e-01
2.935585713240028150e-01
2.440251114626461049e-01
5.831239579267964990e-01
1.000000000000000000e+00
4.369489736066201613e-01
6.821844519228847936e-01
4.881942267896225984e-01
4.209937750852091320e-01
7.317596302346923709e-01
6.891403278080948658e-01
3.389530285292228773e-01
7.626358036659491857e-01
5.904805589030194257e-01
3.787423266623708984e-01
4.243474488786259657e-01
3.744558074576034845e-01
5.073938578584354930e-01
5.106262739823580477e-01
1.000000000000000000e+00
3.312759696322023495e-01
7.827759638822874289e-01
7.409914123972187738e-01
6.618509503441694086e-01
1.000000000000000000e+00
8.854336957570398958e-01
2.622421581233077004e-01
4.864349749889347874e-01
1.506378776016338017e-01
6.592142988243540058e-01
1.000000000000000000e+00
6.185783138827769534e-01
1.322168847402208913e-01
2.152613063630892942e-01
9.204568552673186854e-01
8.680223370465945942e-01
3.933673205050967625e-01
5.425467086882572731e-01
1.416196280949329478e-01
4.237952510475993528e-01
7.207236086606387815e-01
8.518081930325595019e-01
8.843045038232260069e-01
9.888906868034680331e-01
5.192012273002011291e-01
1.000000000000000000e+00
5.449958367485168154e-01
6.020072899763871943e-01
4.632556943457568077e-01
6.852243549399962275e-01
6.724535810064820041e-01
