-4.259362904435148867e-01
6.821094418437207985e-01
1.000000000000000000e+00
3.629812678565637052e-01
1.000000000000000000e+00
-3.343534249928442059e-01
1.000000000000000000e+00
5.510897461653168072e-01
3.458454065382519094e-01
2.085850240963069424e-01
3.712768524830817318e-02
1.000000000000000000e+00
-1.000000000000000000e+00
1.000000000000000000e+00
3.905539786181511097e-01
1.000000000000000000e+00
4.138384094298703797e-01
1.000000000000000000e+00
-6.037244025190091623e-01
-2.826511967774808509e-01
-1.000000000000000000e+00
3.310269045283862344e-01
5.024670285459711394e-01
-2.213447459601135536e-01
-3.727596262050356657e-01
-1.000000000000000000e+00
7.265483980253409912e-01
-6.847345993028636224e-02
6.926869154265783424e-01
2.216671656918589028e-01
1.000000000000000000e+00
-1.000000000000000000e+00
9.334790796950327429e-01
1.000000000000000000e+00
-8.140922479357932673e-01
1.216855453177711627e-01
-5.224599938157822310e-01
-1.000000000000000000e+00
-2.135485159715057035e-01
-9.610236600486611325e-01
-9.809836514143759345e-01
-1.000000000000000000e+00
1.000000000000000000e+00
1.000000000000000000e+00
-7.872481063389713540e-01
-9.743434545214779696e-02
-8.445756199567374667e-01
-1.000000000000000000e+00
-1.077397425645338913e-01
3.877321987245315738e-01
-3.936733389892821400e-01
1.000000000000000000e+00
1.000000000000000000e+00
-2.731211738143304868e-01
-9.776900145720783808e-01
2.106002837989073839e-01
2.631340514103664985e-01
-1.060340215108520612e-01
2.638916948044742750e-01
-6.723999390002218801e-01
5.771630911648772955e-02
-3.801007454929703488e-01
1.000000000000000000e+00
-3.360793602742107034e-03
-4.061884857524594716e-01
6.457149834788419307e-01
-4.390910016792783921e-01
3.934069354088476356e-01
-1.302375923278137337e-02
-1.000000000000000000e+00
-2.002546116932792941e-01
-8.283212782480358083e-01
6.221009303860539630e-01
-3.281652553266329875e-01
8.991311900295222426e-01
3.491022452271658194e-02
-1.000000000000000000e+00
-8.682829608436920532e-02
7.866553227620797228e-01
-1.201335589264158343e-01
-1.000000000000000000e+00
-5.650094253553314960e-01
-6.058147705081943224e-01
9.376804752580919500e-01
-1.396275855728422721e-01
-5.858860781395225370e-01
9.330840906714052974e-01
-4.202252929212207944e-01
-4.958516160372521409e-01
3.378578396330701450e-01
-1.000000000000000000e+00
1.000000000000000000e+00
8.255010819978036984e-01
-1.000000000000000000e+00
-6.011215202725354034e-01
-1.000000000000000000e+00
4.777782884510489159e-01
2.381873022553414598e-01
-1.000000000000000000e+00
-1.000000000000000000e+00
-8.021049137252768135e-01
1.000000000000000000e+00
-1.000000000000000000e+00
-4.817960567311583842e-01
1.000000000000000000e+00
-1.000000000000000000e+00
-1.968417725962106485e-04
1.000000000000000000e+00
-1.000000000000000000e+00
1.864593956432522015e-01
-6.879885127770540842e-02
8.977918732068410623e-01
1.039913339767565281e-01
-3.182611040967403548e-01
-1.000000000000000000e+00
1.000000000000000000e+00
7.315750920098005317e-01
6.885807017328623991e-02
1.000000000000000000e+00
-1.000000000000000000e+00
-5.531782652216429841e-02
3.931412956460300645e-02
-5.975810996346233583e-01
-1.000000000000000000e+00
-2.824523183835074835e-01
-8.647515746329034192e-01
-1.136222351912783979e-01
-5.311281226205859518e-01
-8.065693665566961990e-01
1.000000000000000000e+00
9.996195616162454334e-01
9.368373236100645263e-02
-1.000000000000000000e+00
-1.000000000000000000e+00
1.000000000000000000e+00
4.901071673746290047e-01
1.000000000000000000e+00
-5.027418680750886937e-01
1.000000000000000000e+00
-1.000000000000000000e+00
6.490640501444074895e-01
1.316651992748196776e-02
-2.784096174375522148e-01
5.279939680535472579e-01
3.403750787609222117e-02
1.000000000000000000e+00
3.228631236457100151e-01
3.964431687964610207e-01
8.202350811390186902e-02
-1.000000000000000000e+00
8.137753101579353610e-01
-7.255463656955091212e-01
1.000000000000000000e+00
7.465991515731609240e-01
1.000000000000000000e+00
-1.700218328101583687e-01
-2.301731532005344416e-01
5.889872338996925416e-01
-4.408851903483543833e-01
3.570944138703154719e-02
-4.288026165309783422e-01
7.696199352959671725e-01
-1.000000000000000000e+00
1.465574479117016660e-01
-2.433377831683913861e-01
6.070037116611320949e-02
8.124285207867052439e-01
-4.734042100666110420e-01
1.000000000000000000e+00
7.140635629933884676e-01
-1.000000000000000000e+00
-1.053092410098779019e-01
9.001765283365115167e-01
-1.675348767266708894e-01
5.397709114156783450e-01
-5.242886017136598742e-01
-1.000000000000000000e+00
-8.594100546612928881e-03
-1.304269565750354465e-01
-1.965981988505896005e-01
6.571516240836278167e-01
-4.070887379587627697e-01
-7.016863272090400061e-01
-2.901856111671705096e-01
-1.000000000000000000e+00
3.352197035350454879e-01
5.925947816011647440e-01
4.307432546829181863e-01
9.256320107761754068e-01
1.993510168240136826e-02
1.000000000000000000e+00
1.697058602762802071e-02
1.000000000000000000e+00
8.550087608396050864e-01
-2.138657627709331099e-01
-1.000000000000000000e+00
-9.190908345206457719e-01
7.204159216269495625e-01
7.104690837738868447e-01
1.000000000000000000e+00
1.000000000000000000e+00
3.192339534815080704e-02
3.262561191079447198e-01
1.000000000000000000e+00
-1.000000000000000000e+00
5.568801087842725206e-01
-6.035164016913114882e-01
6.727051700429254044e-01
1.000000000000000000e+00
-1.000000000000000000e+00
-9.987360467194627001e-01
-7.201200135625995813e-01
5.986704153165497422e-01
1.000000000000000000e+00
1.000000000000000000e+00
-4.903387172771181413e-02
-1.922283034960210468e-01
2.631651732140409816e-01
-5.905983514849629801e-01
7.782913126133117476e-01
-1.000000000000000000e+00
1.657712455237078664e-01
-8.911967772845230673e-02
1.000000000000000000e+00
2.638532265965531920e-02
7.280812789958737152e-01
4.067872713840989252e-01
9.066808612650234522e-02
9.506279333137338527e-01
1.000000000000000000e+00
1.798846272614778030e-01
2.325972630209521275e-01
-9.169438602548400929e-01
4.771392057969522371e-01
-6.943330910227183406e-01
-1.000000000000000000e+00
-1.426741659477267499e-01
-1.408970292660682855e-02
-1.000000000000000000e+00
-5.262018971248247912e-01
-7.534021806683508515e-01
1.000000000000000000e+00
-7.610530394164291002e-01
9.884863216289939691e-01
2.194235776325685894e-01
-7.085058130183441438e-02
-1.000000000000000000e+00
1.000000000000000000e+00
-6.125194357281704693e-02
2.544931010051332265e-01
-5.143541186930323805e-01
-1.000000000000000000e+00
-1.000000000000000000e+00
5.859499396140220862e-01
-1.000000000000000000e+00
1.000000000000000000e+00
-1.000000000000000000e+00
8.573229551781409441e-01
1.000000000000000000e+00
-1.000000000000000000e+00
-4.580543515076959116e-01
9.172465832774702177e-01
9.233213655425028810e-01
8.271395621956759703e-01
-1.000000000000000000e+00
5.453529699328136804e-01
5.340622069860296861e-01
7.899254043712707896e-01
5.088250720221149104e-01
9.577614686581864545e-01
5.182722104631223292e-01
4.796527468229221380e-01
8.837583498653244218e-01
8.678020978303655486e-01
7.085324380676325529e-01
3.964416688553971668e-01
9.579451944838704991e-01
3.725151431570331573e-01
7.700430248377864162e-01
5.278050280949666551e-01
7.045576137299242037e-01
9.771221687805202727e-01
4.891951146781979842e-01
2.647572717796317643e-01
5.642575665897804349e-01
6.978402277112345509e-01
1.452804599623149506e-01
3.325230672890673866e-01
5.938802744232664077e-01
4.729817019554427016e-01
8.880622687839829776e-01
5.490185194469122676e-01
6.007502694087791806e-01
2.247133708560437038e-01
5.454919002640826742e-01
6.700121997538880381e-01
3.792635642079313363e-01
5.631141778433530476e-01
1.000000000000000000e+00
1.977551437486186614e-01
1.459955095558350124e-01
7.408393039438063710e-01
9.412563533301185892e-01
2.560539817204038893e-01
8.983722364027354468e-01
4.685300333065984257e-01
5.447116389894867128e-01
7.346236138566957230e-01
1.581715739077164118e-01
5.029100273103220831e-01
7.304259092246442320e-01
9.058910044543997397e-01
3.443813279286563334e-01
9.678667632266712006e-01
5.831725634944607828e-01
3.057620221456217591e-01
5.390372094774256162e-01
1.000000000000000000e+00
3.761935515819125331e-01
8.375332249344402680e-01
9.235242861493317967e-01
6.115806923649353966e-01
8.607766153355409511e-01
8.572657370130983834e-01
7.905524559030396858e-01
4.967474354856322161e-01
4.906487952267586383e-01
8.515440592223818550e-01
8.742307811242310267e-01
6.551921460144434217e-01
1.866806857188944568e-01
8.783176794421058142e-01
4.028171666130446749e-01
8.052207580624504146e-01
7.870871364986703478e-01
8.655471963650079870e-01
1.420314910082871307e-01
7.312982665956931916e-01
6.149378663016038526e-01
7.770970298253850883e-01
1.000000000000000000e+00
8.499223812872171990e-01
4.020419790059718834e-01
8.458117755203612420e-01
3.720527190061608258e-01
3.745184715167795830e-01
4.993525532272943823e-01
6.777153452292445923e-01
3.812855132815929915e-01
1.000000000000000000e+00
1.000000000000000000e+00
3.979754909792210249e-01
7.540733639446177694e-01
6.400327957168135962e-01
1.534757671570241289e-01
4.055704948527626974e-01
8.178176232242599930e-01
4.945682808894921734e-01
7.147582728934009921e-01
6.159585001166588691e-01
7.738384793030212983e-01
5.121171529179929793e-02
7.784737814810385181e-01
3.496759399005638369e-01
9.151006873396508867e-01
2.808299032880695600e-01
4.571215893591255020e-01
7.608778516127252534e-01
1.000000000000000000e+00
7.022703984780295228e-01
5.730680254335294155e-01
4.301408367257118504e-01
1.598910733180858856e-01
1.000000000000000000e+00
3.179010742859673666e-01
5.003940318295914125e-01
2.327982722118818459e-01
9.448347097730751543e-01
7.072158869299517425e-01
8.729812893641406557e-01
7.639222813668641310e-01
1.000000000000000000e+00
1.589344885358879855e-01
5.061318295225933905e-01
8.742579581816739553e-01
2.265716551585361394e-01
4.889304157297404974e-01
7.447128670152788343e-01
3.613893340736408222e-01
8.403933227369273506e-01
2.402989445819565251e-01
1.717923543656171836e-01
4.738079733922005987e-01
6.437297258741271344e-01
3.777330207110118909e-01
5.680779922886444178e-01
5.111514701023018858e-01
8.803546446970573758e-01
7.542142798563405970e-01
7.187106967672474145e-01
4.894286601393738056e-01
9.527416465636073806e-01
4.053329987747585350e-01
6.521104911468429410e-01
3.123250759328258241e-01
5.716344718993954244e-01
3.887103100836263314e-01
5.834043991829876985e-01
3.659345587097828090e-01
6.700567558460251982e-01
6.529466835956991844e-01
2.854811422745306970e-01
5.406374273386825857e-01
5.125132239939125117e-02
3.547910325968869349e-01
5.685601388891036168e-01
4.483013071192533672e-01
1.000000000000000000e+00
7.507715625801629766e-01
5.151345879889356327e-01
7.268795665185855404e-01
3.153039572341280183e-01
2.076845628245274633e-01
2.094871464545630113e-01
2.979010013112471378e-01
6.501976678802263709e-01
8.202645271014723516e-01
4.321359207700405936e-01
3.864123260995897535e-01
2.594248278321222290e-01
9.039909148694473540e-02
6.180672558882858159e-01
6.287935551493271102e-01
1.000000000000000000e+00
1.000000000000000000e+00
6.189643080944630116e-01
3.508189830317144375e-01
5.540928520495133069e-01
8.328432681459722042e-01
2.154761217943793328e-01
5.615343903906020451e-01
1.769656253367269116e-01
5.125370010521709263e-01
7.481908811693874783e-01
5.665710623225067577e-01
1.299350090260417701e-01
9.970256472332582609e-01
5.038687419500259557e-01
3.614683660394971132e-01
8.159650817838157710e-01
1.854468603657318804e-01
7.187909552233567867e-01
6.738783003692588869e-01
7.880980954609203559e-01
2.933855749965932902e-01
8.756107893499979200e-01
6.166189772891442766e-01
7.356196390945818342e-01
9.957093609416577396e-01
1.000000000000000000e+00
7.702963504580793153e-01
1.000000000000000000e+00
5.463052848951118756e-01
1.077662275529199659e-01
9.039495151359647762e-01
2.135805665541231080e-01
8.072821159314012007e-01
1.000000000000000000e+00
8.320856692878323413e-01
8.873506991478645745e-01
6.023139814164817363e-01
2.213216900518685804e-01
6.376027526483148966e-01
5.820615936290177705e-01
1.000000000000000000e+00
3.729636337333653295e-01
8.047801080113766714e-01
2.628559755401229103e-01
5.579120094506282435e-01
5.486387251612215854e-01
5.996729275759464795e-01
8.529571051260040893e-01
5.101441296914355217e-01
3.468040190284722435e-01
4.115358952674578186e-01
6.746516872171720580e-01
4.320993041492160458e-01
4.893823510964401824e-01
2.298871722178358057e-01
3.396208452601780503e-01
3.042027601336713127e-01
7.221503475947116391e-01
4.915183156553253885e-01
3.487702445590230016e-01
9.134227066514033488e-01
6.564717339369799953e-01
3.627543783157000101e-01
5.868925115291069305e-01
2.474180185419020961e-01
1.000000000000000000e+00
7.490978413896840493e-01
8.755793795286228587e-01
1.000000000000000000e+00
7.601541787043282206e-01
8.127832383040546338e-01
4.414016884737970714e-01
1.000000000000000000e+00
2.915468363853541134e-01
1.000000000000000000e+00
1.000000000000000000e+00
9.447556029607083738e-01
4.561188812268844872e-01
8.671262204060704581e-01
7.511261191005914606e-01
2.703586964081860500e-01
1.809303255361408014e-01
2.989216701524468611e-01
4.994279624346518176e-01
6.419515849248750294e-01
1.000000000000000000e+00
8.739762007710163427e-01
7.025571759578248532e-01
1.000000000000000000e+00
2.738111188188189216e-01
9.771733080364456425e-01
9.903115331767343710e-01
4.868483990234407921e-01
4.376618269256905003e-01
7.234729143104421389e-01
9.269924930626926018e-01
