2.134080201338363736e+00
2.318593288457270418e+00
-2.746018615538459162e-02
4.509797249609813541e+00
-2.396174543156900372e-01
2.390799070969352957e+00
-3.020089895031710547e+00
1.762252455039420851e-01
-4.481880428177639764e-01
1.055073903005759428e+00
-1.905418037626085193e+00
4.800805143818958620e-01
-1.612802726766109807e+00
-1.597478118054102225e+00
1.921887150324090854e-01
-7.068467456512250724e-01
3.983238670700480100e+00
3.024067479517111856e-03
1.954388508105500355e+00
-6.121046599620751927e-01
-7.949352862400255182e-02
4.935871141282571206e-01
-6.957647404234172939e-01
-4.328749531414882723e-01
-2.629911991688091977e-01
-3.714751123046382997e+00
3.041680257110802366e+00
3.105010428092243480e+00
1.199248572213199582e+00
-3.873413049699688249e-01
-2.437020578564141449e+00
-2.590886524213582121e+00
2.739152009591958592e-01
1.675981858008870895e-01
3.904817853541709405e-01
2.623152295400088985e+00
2.479074933782018597e+00
-2.175508896610850229e+00
-1.238292487115551843e+00
1.974665384922861699e+00
1.415778858966560305e+00
-4.699693762023496646e+00
-1.586596623318395904e+00
-8.483163858689605208e-01
-3.114682721016771794e+00
1.395737021432405411e+00
-2.241997721304234581e+00
5.817722780220385692e-01
-3.332006989030345423e+00
-2.862459511833153947e+00
9.236702871877581211e-01
4.112159772994809614e+00
-9.164303998054168510e-01
1.653802024869870602e+00
7.032944175686661747e-02
1.259020061035154736e+00
-2.615598543710945023e+00
1.660908384089639700e+00
6.811615020178310997e-01
-2.032113990630737277e+00
-1.533944428533709825e+00
-2.215588612531208312e+00
-1.203442166055398221e+00
-5.569930482790685922e-01
-1.885378965548896391e+00
-3.786225592953774144e-01
1.567093156443228663e+00
2.376740595527612188e-01
-3.579627644165984890e+00
-2.914672229822771674e-02
7.649325288936471567e-01
1.087300106973597025e+00
-2.119034056896799356e+00
7.854060944875118633e-02
-3.067696612071241447e+00
9.081198221815569571e-01
-2.674894633125524113e+00
5.451716886008252105e-01
1.288547367959940848e+00
2.222936625371680464e+00
-4.656798425933953212e+00
-1.782177605396332021e-01
-1.716755926973839941e+00
-2.252102728850688962e+00
9.961835623281477536e-01
-3.537481311195640021e+00
2.138454511401274960e+00
6.877737259883461851e-01
-1.641268015297328242e+00
-3.295404599596538198e+00
-4.249881465953935789e-01
2.358175713610530799e+00
-1.372652508467838484e+00
1.505558663770183880e+00
-2.407913050875627459e+00
4.188060030880343731e+00
-2.738109832206697902e+00
-7.061274878777252795e-01
1.250116475112149850e+00
2.605683435838059836e+00
7.579149475528161872e-01
6.886682732715945221e-01
-1.036941379719989786e+00
-2.544029208918614948e+00
-1.206267563567577916e+00
-2.263877833943458207e+00
1.373239890513174633e+00
1.108541788472509060e+00
-2.480454160131706942e+00
-3.569986667919253231e-01
-1.772158401474415168e-01
1.303560062603070113e+00
-4.050478591648906779e+00
-6.462006413852697806e-01
1.333329707898532668e+00
-2.046985485422095241e+00
-1.415344341463785627e+00
3.163071450893065961e+00
-1.416917265894280797e-01
-1.630890690854224445e+00
-4.872563763446496887e-01
3.376635458658666100e-01
-2.220041126324911129e+00
-2.407239222635617182e+00
1.694186709954255354e+00
-1.056132452419992429e+00
3.690451614418436499e+00
-3.996223600655202546e+00
3.553912039269460088e+00
-5.383513501086768516e-01
1.061924951971353170e+00
2.111841785299351848e+00
-3.502464973683850902e-01
-2.588861364794835751e+00
2.116309465782208132e+00
6.273257447384983365e+00
-2.118991345579923191e+00
-8.209896100144520315e-01
-2.575932731498303152e+00
-2.239159847913596124e+00
6.288359767675689715e-01
-2.494283325520872729e+00
1.057068349246303995e+00
9.212680364036022196e-01
2.666040770860719444e+00
-1.198918841411978020e+00
-1.753670385540882171e+00
-2.161599313643351727e-01
3.792728732945638281e-01
3.878470113759370008e+00
1.731556340449556863e+00
2.042639445994744563e+00
-2.053150569015866067e-01
-3.048492289751387752e-01
-1.019276332209311908e+00
-1.426711556291632821e+00
-2.015796218229134240e+00
1.624787295248773855e+00
1.862689897508073011e+00
-3.837265529363663052e+00
1.921043072962828058e+00
-9.577092156362415620e-01
-6.706162003371232139e-01
-4.726767293140706983e+00
-4.222681634537275297e-01
-3.530370506605404302e+00
6.442145988188869854e-01
1.735999559531760994e+00
-1.418904749295947676e+00
8.380714584207590301e-01
1.148181351911882642e+00
2.354945153536734725e+00
-2.883258771994520187e-01
-4.602358814139822507e-01
-1.322198727615949920e+00
1.015829393399546809e+00
3.127904863715581518e-01
1.277834610694237316e+00
-1.959544830020965689e+00
-1.096271309066801924e+00
-2.815794699546178226e+00
-6.874383511436269467e-01
-6.114698211057789656e-01
6.697615035571268249e-01
7.977443436502800189e-01
2.073616714801153282e+00
1.540464925299181331e+00
2.960257741128374587e+00
-1.518290338444092669e+00
9.732923472797450071e-01
6.942594222275060289e-01
2.094720851957376784e+00
-1.897705361745770869e+00
-5.641300021013400112e-01
-1.361796708722651239e+00
-1.856827439532142909e+00
-9.735395789943509515e-01
-1.307470306655050152e+00
-2.773513716618821734e-01
1.141355226442056781e+00
-2.441810490438329762e+00
7.937409851981600539e-01
2.649749525280909790e+00
5.501288214231652152e-01
1.878825858489617140e+00
-1.419893377134379131e-01
7.134249273263851832e-01
-2.461425750528977385e+00
3.608404530316952075e-01
6.412689118660557241e-01
-2.260452966564090005e+00
-5.313479586675728950e-01
3.625558547016838329e-01
4.030996765434846196e+00
-8.882608230499154933e-01
-6.980183135464512745e-01
-4.005586137148140935e+00
4.600170569569566048e-01
-7.878620151428435969e-01
1.918148287812806885e+00
2.903287580043821259e-01
-2.743410648393374451e+00
2.239912922852418831e+00
1.588375280162247938e+00
2.642879788434692845e+00
1.299059874883636279e-01
-1.136957826634655166e+00
9.820229493115827379e-01
1.511543243089676469e+00
1.367748647477606827e+00
1.002675282111185062e+00
4.938118934234116408e-01
1.919019211934852809e+00
1.281559919324216867e+00
-4.864370016126073337e-01
-6.293651469696186496e-01
3.719955151793890025e+00
-1.992166908571446626e+00
-8.730287712213419260e-02
1.388811373438654018e+00
-1.663842422439534507e+00
-2.940305022197613027e+00
2.189995959299221973e+00
6.810309859690701906e-01
8.058786671772882881e-02
-1.742427022973038975e+00
5.291639882905192493e+00
-6.232892169158028572e-01
-1.980706337121587168e-01
1.893719355379970715e+00
-1.839034154277322308e+00
4.762303225017093244e-01
9.021156768627904832e-01
8.913302675513231632e-01
1.233554693066648777e+00
-8.268017749207186018e-01
1.484904188215707910e+00
1.247681723588657032e+00
-1.198724467984173980e+00
2.247667386559585090e+00
1.204138016221795615e+00
-1.771540074059208880e+00
-7.870871975073880922e-01
-7.913192320057151896e-01
-3.971798008541546077e-01
