Generation: 0 45.6239 78.8467 4.7641 15.4336
Generation: 1 39.3455 95.0040 16.6595 18.3502
Generation: 2 57.8429 111.8595 29.1435 15.1355
Generation: 3 51.3341 105.9918 30.1000 15.2160
Generation: 4 56.1719 110.4239 34.4080 14.2187
Generation: 5 68.1773 171.2044 34.3318 17.4025
Generation: 6 57.3121 111.4583 39.2932 12.4298
Generation: 7 53.4578 107.9001 39.0645 10.9443
Generation: 8 59.0192 112.9447 41.2991 9.7391
Generation: 9 56.7974 133.9096 41.4598 10.2405
Generation: 10 54.6000 108.9398 38.6784 13.7694
Generation: 11 53.5452 107.9618 37.0593 15.6001
Generation: 12 56.0352 110.2879 40.1195 11.8000
Generation: 13 47.4952 125.4480 40.1045 13.6194
Generation: 14 52.9663 130.4915 39.0996 15.0172
Generation: 15 56.5123 133.6373 39.2974 14.1484
Generation: 16 54.2043 131.5473 41.1405 11.2067
Generation: 17 54.1761 131.5019 38.3216 14.3960
Generation: 18 52.1362 129.6567 39.9445 12.6923
Generation: 19 58.1667 135.1779 41.6775 11.5793
Generation: 20 65.2246 141.5919 36.8023 16.7630
Generation: 21 55.3259 132.5603 39.0105 14.3108
Generation: 22 57.3727 134.5147 41.3463 14.8339
Generation: 23 57.6345 134.6618 41.2559 12.6984
Generation: 24 60.2165 137.0330 40.2474 13.7326
Generation: 25 57.6057 134.6289 40.4560 15.7909
Generation: 26 58.3830 135.4167 39.6260 14.8978
Generation: 27 60.7156 137.4159 41.9667 12.1756
Generation: 28 60.7045 137.5226 42.7529 10.8589
Generation: 29 57.4043 134.5451 42.5957 11.5919
Generation: 30 59.8557 136.7798 42.0099 10.5147
Generation: 31 58.3175 135.3587 45.5686 7.6875
Generation: 32 60.8686 137.5598 44.8138 8.2258
Generation: 33 61.9436 138.5282 43.8553 8.9796
Generation: 34 58.4158 135.4487 44.3099 10.2788
Generation: 35 57.2389 134.3822 43.6512 7.8519
Generation: 36 59.7311 136.5304 44.9606 8.5446
Generation: 37 61.3383 138.0430 44.8620 7.8503
Generation: 38 57.2870 134.4297 44.5971 9.0531
Generation: 39 59.8270 136.7512 44.6420 8.7930
Generation: 40 60.7207 137.5351 44.5267 9.6611
Generation: 41 58.6292 135.5429 46.0317 8.0873
Generation: 42 60.7201 137.5332 45.6415 10.2969
Generation: 43 60.9694 137.7829 47.2610 9.3069
Generation: 44 65.9579 169.1907 46.6999 10.5496
Generation: 45 58.5632 135.5976 48.2609 9.8183
Generation: 46 60.7907 137.6063 47.3899 8.2035
Generation: 47 59.8830 136.8086 47.8889 10.8778
Generation: 48 61.9077 138.6185 49.4214 8.1287
Generation: 49 60.9077 137.7210 49.3239 8.4562
Generation: 50 61.0613 137.7528 48.9164 10.4501
Generation: 51 61.9202 138.6337 48.5790 10.0611
Generation: 52 62.9953 139.6010 45.8023 13.1793
Generation: 53 66.3914 142.6618 47.1039 13.1976
Generation: 54 66.1932 142.4722 47.0725 9.4483
Generation: 55 64.1873 140.6815 49.2780 8.7240
Generation: 56 63.1853 139.6612 48.6810 10.0016
Generation: 57 67.2913 143.4306 49.2964 13.0726
Generation: 58 70.7855 146.6238 51.1124 7.8725
Generation: 59 63.3994 139.8882 48.6527 12.3385
Generation: 60 65.0988 141.4846 50.8561 11.4480
Generation: 61 62.3575 178.9407 48.4820 13.3692
Generation: 62 60.9045 149.5948 52.3947 8.3273
Generation: 63 70.6116 146.4490 51.5933 10.8402
Generation: 64 67.5101 143.6773 52.1183 10.7707
Generation: 65 60.9020 149.5913 50.2223 12.3788
Generation: 66 64.1537 140.6476 51.7794 8.3115
Generation: 67 66.7730 142.9381 49.5883 14.1818
Generation: 68 60.8549 149.5458 53.4406 6.7576
Generation: 69 65.0464 141.4305 52.7306 6.7684
Generation: 70 68.1667 184.2199 51.3550 11.9551
Generation: 71 61.4446 178.1364 50.9669 12.2471
Generation: 72 70.6649 146.4846 52.8763 9.8073
Generation: 73 65.6994 181.9715 51.3068 10.5497
Generation: 74 63.1100 151.5982 52.4850 11.0797
Generation: 75 65.0953 141.4537 52.3396 8.4729
Generation: 76 60.8816 149.5713 53.5892 9.4952
Generation: 77 60.8680 149.5573 54.3488 8.5447
Generation: 78 63.0959 151.5793 53.7756 9.4296
Generation: 79 61.9946 150.5660 55.3406 5.9306
Generation: 80 61.3762 178.0685 53.4385 10.1064
Generation: 81 60.8590 149.5493 53.5135 7.7607
Generation: 82 63.5537 180.0409 53.9194 10.2811
Generation: 83 62.3874 178.9791 56.0780 5.7045
Generation: 84 69.5290 185.4699 55.9385 6.0789
Generation: 85 60.8782 149.5678 54.3111 9.0015
Generation: 86 64.6197 180.9987 55.0100 7.0140
Generation: 87 60.8505 149.5413 54.1707 8.2263
Generation: 88 60.8461 149.5353 55.8422 6.7612
Generation: 89 61.4873 150.1773 55.9358 8.1675
Generation: 90 65.3160 141.7006 55.5080 5.7201
Generation: 91 60.9258 149.6148 55.2331 7.3947
Generation: 92 70.8188 146.6547 56.0303 6.0595
Generation: 93 67.4780 143.6458 55.3190 5.9625
Generation: 94 64.6467 141.0100 55.4759 6.4719
Generation: 95 70.7639 146.5916 55.6362 7.4982
Generation: 96 67.5063 143.6714 54.3169 8.9013
Generation: 97 66.6869 142.8406 54.4996 8.9703
Generation: 98 66.1702 142.4425 56.4854 5.6107
Generation: 99 60.8978 149.5874 55.8068 8.8788
Generation: 100 71.8363 147.5618 55.3807 8.3497
Generation: 101 70.8778 146.7072 55.7080 7.7262
Generation: 102 69.7203 145.6564 54.6629 11.4247
Generation: 103 72.6790 148.2950 54.4710 12.5559
Generation: 104 72.8132 148.4167 57.4774 6.0860
Generation: 105 62.4303 179.0222 54.2586 11.2736
Generation: 106 63.2033 151.6787 56.5307 5.6925
Generation: 107 60.9202 149.6103 55.4168 7.4937
Generation: 108 60.8786 149.5693 56.8258 5.1655
Generation: 109 69.0279 144.9618 56.7805 5.2690
Generation: 110 69.6800 145.6222 56.9644 6.6214
Generation: 111 62.3449 178.9375 56.9449 6.0098
Generation: 112 62.0128 150.5937 55.7082 6.4593
Generation: 113 58.5765 157.4285 55.0220 7.4328
Generation: 114 62.4689 156.0609 56.6311 6.4439
Generation: 115 68.4358 144.4857 57.0247 5.2514
Generation: 116 62.0062 150.5892 55.3193 10.1379
Generation: 117 68.5083 144.5577 56.0766 6.1044
Generation: 118 69.2699 145.2017 54.5980 7.6909
Generation: 119 62.5051 179.0989 56.8982 6.6027
Generation: 120 60.9149 149.6038 56.0593 10.0692
Generation: 121 68.4745 144.5251 56.4185 8.1407
Generation: 122 63.4395 179.9235 54.7933 11.0544
Generation: 123 70.6744 146.4973 56.7479 6.6697
Generation: 124 63.1773 151.6511 55.8065 9.0269
Generation: 125 57.1350 156.1407 55.9160 8.6261
Generation: 126 60.9266 149.6183 56.0781 8.2765
Generation: 127 63.2890 151.7688 55.8207 8.8124
Generation: 128 66.9764 183.1375 53.8245 12.5632
Generation: 129 60.6948 159.3279 56.6351 6.1487
Generation: 130 61.5743 178.2642 55.6071 6.7880
Generation: 131 67.2985 143.4538 54.0357 8.8340
Generation: 132 68.3223 144.3707 55.5968 7.5048
Generation: 133 69.5291 145.4672 55.7887 10.6933
Generation: 134 68.7730 144.7122 56.0704 5.7866
Generation: 135 60.8786 149.5683 56.2447 8.2735
Generation: 136 62.3717 178.9650 56.4264 9.3571
Generation: 137 63.1367 151.6102 55.8114 10.5028
Generation: 138 62.3428 155.9358 56.6148 5.8682
Generation: 139 67.9115 183.9669 55.7355 8.9132
Generation: 140 60.8711 149.5618 55.0795 12.0142
Generation: 141 63.1385 151.6121 56.7352 7.2934
Generation: 142 62.0179 150.6007 55.6239 9.0561
Generation: 143 60.8578 149.5468 54.5715 10.6149
Generation: 144 60.9099 149.6008 56.1727 8.6400
Generation: 145 61.3624 150.0533 57.4046 5.5665
Generation: 146 60.7915 149.4798 57.6810 4.8073
Generation: 147 62.0112 150.5927 56.9410 5.8502
Generation: 148 63.1598 151.6336 57.5454 5.5134
Generation: 149 64.5672 180.9453 56.2099 6.2274
Generation: 150 71.7866 147.4981 57.2007 5.4988
Generation: 151 63.5043 179.9894 57.3312 5.3781
Generation: 152 64.9989 163.2119 57.9640 5.1220
Generation: 153 62.7169 151.2992 57.5315 5.4831
Generation: 154 62.0243 150.6057 57.8937 4.6053
Generation: 155 63.1923 151.6661 58.7001 5.5083
Generation: 156 63.1527 151.6266 57.5890 5.5516
Generation: 157 62.0507 150.6327 57.9457 5.4213
Generation: 158 60.8632 149.5528 57.9470 4.1958
Generation: 159 62.0741 150.6582 58.3006 4.6959
Generation: 160 60.8332 177.5263 57.4374 5.0162
Generation: 161 62.7415 151.3237 58.5687 4.2946
Generation: 162 61.9985 150.5802 58.1839 4.2197
Generation: 163 63.1346 151.6086 58.5628 4.6908
Generation: 164 62.0545 150.6377 58.9275 5.2360
Generation: 165 63.1369 151.6107 58.2043 4.0840
Generation: 166 62.0018 150.5852 58.0186 5.3539
Generation: 167 62.1099 150.6918 58.8906 5.1488
Generation: 168 62.0123 150.5942 57.7226 5.4219
Generation: 169 64.2647 152.6316 57.8588 4.8202
Generation: 170 62.0705 150.6508 56.5426 5.9621
Generation: 171 63.1349 151.6097 57.4830 6.2503
Generation: 172 62.0253 150.6082 58.8574 4.1202
Generation: 173 62.0605 150.6433 58.3332 4.6904
Generation: 174 62.0195 150.6007 59.0760 4.4449
Generation: 175 62.0424 150.6252 58.7472 5.6773
Generation: 176 67.0219 143.1775 58.3315 5.1119
Generation: 177 63.1628 151.6377 59.4564 4.4366
Generation: 178 63.1723 151.6482 57.9436 4.9405
Generation: 179 64.8375 153.2061 58.9467 4.7746
Generation: 180 64.7725 153.1401 58.2586 5.4195
Generation: 181 63.7812 152.2655 59.1079 5.0140
Generation: 182 62.0625 150.6457 57.9267 4.4838
Generation: 183 62.5436 151.1371 58.6664 5.0710
Generation: 184 63.1535 151.6271 58.4200 5.6540
Generation: 185 63.1865 151.6617 58.0553 5.5593
Generation: 186 63.1491 151.6242 57.9239 5.2175
Generation: 187 60.9079 149.5978 58.4148 4.7517
Generation: 188 63.6302 152.1145 57.6897 5.5374
Generation: 189 63.1527 151.6266 57.8864 4.9071
Generation: 190 60.8673 149.5573 57.8745 5.2838
Generation: 191 60.9082 149.5988 57.6745 4.7481
Generation: 192 63.1566 151.6317 58.4817 5.4299
Generation: 193 63.1603 151.6341 58.2152 5.5630
Generation: 194 63.1137 151.5872 58.7224 4.8731
Generation: 195 62.0133 150.5952 55.7222 8.9662
Generation: 196 63.2451 151.7211 58.4422 5.1164
Generation: 197 63.8056 180.2884 58.1372 4.4887
Generation: 198 63.1790 151.6542 58.7634 4.2714
Generation: 199 63.6395 152.1167 58.3307 5.3554
Generation: 200 62.1904 150.7768 58.3702 5.2981
Generation: 201 70.6333 146.4478 59.0235 5.1989
Generation: 202 62.0666 150.6507 57.7315 5.6437
Generation: 203 60.9241 149.6148 58.0677 4.9053
Generation: 204 62.5666 151.1497 58.2503 5.3071
Generation: 205 66.3451 154.6227 58.3312 4.4846
Generation: 206 63.6718 152.1481 58.6420 4.3110
Generation: 207 65.5725 181.8439 58.6167 5.1234
Generation: 208 62.4693 151.0518 58.6983 5.2102
Generation: 209 63.7242 152.2002 58.7342 4.8206
Generation: 210 64.5024 180.8816 59.1281 4.1033
Generation: 211 62.0235 150.6052 58.1800 5.4370
Generation: 212 63.7615 152.2367 58.2277 4.4817
Generation: 213 64.5333 180.9107 58.3315 5.2306
Generation: 214 63.2046 151.6797 59.0599 4.5798
Generation: 215 63.7380 152.2137 58.5240 5.1639
Generation: 216 63.2116 151.6867 59.0050 4.1378
Generation: 217 63.0518 151.6420 58.8826 4.0560
Generation: 218 63.1349 151.6097 59.4591 4.2460
Generation: 219 64.1390 152.6296 59.3579 4.3392
Generation: 220 63.4134 179.8982 58.7343 5.1736
Generation: 221 66.8454 183.0105 59.2771 3.9970
Generation: 222 62.0187 150.6002 59.6111 4.4069
Generation: 223 62.7604 151.3427 59.1076 4.1744
Generation: 224 65.8203 182.0923 59.9150 3.9768
Generation: 225 63.6286 180.1109 60.1646 4.4073
Generation: 226 62.6614 151.2448 58.7090 4.1787
Generation: 227 62.3932 178.9866 59.7012 3.8721
Generation: 228 64.5950 180.9733 59.9728 4.0756
Generation: 229 62.6101 151.1923 59.1447 4.2417
Generation: 230 67.6815 143.7295 58.7332 4.4209
Generation: 231 63.6841 152.1612 59.6426 4.6674
Generation: 232 61.8495 155.4432 59.3178 4.4608
Generation: 233 63.4255 156.9118 59.2615 4.1152
Generation: 234 62.3640 178.9578 58.3834 4.9340
Generation: 235 62.3522 178.9431 58.1882 5.2630
Generation: 236 62.0484 150.6312 58.5168 6.6065
Generation: 237 69.5173 145.4469 59.0498 4.9940
Generation: 238 63.1958 151.6707 59.2933 6.0273
Generation: 239 60.9329 149.6243 58.7919 4.8191
Generation: 240 70.6436 158.4772 59.1861 5.4044
Generation: 241 61.9533 155.5451 58.6164 5.1088
Generation: 242 63.4936 179.9778 59.3118 4.3904
Generation: 243 62.0626 150.6448 57.7332 4.5484
Generation: 244 65.7420 182.0135 58.9192 4.6603
Generation: 245 62.4170 179.0096 58.8038 4.5193
Generation: 246 63.5802 180.0625 58.0897 6.1441
Generation: 247 70.9311 186.7652 58.6951 4.7028
Generation: 248 68.5298 144.5744 58.4028 5.5041
Generation: 249 62.6985 179.2909 57.0597 7.0274
Generation: 250 62.1571 150.7466 57.8244 5.7413
Generation: 251 64.5236 157.9052 58.7133 5.3959
Generation: 252 68.0210 184.0779 58.2421 5.6645
Generation: 253 67.8937 183.9486 57.9997 5.5690
Generation: 254 64.6598 181.0387 58.2669 5.7281
Generation: 255 68.5722 184.6260 58.7247 5.2104
Generation: 256 62.4342 179.0263 57.7384 5.6408
Generation: 257 68.0188 184.0755 58.3132 5.7636
Generation: 258 66.9224 183.0853 58.9327 3.9588
Generation: 259 66.8964 183.0600 57.6561 5.2503
Generation: 260 66.8215 182.9850 58.8719 4.6218
Generation: 261 62.5839 151.1662 58.8217 4.5838
Generation: 262 70.3167 186.1505 57.9919 5.4048
Generation: 263 69.6405 145.5714 58.4864 4.2075
Generation: 264 62.3412 155.9330 59.2372 4.0204
Generation: 265 62.5431 179.1355 59.4466 4.3846
Generation: 266 63.5682 180.0524 58.5876 5.1663
Generation: 267 64.7532 181.1328 59.0219 4.6412
Generation: 268 64.6800 181.0595 58.5275 5.3507
Generation: 269 62.4315 179.0242 58.1052 5.0126
Generation: 270 66.8717 183.0356 57.0829 7.1539
Generation: 271 62.5133 179.1052 58.5519 4.5243
Generation: 272 62.3851 178.9786 59.0823 4.9354
Generation: 273 63.4733 179.9582 58.5795 5.1135
Generation: 274 62.3724 178.9650 58.5330 3.7662
Generation: 275 65.1589 153.5273 59.1487 3.8813
Generation: 276 65.6391 181.9114 59.2555 5.5866
Generation: 277 63.4389 179.9252 59.3305 4.1519
Generation: 278 62.4565 179.0481 58.9255 4.2816
Generation: 279 64.6070 180.9878 59.6597 3.3989
Generation: 280 64.5376 180.9175 59.5229 3.8779
Generation: 281 62.4465 179.0392 59.6425 4.9128
Generation: 282 63.6524 180.1380 59.0572 3.9733
Generation: 283 68.2384 184.2908 59.7918 4.1950
Generation: 284 62.3438 178.9367 59.1664 4.1131
Generation: 285 66.7881 182.9513 59.9410 4.0043
Generation: 286 63.4151 179.9026 59.1791 4.1903
Generation: 287 68.0180 184.0719 59.4780 4.1541
Generation: 288 64.5570 180.9378 59.5597 4.3627
Generation: 289 63.4825 179.9670 59.4321 4.1181
Generation: 290 67.9433 183.9969 60.5532 3.3537
Generation: 291 67.9885 184.0423 59.7518 4.1966
Generation: 292 65.6573 181.9285 60.0618 4.2030
Generation: 293 67.9439 183.9977 60.1470 4.8036
Generation: 294 66.8759 183.0401 60.1414 4.2129
Generation: 295 67.9553 184.0090 60.1526 4.5400
Generation: 296 62.4617 179.0553 59.3951 4.5800
Generation: 297 66.8115 182.9756 59.7675 4.6206
Generation: 298 68.0403 184.0940 60.5864 4.2177
Generation: 299 63.4875 179.9665 60.4951 4.8077
Generation: 300 68.0331 184.0869 60.4505 3.5709
Generation: 301 68.0163 184.0673 60.5493 4.2945
Generation: 302 65.7566 182.0290 61.4231 4.0706
Generation: 303 66.4348 154.7064 59.6356 3.8578
Generation: 304 63.6361 180.1152 59.3294 4.5485
Generation: 305 68.0791 184.1326 60.5340 4.4544
Generation: 306 69.1902 185.1368 61.3895 3.8195
Generation: 307 67.9626 156.0182 61.0931 4.5709
Generation: 308 68.3253 144.3657 60.4267 4.5871
Generation: 309 64.0778 152.5668 60.5909 5.3406
Generation: 310 66.9296 183.0929 60.6159 4.4707
Generation: 311 62.9244 151.5226 61.0405 4.4662
Generation: 312 71.9473 187.6702 60.9264 4.2239
Generation: 313 62.8952 151.4852 60.9235 3.9181
Generation: 314 63.0200 151.6188 61.2548 4.5920
Generation: 315 63.6753 152.1605 61.5787 3.7600
Generation: 316 64.5704 152.9500 60.7515 4.1546
Generation: 317 65.2621 153.6413 61.0947 4.0186
Generation: 318 70.1132 146.0070 60.7764 4.2733
Generation: 319 66.8734 183.0375 60.5365 4.5072
Generation: 320 67.8677 183.9227 62.2099 4.0348
Generation: 321 70.8788 158.7161 60.4770 5.5624
Generation: 322 64.4703 152.8507 61.6293 4.6613
Generation: 323 61.0544 149.7500 60.8177 3.9533
Generation: 324 62.9429 151.5409 60.4686 4.3104
Generation: 325 65.1981 153.5792 61.2637 4.8123
Generation: 326 62.4835 179.0622 61.1973 3.6361
Generation: 327 62.9348 151.5329 61.0909 4.7246
Generation: 328 59.4603 158.2274 61.8633 4.4187
Generation: 329 61.5453 178.2381 61.5065 3.3520
Generation: 330 68.0996 184.1512 61.3690 4.1769
Generation: 331 67.9530 184.0059 62.1761 3.9312
Generation: 332 67.9180 155.9736 61.8369 4.5539
Generation: 333 68.1692 184.2225 61.1240 5.2164
Generation: 334 66.8031 182.9669 62.1731 4.5309
Generation: 335 68.2789 184.3312 61.2060 4.5586
Generation: 336 68.1894 184.2420 61.0953 4.6195
Generation: 337 64.0971 152.5772 60.6181 5.4727
Generation: 338 69.1546 185.0957 61.4508 4.7216
Generation: 339 64.0772 152.5668 61.8780 4.8186
Generation: 340 67.8890 183.9440 60.8142 4.6651
Generation: 341 64.0292 152.5194 61.3079 3.5083
Generation: 342 68.0351 184.0883 60.7247 4.1762
Generation: 343 68.3695 156.4299 61.2156 4.0703
Generation: 344 69.5106 145.4423 61.5440 3.7392
Generation: 345 63.8542 162.1716 60.9616 4.5499
Generation: 346 63.0216 151.6091 61.2937 4.4886
Generation: 347 68.0871 184.1404 61.8665 3.7081
Generation: 348 69.0245 156.9720 61.8610 4.1996
Generation: 349 68.0562 184.1110 61.6625 3.9413
Generation: 350 68.0288 184.0828 61.6388 4.0032
Generation: 351 68.0579 184.1124 62.2071 3.3517
Generation: 352 67.5103 155.6793 62.2873 4.1007
Generation: 353 67.9046 183.9595 61.4513 4.3517
Generation: 354 70.8104 158.6464 61.7868 4.5531
Generation: 355 68.3230 184.3758 62.3600 4.1590
Generation: 356 68.3081 184.3607 61.6741 4.4175
Generation: 357 68.1093 184.1622 61.8863 3.7223
Generation: 358 60.4228 154.2188 61.9394 3.6767
Generation: 359 68.1909 184.2442 61.2138 4.2413
Generation: 360 62.9860 151.5841 61.6442 3.6297
Generation: 361 68.1933 184.2464 61.2948 5.4443
Generation: 362 68.3428 184.3961 62.1476 4.5698
Generation: 363 62.5107 179.1051 61.6509 3.7586
Generation: 364 63.5987 180.0836 62.1077 3.7534
Generation: 365 68.1260 184.1782 61.5658 4.2391
Generation: 366 68.2268 184.2795 61.5548 4.0859
Generation: 367 66.9105 183.0746 62.5172 3.7958
Generation: 368 68.1477 184.2008 61.6512 4.6710
Generation: 369 68.0893 184.1425 62.4852 3.8289
Generation: 370 68.1184 184.1717 62.0818 3.8752
Generation: 371 68.0152 184.0683 62.5951 4.3282
Generation: 372 68.2206 184.2738 62.1263 4.1737
Generation: 373 68.2369 184.2891 62.2074 4.1279
Generation: 374 68.1706 184.2237 61.8899 4.2445
Generation: 375 68.2073 184.2604 62.5685 4.2267
Generation: 376 68.2440 184.2971 61.8782 4.5313
Generation: 377 67.8992 183.9540 61.5460 4.5048
Generation: 378 67.9335 183.9873 61.2909 4.9084
Generation: 379 68.2015 184.2557 62.7983 3.7056
Generation: 380 68.3084 184.3612 62.2205 4.6741
Generation: 381 68.2585 184.3117 61.4581 4.5087
Generation: 382 69.6971 157.6486 61.0159 5.6223
Generation: 383 64.9921 181.3696 59.9574 6.0988
Generation: 384 68.1879 184.2404 61.8718 5.1096
Generation: 385 69.4267 185.3734 61.8175 5.5282
Generation: 386 67.0676 183.2356 61.8835 4.3585
Generation: 387 62.5569 179.1496 61.5692 4.4369
Generation: 388 68.2918 184.3461 62.1448 4.1161
Generation: 389 70.6655 158.4842 59.8990 6.6903
Generation: 390 65.7702 154.0413 60.6035 5.3071
Generation: 391 68.2718 184.3245 60.4874 5.6576
Generation: 392 62.7294 179.3098 61.8863 4.9511
Generation: 393 65.6584 158.9329 61.4467 4.8264
Generation: 394 68.2748 184.3271 62.1184 4.9673
Generation: 395 62.5614 179.1557 61.6779 4.6594
Generation: 396 68.1501 184.2048 61.5615 5.3401
Generation: 397 68.1550 184.2085 61.3837 5.2510
Generation: 398 64.5553 180.9333 61.2118 5.5281
Generation: 399 63.8138 180.3007 61.5773 4.5951
Generation: 400 68.0342 184.0877 61.5535 5.3464
Generation: 401 67.9802 184.0328 61.2099 5.2557
Generation: 402 68.0157 184.0687 61.2983 4.6114
Generation: 403 65.8148 182.0823 60.9821 4.7470
Generation: 404 68.2035 184.2573 61.0025 4.6840
Generation: 405 64.7848 181.1628 62.3472 3.9422
Generation: 406 68.4058 184.4565 61.9404 5.1029
Generation: 407 69.3576 185.3055 62.3569 4.7228
Generation: 408 68.1706 184.2237 61.6391 4.3062
Generation: 409 70.6693 198.5070 63.0944 3.9489
Generation: 410 68.2209 184.2737 62.3173 4.6281
Generation: 411 68.1706 184.2257 62.0162 4.7202
Generation: 412 68.0504 184.1028 62.3186 4.3980
Generation: 413 68.0395 184.0936 62.7701 4.2187
Generation: 414 68.0999 156.1556 62.3615 4.9814
Generation: 415 70.8210 158.6575 62.8597 3.7358
Generation: 416 68.0630 184.1164 63.2882 3.6759
Generation: 417 68.2263 184.2773 63.2422 3.6955
Generation: 418 68.2583 184.3123 63.4438 4.7192
Generation: 419 68.1251 156.1791 62.8068 4.2279
Generation: 420 68.2947 184.3448 62.1513 4.6986
Generation: 421 68.2966 184.3491 63.2575 4.1460
Generation: 422 68.3275 184.3799 62.9759 4.1096
Generation: 423 68.2660 184.3203 63.1935 3.8813
Generation: 424 68.0649 184.1195 62.6683 4.1029
Generation: 425 68.2892 184.3425 62.5273 4.8590
Generation: 426 68.3016 184.3557 63.5516 3.8542
Generation: 427 68.3030 184.3544 63.0389 3.8574
Generation: 428 68.2668 184.3200 62.5061 4.7549
Generation: 429 68.4409 184.4937 62.7052 4.3223
Generation: 430 68.3477 184.4007 63.0370 3.9880
Generation: 431 68.3342 184.3866 62.7573 4.2047
Generation: 432 62.5610 179.1545 62.2647 4.6911
Generation: 433 69.6735 185.6201 62.3790 4.0648
Generation: 434 70.7554 198.5949 63.4901 3.9892
Generation: 435 68.2690 184.3216 62.9405 3.6521
Generation: 436 68.3041 184.3603 62.4719 4.3959
Generation: 437 70.7179 198.5566 62.6579 4.8074
Generation: 438 68.0902 184.1434 62.9390 3.8383
Generation: 439 68.3944 184.4444 63.0680 4.7743
Generation: 440 66.0290 159.3032 62.7716 3.7955
Generation: 441 68.3517 184.4050 63.1641 3.7527
Generation: 442 68.2879 184.3382 62.9369 3.9424
Generation: 443 68.2528 184.3049 63.7956 3.5662
Generation: 444 68.2735 184.3282 62.5334 4.4318
Generation: 445 62.6696 179.2467 62.7003 4.3774
Generation: 446 70.5121 198.3503 63.1941 3.9113
Generation: 447 69.4295 185.3743 62.7080 3.9353
Generation: 448 68.6383 184.6841 62.3005 4.3926
Generation: 449 68.2067 184.2574 63.0156 4.0079
Generation: 450 70.5749 198.4116 63.2092 3.8995
Generation: 451 62.7931 179.3826 62.0173 5.1081
Generation: 452 68.2567 184.2895 62.3134 4.4250
Generation: 453 69.1131 185.0609 61.8564 5.2458
Generation: 454 68.1909 184.2437 61.0313 6.2713
Generation: 455 68.3905 184.4438 62.9767 4.0198
Generation: 456 62.6337 179.2258 62.7245 4.9271
Generation: 457 70.5334 198.3720 63.2772 4.5914
Generation: 458 68.6182 184.6624 63.2495 4.7231
Generation: 459 69.4275 185.3729 62.2274 4.4287
Generation: 460 70.5887 198.4278 62.4129 4.5253
Generation: 461 68.3567 184.4091 62.1698 4.3997
Generation: 462 70.3146 198.1540 63.2306 3.9325
Generation: 463 68.6872 184.7352 64.0909 3.6610
Generation: 464 70.4189 198.2558 63.8132 3.4647
Generation: 465 68.3359 184.3861 62.6082 4.4459
Generation: 466 70.7373 198.5721 62.7467 3.9259
Generation: 467 68.6058 184.6553 62.4739 4.5574
Generation: 468 69.2575 185.2056 62.9203 4.3118
Generation: 469 70.7034 198.5404 63.2114 4.7909
Generation: 470 69.3973 185.3414 63.2731 4.4175
Generation: 471 69.2889 185.2374 63.0019 4.2202
Generation: 472 70.5524 198.3900 63.2833 4.4162
Generation: 473 68.4727 184.5224 62.7524 4.8030
Generation: 474 68.4902 184.5432 63.1008 3.8967
Generation: 475 68.4370 184.4908 62.6516 4.2638
Generation: 476 70.6471 198.4837 63.5153 4.1663
Generation: 477 70.6108 198.4475 62.6569 4.7279
Generation: 478 69.4339 185.3769 63.0601 4.5418
Generation: 479 70.4864 198.3225 63.5937 4.7014
Generation: 480 70.4283 198.2686 63.1761 4.1467
Generation: 481 70.8099 198.6466 63.3930 4.4000
Generation: 482 70.7283 198.5645 63.2659 4.6541
Generation: 483 70.8784 198.7122 63.8436 3.8959
Generation: 484 70.5921 198.4299 64.1089 3.4442
Generation: 485 70.6144 198.4512 63.1454 4.9979
Generation: 486 68.4609 184.5149 63.3941 4.0874
Generation: 487 69.6994 185.6459 62.9686 4.5592
Generation: 488 70.5903 198.4287 63.7498 3.9888
Generation: 489 69.6101 185.5581 63.9680 4.2432
Generation: 490 70.7683 198.6038 64.4528 3.2750
Generation: 491 70.4093 198.2478 63.4689 3.9664
Generation: 492 70.9209 198.7587 63.1958 4.3741
Generation: 493 69.8127 185.7572 63.4682 3.7839
Generation: 494 68.5950 184.6436 63.3885 4.2142
Generation: 495 69.7609 185.7055 63.2595 4.4001
Generation: 496 70.6224 198.4591 63.7228 4.2328
Generation: 497 70.6118 198.4495 63.6512 4.1090
Generation: 498 70.4521 198.2899 63.8779 3.8595
Generation: 499 70.6072 198.4453 63.9272 3.9832
Generation: 500 70.5709 198.4095 63.5653 4.1251
Generation: 501 70.8231 198.6608 64.3079 3.7590
Generation: 502 70.6174 198.4541 64.0246 3.4626
Generation: 503 69.3892 185.3347 63.8379 3.7111
Generation: 504 70.8500 198.6887 64.4618 3.4640
Generation: 505 70.5084 198.3446 63.7052 3.9105
Generation: 506 70.4544 198.2912 64.1668 3.6931
Generation: 507 70.9224 198.7591 64.0551 3.2818
Generation: 508 70.8074 198.6462 63.7519 4.1656
Generation: 509 68.6857 184.7359 63.4469 3.9368
Generation: 510 70.6740 198.5113 63.8604 3.8201
Generation: 511 70.7656 198.6033 63.1785 3.9662
Generation: 512 70.5874 198.4241 63.4262 3.9008
Generation: 513 70.6597 198.4978 64.1076 4.0784
Generation: 514 68.6468 184.6990 63.5740 4.0312
Generation: 515 68.5870 184.6400 63.7205 3.9180
Generation: 516 70.6686 198.5066 63.5523 3.6150
Generation: 517 70.9206 198.7583 64.0444 3.7743
Generation: 518 70.8486 198.6866 64.5802 3.5165
Generation: 519 70.7337 198.5720 64.4594 3.7962
Generation: 520 68.5438 184.5919 63.9962 3.5252
Generation: 521 70.7871 198.6271 63.9833 3.8560
Generation: 522 70.6911 198.5291 64.4239 3.9901
Generation: 523 70.7881 198.6258 63.5328 4.2108
Generation: 524 70.8649 198.7016 64.2971 4.1013
Generation: 525 70.8556 198.6933 64.2025 3.6364
Generation: 526 70.7030 198.5397 64.8577 3.5527
Generation: 527 70.9164 198.7571 64.9675 3.4458
Generation: 528 70.7604 198.5946 63.2350 4.2818
Generation: 529 70.5521 198.3899 64.0373 3.4484
Generation: 530 70.6261 198.4633 64.8814 3.8087
Generation: 531 68.6548 184.7089 64.3713 4.1258
Generation: 532 70.5446 198.3846 63.6908 4.1996
Generation: 533 70.4717 198.3127 63.6013 4.1155
Generation: 534 70.4867 198.3262 64.2191 4.2287
Generation: 535 70.5756 198.4151 64.5643 3.7262
Generation: 536 68.6056 184.6519 63.4472 4.3445
Generation: 537 69.2759 185.2219 63.4190 4.3876
Generation: 538 70.5761 198.4141 64.0110 4.3958
Generation: 539 70.7049 198.5416 64.8379 3.6183
Generation: 540 70.6415 198.4799 64.3951 3.7155
Generation: 541 70.6656 198.5033 64.1736 3.8431
Generation: 542 70.5261 198.3633 63.8516 3.7935
Generation: 543 70.6617 198.4991 64.0025 4.2510
Generation: 544 70.8066 198.6437 63.8924 4.0650
Generation: 545 70.8561 198.6941 65.2215 3.7675
Generation: 546 70.7667 198.6041 63.2973 4.4551
Generation: 547 70.4074 198.2459 63.3102 4.3468
Generation: 548 70.7556 198.5954 63.3101 4.2500
Generation: 549 70.6200 198.4605 63.7809 3.6983
Generation: 550 70.6786 198.5166 64.5532 4.0643
Generation: 551 69.7987 185.7413 63.1525 4.4324
Generation: 552 69.4143 185.3619 63.3189 3.8523
Generation: 553 69.4962 185.4418 64.5156 3.6971
Generation: 554 69.3537 185.3018 63.7193 4.1538
Generation: 555 69.5132 185.4576 64.4207 3.6660
Generation: 556 70.4944 198.3346 64.1548 3.6000
Generation: 557 70.7370 198.5776 64.1841 4.1440
Generation: 558 70.8387 198.6788 63.9751 3.8474
Generation: 559 68.7393 184.7905 64.6719 3.2089
Generation: 560 69.1878 185.1362 64.3985 4.0146
Generation: 561 70.9722 198.8103 63.9239 3.7066
Generation: 562 70.9663 198.8028 64.2106 3.9027
Generation: 563 68.8188 184.8678 64.1048 3.5917
Generation: 564 70.6133 198.4488 64.1911 3.9424
Generation: 565 70.9004 198.7378 65.0108 3.2361
Generation: 566 69.3455 185.2931 64.6812 3.7015
Generation: 567 70.6890 198.5297 64.9572 3.9975
Generation: 568 70.5243 198.3625 64.0148 4.1923
Generation: 569 69.5402 185.4892 63.9431 3.8112
Generation: 570 68.8445 184.8941 64.5812 3.3216
Generation: 571 70.0352 185.9740 65.2700 3.3962
Generation: 572 69.6627 185.6080 64.3982 3.5454
Generation: 573 68.5884 184.6415 63.6185 4.3523
Generation: 574 70.8688 198.7066 64.4699 3.8586
Generation: 575 68.7296 184.7775 64.2576 3.4897
Generation: 576 70.7189 198.5549 64.7406 3.7662
Generation: 577 69.4424 185.3886 63.6712 4.0178
Generation: 578 69.6636 185.6093 63.7833 4.4839
Generation: 579 70.9284 198.7674 63.6282 3.7396
Generation: 580 70.7703 198.6087 64.2889 4.0261
Generation: 581 69.7549 185.6997 64.1914 3.9364
Generation: 582 70.6445 198.4795 64.1616 3.5886
Generation: 583 70.2516 198.0917 64.5285 3.7981
Generation: 584 68.8517 184.9007 64.0269 3.7128
Generation: 585 69.4227 185.3693 63.9366 3.7193
Generation: 586 68.5665 184.6183 63.6574 3.8329
Generation: 587 70.7170 198.5546 64.0161 3.9126
Generation: 588 70.5490 198.3866 64.7128 3.5551
Generation: 589 70.5830 198.4208 64.9402 3.5284
Generation: 590 70.6029 198.4427 64.4000 4.1340
Generation: 591 68.6490 184.7008 64.4168 3.6893
Generation: 592 70.4742 198.3166 64.0705 4.0444
Generation: 593 70.4207 198.2604 64.9567 3.3295
Generation: 594 70.6637 198.5020 64.8531 3.4481
Generation: 595 69.1872 185.1362 64.6481 3.4845
Generation: 596 69.5013 185.4468 64.1502 3.8835
Generation: 597 70.8410 198.6792 64.0114 3.8826
Generation: 598 70.7709 198.6054 63.6914 3.7350
Generation: 599 70.5007 198.3391 64.4915 3.3755
Generation: 600 68.4791 184.5303 63.8735 3.8299
Generation: 601 70.4430 198.2821 64.3258 3.7561
Generation: 602 70.6224 198.4621 64.6357 3.2642
Generation: 603 69.4478 185.3953 63.9834 3.6058
Generation: 604 69.8604 185.8051 64.0454 3.7443
Generation: 605 70.5973 198.4346 64.1566 3.6615
Generation: 606 68.8278 184.8770 64.7636 3.5177
Generation: 607 69.7068 185.6553 64.4477 3.5317
Generation: 608 70.6809 198.5191 64.0145 3.8853
Generation: 609 70.5795 198.4191 63.9978 4.0895
Generation: 610 68.7439 184.7944 64.3221 3.8812
Generation: 611 70.9962 198.8329 65.0100 3.7635
Generation: 612 70.6677 198.5049 64.3877 3.8969
Generation: 613 70.8690 198.7070 64.6827 3.5141
Generation: 614 70.4357 198.2737 65.7020 3.0669
Generation: 615 70.3932 198.2310 64.7688 3.2778
Generation: 616 69.3591 185.3047 64.6625 3.4688
Generation: 617 70.6555 198.4925 63.8113 4.1903
Generation: 618 69.4670 185.4126 64.5219 3.4442
Generation: 619 69.4706 185.4163 65.6846 3.1326
Generation: 620 70.6330 198.4738 64.5060 3.4674
Generation: 621 70.8765 198.7158 66.3212 3.0146
Generation: 622 70.6436 198.4816 65.2545 3.3492
Generation: 623 70.5199 198.3574 64.6098 3.3933
Generation: 624 68.6185 184.6720 64.6851 3.5250
Generation: 625 70.5230 198.3608 65.0906 3.9059
Generation: 626 70.7698 198.6058 65.2859 3.0391
Generation: 627 70.8684 198.7074 65.2481 3.2367
Generation: 628 70.7392 198.5775 65.1564 3.5551
Generation: 629 69.6135 185.5610 64.8862 3.2292
Generation: 630 70.5421 198.3803 64.8511 3.6079
Generation: 631 70.8340 198.6720 64.4656 3.5621
Generation: 632 70.5530 198.3908 65.6238 3.3788
Generation: 633 70.9724 198.8096 64.5623 3.8879
Generation: 634 69.4244 185.3708 64.8842 3.7811
Generation: 635 70.7580 198.5958 65.3718 3.3472
Generation: 636 68.6433 184.6949 65.0757 3.3567
Generation: 637 70.4426 198.2820 64.3504 3.9849
Generation: 638 69.7098 185.6551 65.4685 3.4047
Generation: 639 70.8930 198.7308 65.6155 3.4908
Generation: 640 70.7776 198.6175 65.4555 3.2590
Generation: 641 70.5596 198.3949 65.6861 2.9544
Generation: 642 70.8066 198.6416 65.2944 3.1827
Generation: 643 70.8739 198.7116 64.5036 3.8291
Generation: 644 70.7085 198.5458 65.6712 3.3823
Generation: 645 70.7302 198.5688 65.5508 3.2683
Generation: 646 70.7974 198.6371 64.9424 3.5479
Generation: 647 70.8021 198.6374 65.8913 3.5856
Generation: 648 70.7762 198.6154 65.1530 3.5625
Generation: 649 70.7053 198.5473 65.7287 3.2544
Generation: 650 70.8649 198.7024 65.4905 3.4851
Generation: 651 70.8280 198.6658 64.9666 3.0901
Generation: 652 70.8552 198.6937 64.9127 3.7567
Generation: 653 70.9568 198.7945 64.9036 3.3068
Generation: 654 70.6170 198.4566 65.4246 3.2472
Generation: 655 70.8667 198.7033 64.9899 3.6133
Generation: 656 69.3171 185.2655 65.0343 3.0870
Generation: 657 70.5502 198.3881 64.6922 3.9866
Generation: 658 70.7331 198.5739 64.9477 3.5586
Generation: 659 70.7649 198.6028 65.0804 3.4346
Generation: 660 70.8524 198.6903 65.2539 3.2480
Generation: 661 70.8046 198.6424 65.1662 3.5050
Generation: 662 70.8397 198.6783 65.2067 3.4827
Generation: 663 70.7419 198.5795 65.0214 3.4958
Generation: 664 70.9082 198.7484 65.1839 3.1541
Generation: 665 70.7466 198.5854 65.5379 3.1461
Generation: 666 70.7077 198.5453 65.0053 3.6522
Generation: 667 70.8560 198.6942 64.7422 3.5617
Generation: 668 70.7121 198.5499 64.1069 3.6543
Generation: 669 70.5532 198.3916 65.0084 3.3634
Generation: 670 71.0274 198.8649 64.9897 4.1994
Generation: 671 70.7905 198.6274 64.4239 4.0130
Generation: 672 70.7092 198.5460 65.4021 3.5739
Generation: 673 70.8322 198.6687 64.1536 4.0258
Generation: 674 70.8328 198.6700 65.3617 3.3664
Generation: 675 70.4321 198.2722 64.3912 3.9418
Generation: 676 70.6845 198.5213 65.1686 3.2605
Generation: 677 70.8867 198.7233 65.5666 3.6682
Generation: 678 70.7373 198.5733 65.3112 3.0477
Generation: 679 70.7770 198.6113 65.5719 3.3230
Generation: 680 70.8974 198.7349 65.3563 3.5775
Generation: 681 70.8824 198.7199 64.7300 4.1308
Generation: 682 70.6920 198.5295 64.8975 3.8570
Generation: 683 70.6952 198.5328 65.2887 3.3634
Generation: 684 70.8508 198.6875 65.2261 3.1039
Generation: 685 70.8966 198.7349 64.8562 3.6028
Generation: 686 70.8933 198.7312 65.6370 3.3632
Generation: 687 70.9167 198.7533 64.9406 3.7161
Generation: 688 70.9145 198.7524 64.8500 3.8725
Generation: 689 70.9307 198.7654 65.5760 3.5159
Generation: 690 70.5839 198.4241 64.7143 3.6803
Generation: 691 70.6692 198.5058 65.6616 3.3016
Generation: 692 70.6733 198.5129 65.6063 3.7645
Generation: 693 70.6732 198.5122 64.8678 3.6545
Generation: 694 70.4395 198.2778 65.2558 3.0908
Generation: 695 70.7254 198.5637 65.7440 2.9690
Generation: 696 71.0573 198.8926 65.8299 3.3862
Generation: 697 70.9276 198.7626 65.6941 3.6908
Generation: 698 70.7994 198.6363 65.1990 3.6953
Generation: 699 70.8786 198.7183 64.9842 3.8622
Generation: 700 70.6124 198.4508 64.8181 4.1325
Generation: 701 70.8724 198.7099 64.3921 4.3217
Generation: 702 70.7492 198.5858 64.9692 3.6617
Generation: 703 70.8749 198.7128 65.4203 3.5068
Generation: 704 70.6896 198.5274 64.6215 3.8815
Generation: 705 70.7225 198.5612 65.3351 3.8079
Generation: 706 70.8292 198.6658 65.7609 3.6377
Generation: 707 70.8781 198.7183 64.9662 3.7922
Generation: 708 70.8626 198.7029 65.1916 3.8148
Generation: 709 70.6798 198.5204 64.7030 3.4079
Generation: 710 70.9849 198.8224 64.6656 3.5651
Generation: 711 70.5455 198.3833 65.0572 3.8194
Generation: 712 70.8212 198.6631 64.9515 3.5777
Generation: 713 70.8280 198.6658 65.1219 3.8163
Generation: 714 70.9552 198.7908 65.0222 3.6360
Generation: 715 70.8167 198.6545 64.5789 3.5370
Generation: 716 70.8245 198.6651 64.5412 3.7017
Generation: 717 70.8336 198.6733 65.5746 3.6020
Generation: 718 70.8703 198.7070 64.2083 4.0260
Generation: 719 70.5412 198.3813 64.9720 3.9587
Generation: 720 70.7408 198.5775 64.6046 3.7626
Generation: 721 70.7355 198.5738 65.3942 3.1735
Generation: 722 70.4344 198.2746 64.8130 3.7778
Generation: 723 70.7471 198.5853 65.4533 3.1537
Generation: 724 70.6971 198.5359 64.6758 3.9196
Generation: 725 70.7608 198.5979 65.3915 3.6999
Generation: 726 70.6543 198.4904 65.5519 3.3947
Generation: 727 71.0400 198.8766 66.0383 3.2323
Generation: 728 70.6812 198.5187 66.0554 2.9602
Generation: 729 70.8730 198.7108 66.3457 3.0154
Generation: 730 70.8904 198.7253 65.6155 3.6243
Generation: 731 70.9049 198.7424 65.4367 3.7419
Generation: 732 70.9037 198.7420 65.7385 3.5594
Generation: 733 70.8705 198.7083 65.8300 3.5968
Generation: 734 71.0363 198.8733 65.3693 3.7014
Generation: 735 70.9157 198.7508 65.5329 3.7581
Generation: 736 70.8043 198.6428 66.3414 3.1154
Generation: 737 70.7655 198.6033 66.0054 3.3707
Generation: 738 70.5886 198.4280 65.5076 3.5415
Generation: 739 70.8072 198.6437 65.9493 3.0693
Generation: 740 70.8969 198.7345 65.9634 3.4128
Generation: 741 70.5394 198.3775 65.6256 3.5232
Generation: 742 71.0324 198.8687 66.1574 3.2764
Generation: 743 70.9208 198.7575 65.4998 3.7635
Generation: 744 70.5585 198.3971 66.1890 3.0048
Generation: 745 70.8035 198.6420 66.1601 3.4470
Generation: 746 70.7332 198.5719 65.8189 3.5869
Generation: 747 70.9618 198.7978 66.1199 3.0483
Generation: 748 70.8774 198.7153 65.5550 3.5385
Generation: 749 70.8156 198.6537 65.3835 3.7049
Generation: 750 70.9057 198.7434 65.8874 3.5470
Generation: 751 70.6396 198.4770 66.3592 2.9853
Generation: 752 70.9265 198.7616 65.5094 3.2049
Generation: 753 69.8612 185.8022 65.9886 3.1617
Generation: 754 70.8132 198.6534 65.9896 3.3924
Generation: 755 70.8747 198.7149 65.7133 3.6528
Generation: 756 70.7794 198.6202 65.5893 3.0877
Generation: 757 70.8685 198.7066 65.9385 3.0610
Generation: 758 70.7203 198.5588 66.0893 3.0084
Generation: 759 71.0328 198.8700 65.7181 3.2284
Generation: 760 70.9235 198.7575 66.0776 3.4828
Generation: 761 70.5802 198.4144 65.1986 3.7729
Generation: 762 70.7769 198.6175 65.7230 3.3183
Generation: 763 71.1698 199.0010 66.5111 2.9951
Generation: 764 70.8742 198.7126 65.9682 3.0218
Generation: 765 70.6723 198.5108 65.4707 3.4183
Generation: 766 70.9982 198.8337 66.2300 2.9743
Generation: 767 70.7674 198.6045 65.3901 3.4851
Generation: 768 70.8628 198.7000 65.7351 3.5227
Generation: 769 70.7008 198.5416 65.8306 2.9838
Generation: 770 70.6473 198.4824 64.9946 3.9111
Generation: 771 70.7250 198.5591 65.7956 3.5059
Generation: 772 70.9952 198.8297 65.4174 3.6311
Generation: 773 70.6994 198.5396 65.4962 3.6372
Generation: 774 70.9174 198.7566 66.4766 3.0163
Generation: 775 70.8958 198.7345 65.6345 3.6327
Generation: 776 70.4818 198.3221 65.4075 3.1404
Generation: 777 70.6874 198.5262 65.1415 3.4959
Generation: 778 71.2009 199.0327 65.8471 3.4477
Generation: 779 71.1636 198.9950 65.2833 3.3200
Generation: 780 70.8183 198.6554 66.6822 3.0435
Generation: 781 70.9480 198.7800 65.9693 3.1329
Generation: 782 70.8804 198.7191 66.2432 3.2485
Generation: 783 70.8467 198.6850 65.7912 3.2892
Generation: 784 71.0794 198.9108 65.8542 3.1468
Generation: 785 70.6349 198.4721 65.7750 3.3185
Generation: 786 70.9818 198.8141 65.8653 3.3718
Generation: 787 70.8471 198.6849 65.7093 3.3063
Generation: 788 70.6940 198.5337 66.1967 3.0967
Generation: 789 70.8459 198.6820 65.7025 3.1434
Generation: 790 71.0705 198.9045 66.0029 3.1390
Generation: 791 71.0050 198.8412 66.1745 2.8669
Generation: 792 70.8676 198.7075 66.0642 3.0645
Generation: 793 69.8361 185.7809 65.5662 3.2072
Generation: 794 71.0747 198.9097 65.9423 2.9592
Generation: 795 70.8337 198.6712 66.0460 3.1890
Generation: 796 70.9573 198.7979 66.1088 3.3439
Generation: 797 70.7204 198.5581 65.5606 3.3871
Generation: 798 70.5281 198.3620 65.1898 3.2417
Generation: 799 70.6370 198.4762 66.0424 2.8953
Generation: 800 71.0670 198.9025 65.1781 3.5019
Generation: 801 70.8317 198.6658 65.9579 3.2179
Generation: 802 70.8566 198.6949 65.8651 3.0616
Generation: 803 71.0015 198.8387 66.2168 3.3848
Generation: 804 70.9977 198.8501 66.4419 3.0681
Generation: 805 70.4717 198.3118 66.0795 2.8077
Generation: 806 71.2767 199.1108 66.3040 3.1160
Generation: 807 70.9248 198.7629 66.2839 2.9272
Generation: 808 70.6004 198.4374 65.6820 3.2949
Generation: 809 71.0352 198.8663 65.8035 3.3592
Generation: 810 70.8202 198.6610 66.0267 3.0439
Generation: 811 70.6474 198.4845 66.1033 3.0097
Generation: 812 70.9595 198.7987 66.5902 3.1514
Generation: 813 71.2415 199.0745 66.1696 3.3462
Generation: 814 70.9388 198.7734 66.0014 3.0417
Generation: 815 70.8837 198.7204 66.4650 2.7663
Generation: 816 71.1131 198.9487 67.0094 2.7396
Generation: 817 71.0348 198.8664 65.9610 3.3037
Generation: 818 71.1135 198.9460 66.2887 3.4883
Generation: 819 71.0041 198.8359 66.5551 3.0545
Generation: 820 70.8491 198.6874 66.2178 3.2410
Generation: 821 70.6897 198.5241 66.4968 2.9369
Generation: 822 70.9513 198.7854 66.9061 2.8477
Generation: 823 71.2298 199.0610 65.5823 3.2024
Generation: 824 70.8345 198.6695 66.5775 2.7539
Generation: 825 70.9245 198.7595 65.8926 3.1940
Generation: 826 70.8760 198.7141 65.6604 3.4042
Generation: 827 71.0123 198.8439 66.1306 3.1684
Generation: 828 70.9495 198.7849 66.5744 2.9682
Generation: 829 70.9238 198.7579 66.1314 3.0244
Generation: 830 70.8585 198.6924 65.1935 3.5360
Generation: 831 70.7379 198.5733 65.8405 3.0580
Generation: 832 70.8054 198.6403 65.8860 3.2719
Generation: 833 70.8854 198.7216 65.6710 3.6749
Generation: 834 70.7331 198.5660 66.1063 3.2598
Generation: 835 70.7324 198.5703 65.9889 3.0071
Generation: 836 70.8934 198.7295 65.8795 3.5030
Generation: 837 70.9415 198.7787 65.9118 2.8093
Generation: 838 71.0533 198.8880 65.4650 3.4261
Generation: 839 71.1994 199.0324 65.4795 3.5515
Generation: 840 70.9885 198.8221 65.8885 3.1526
Generation: 841 70.8176 198.6550 65.5360 3.2928
Generation: 842 71.0284 198.8645 65.8377 3.2599
Generation: 843 71.1121 198.9466 65.6852 3.6069
Generation: 844 70.9824 198.8358 65.7099 3.3647
Generation: 845 71.0715 198.9070 64.9673 3.5887
Generation: 846 70.8636 198.7012 65.5162 3.5013
Generation: 847 71.0431 198.8808 65.6110 3.3437
Generation: 848 70.7633 198.5980 65.6424 3.0275
Generation: 849 70.7196 198.5591 65.9269 2.9469
Generation: 850 70.7024 198.5399 65.7348 2.9795
Generation: 851 70.8470 198.6858 66.1056 3.0422
Generation: 852 71.1239 198.9554 66.4459 3.1129
Generation: 853 70.6773 198.5155 65.3030 3.4874
Generation: 854 70.8517 198.6883 65.2898 3.3485
Generation: 855 70.9915 198.8259 66.6609 3.0949
Generation: 856 71.0120 198.8512 65.8214 3.2158
Generation: 857 70.8732 198.7129 66.1971 2.9972
Generation: 858 70.7817 198.6158 66.2633 3.1734
Generation: 859 71.0821 198.9171 66.2340 3.2972
Generation: 860 70.8390 198.6762 65.7772 3.3572
Generation: 861 70.9308 198.7679 65.8245 3.5043
Generation: 862 70.6224 198.4616 66.3771 2.8425
Generation: 863 70.8101 198.6504 65.9317 3.0642
Generation: 864 70.7251 198.5654 65.8343 3.2640
Generation: 865 70.8292 198.6633 66.2054 3.2082
Generation: 866 70.9585 198.7997 65.7933 3.2544
Generation: 867 70.8084 198.6445 65.8567 3.1987
Generation: 868 70.9945 198.8337 65.8096 3.3449
Generation: 869 70.8222 198.6563 65.4986 2.9137
Generation: 870 70.8779 198.7166 65.5260 3.1745
Generation: 871 70.9845 198.8195 65.6781 3.0077
Generation: 872 71.0800 198.9166 65.9900 2.9668
Generation: 873 70.9485 198.7866 65.6936 3.4229
Generation: 874 71.0370 198.8745 65.8955 2.7441
Generation: 875 70.8674 198.7049 66.4392 2.6772
Generation: 876 70.9248 198.7593 65.9830 2.9462
Generation: 877 71.0672 198.9013 65.9298 2.8759
Generation: 878 71.0392 198.8733 66.2066 3.0367
Generation: 879 70.9378 198.7750 65.4179 3.3569
Generation: 880 71.2057 199.0368 66.1450 3.1350
Generation: 881 70.8702 198.7087 65.6809 3.4728
Generation: 882 70.7574 198.5949 65.6377 3.4555
Generation: 883 70.9920 198.8291 65.4206 3.6356
Generation: 884 70.8515 198.6912 65.5566 3.0845
Generation: 885 70.9683 198.8030 65.6678 3.3624
Generation: 886 70.7608 198.5975 65.2264 3.6546
Generation: 887 70.8832 198.7143 65.2722 3.3036
Generation: 888 70.7738 198.6079 65.7317 3.4400
Generation: 889 70.8583 198.6971 65.2264 3.5986
Generation: 890 70.9024 198.7372 66.0206 3.1011
Generation: 891 71.0647 198.8988 65.6070 3.9008
Generation: 892 70.9835 198.8216 65.7524 3.6386
Generation: 893 71.0098 198.8435 65.1116 3.5391
Generation: 894 71.1490 198.9807 65.4963 3.1165
Generation: 895 70.9248 198.7599 65.1118 4.0813
Generation: 896 70.5354 198.3735 65.3593 3.5427
Generation: 897 70.5026 198.3399 65.4898 3.0354
Generation: 898 70.9341 198.7712 65.3558 3.1536
Generation: 899 71.1624 198.9954 64.9763 4.2502
Generation: 900 69.6859 185.6313 65.1629 2.9905
Generation: 901 70.8272 198.6608 65.3256 3.2891
Generation: 902 70.6153 198.4524 65.1267 3.5942
Generation: 903 70.3774 198.2178 65.1026 4.1373
Generation: 904 70.8420 198.6770 64.9742 3.6013
Generation: 905 71.0652 198.8987 65.4785 3.6649
Generation: 906 70.9104 198.7504 65.2412 3.5378
Generation: 907 70.8479 198.6841 65.0684 2.9756
Generation: 908 70.7584 198.5945 64.8628 3.7395
Generation: 909 70.6419 198.4804 64.7949 3.9657
Generation: 910 70.5949 198.4304 65.5588 3.1207
Generation: 911 70.8083 198.6450 65.4165 3.7487
Generation: 912 71.1837 199.0162 65.8134 3.2537
Generation: 913 71.2081 199.0416 65.2911 3.4593
Generation: 914 70.9991 198.8383 65.6709 3.6167
Generation: 915 70.8633 198.7000 65.5537 3.3013
Generation: 916 71.2512 199.0852 65.5568 3.0643
Generation: 917 70.8251 198.6654 65.7023 3.5993
Generation: 918 71.0714 198.9033 65.5087 3.5312
Generation: 919 70.6892 198.5258 65.2763 3.9407
Generation: 920 70.9247 198.7649 65.3826 3.6185
Generation: 921 70.4186 198.2566 65.5647 3.3892
Generation: 922 70.6849 198.5224 65.3771 4.2678
Generation: 923 70.7744 198.6152 65.3627 3.4653
Generation: 924 70.6715 198.5095 65.6301 3.4148
Generation: 925 71.2723 199.1039 65.2560 3.8658
Generation: 926 70.9580 198.7945 65.8351 3.7818
Generation: 927 70.6786 198.5141 66.4153 2.9812
Generation: 928 70.9515 198.7891 65.7883 3.6309
Generation: 929 71.1994 199.0337 66.0403 2.9856
Generation: 930 71.0046 198.8395 66.0254 3.4212
Generation: 931 70.9174 198.7504 65.4729 3.5349
Generation: 932 70.7894 198.6270 66.2442 3.2059
Generation: 933 71.0577 198.8937 66.0086 3.7586
Generation: 934 70.8616 198.7009 65.7588 3.1723
Generation: 935 70.8930 198.7254 65.8419 3.2165
Generation: 936 71.2230 199.0554 65.6569 3.4581
Generation: 937 70.7951 198.6337 66.3550 2.9900
Generation: 938 71.0679 198.9045 66.1935 3.2948
Generation: 939 70.8483 198.6789 65.9885 3.0878
Generation: 940 71.3199 199.1529 66.3476 3.0384
Generation: 941 69.9415 185.8807 65.7489 3.0472
Generation: 942 71.0404 198.8753 65.7109 3.1561
Generation: 943 70.6694 198.5050 66.1214 2.9922
Generation: 944 71.0697 198.9038 66.5050 2.6765
Generation: 945 70.9645 198.7995 66.0565 3.0808
Generation: 946 70.9059 198.7403 66.1100 2.9404
Generation: 947 70.7887 198.6224 65.9913 3.0535
Generation: 948 70.4730 198.3108 65.9462 2.9559
Generation: 949 70.9044 198.7420 65.6221 3.2567
Generation: 950 70.9681 198.8062 66.0787 3.1228
Generation: 951 70.0479 185.9897 65.9622 3.0597
Generation: 952 71.2577 199.0888 65.5019 3.5191
Generation: 953 70.9712 198.8083 66.1970 3.1791
Generation: 954 70.8888 198.7234 66.2103 3.0178
Generation: 955 70.9308 198.7679 65.1465 3.4118
Generation: 956 70.9728 198.8133 65.5782 3.5625
Generation: 957 70.8792 198.7158 65.4153 3.4074
Generation: 958 70.6081 198.4420 65.2976 3.5813
Generation: 959 70.6861 198.5246 65.5615 3.6958
Generation: 960 70.9233 198.7604 65.7832 3.3909
Generation: 961 71.0013 198.8374 66.0732 3.5836
Generation: 962 70.7403 198.5822 66.1145 3.0656
Generation: 963 70.7987 198.6354 65.8602 3.3136
Generation: 964 70.5129 198.3510 64.9132 3.6584
Generation: 965 70.9583 198.7950 65.9441 3.1802
Generation: 966 70.8245 198.6633 65.5311 3.9915
Generation: 967 69.6631 185.6094 65.3354 3.6736
Generation: 968 70.7256 198.5641 65.8345 3.1959
Generation: 969 70.7907 198.6308 65.5210 3.2797
Generation: 970 69.8415 185.7835 65.3806 3.1261
Generation: 971 70.6441 198.4842 65.5156 3.6242
Generation: 972 70.8916 198.7283 65.4354 3.7497
Generation: 973 70.7599 198.5974 65.0132 3.4784
Generation: 974 70.9351 198.7733 65.3975 3.4633
Generation: 975 70.9624 198.7996 66.0862 3.3239
Generation: 976 70.8187 198.6579 65.4633 3.7796
Generation: 977 71.0141 198.8542 64.8341 3.7163
Generation: 978 70.8958 198.7345 65.2079 3.5651
Generation: 979 70.8466 198.6779 65.7329 3.4970
Generation: 980 70.7440 198.5820 65.6247 3.9617
Generation: 981 71.0948 198.9264 65.5020 3.5614
Generation: 982 70.8039 198.6383 65.5775 3.6194
Generation: 983 71.1458 198.9773 65.6367 3.2923
Generation: 984 70.7533 198.5904 65.1169 3.4322
Generation: 985 70.7625 198.5996 65.9081 3.0416
Generation: 986 70.7308 198.5679 65.4988 3.5351
Generation: 987 70.9622 198.7963 65.9092 3.6128
Generation: 988 70.6731 198.5070 65.7255 3.1741
Generation: 989 70.8624 198.6999 66.3753 2.7781
Generation: 990 70.8817 198.7183 65.9525 3.2226
Generation: 991 70.7813 198.6159 66.3312 3.0508
Generation: 992 70.6224 198.4599 65.7013 3.5287
Generation: 993 70.9267 198.7578 66.1371 3.3222
Generation: 994 71.1864 199.0203 66.2651 2.7632
Generation: 995 70.7824 198.6195 65.8538 3.0693
Generation: 996 70.7727 198.6083 65.4189 3.1235
Generation: 997 70.9778 198.8158 65.7491 3.0722
Generation: 998 70.9495 198.7833 65.7767 3.2007
Generation: 999 71.0083 198.8416 66.3809 2.6843
