1.163831671170317550e-01
2.854330744453330571e-01
1.978667270028388048e-01
9.312360273274922218e-02
1.845589917372041089e-02
1.715978789784349257e-01
4.911340900903207740e-02
-3.843350097166117751e-03
-9.123381982387020195e-02
-1.343088499898542620e-01
-9.233212270993605697e-02
-2.562754063172555941e-01
-2.699207390103194326e-01
1.838717559388375333e-01
1.349624297475584545e-01
-3.586309474665932973e-01
-7.472312623877698512e-02
1.413275810204455418e-01
3.017667483809662321e-01
-2.903964255784995396e-01
-2.541767734354780095e-01
-1.883055851587483176e-01
-4.853407642506391007e-02
-7.813362929961066572e-02
-7.947690623395997633e-02
3.984660825782709304e-01
5.691802424712748276e-02
2.365666618713768155e-01
2.680617937685638580e-02
9.464878422970043892e-02
2.506900066169291952e-01
-2.246974963597492270e-01
-1.896523590468880138e-01
1.193438008136042533e-01
-1.896774332151323905e-01
3.203696667651501073e-01
3.951172922048672986e-01
-2.065729656237744738e-01
-4.552992669175064122e-02
-2.419498052154338275e-01
1.795462081104184579e-02
2.306765575355800291e-01
3.091991689746115962e-02
4.867707758092362225e-01
-2.727851313212341644e-01
2.823676581495336846e-01
-1.598698535871144744e-01
9.393095049130548158e-02
-2.291685331673429527e-01
-1.479704262137082615e-02
-5.649407694973100913e-01
9.092204892644573100e-02
-3.884106649751294382e-01
-2.205365586294825986e-03
-8.818277266905491518e-02
-3.324137948920603547e-01
-1.927937509542175243e-01
1.185093196128389759e-01
9.776939657897276703e-04
-7.835791401108921361e-02
5.939643898533110422e-02
-4.079322508305195660e-02
-4.318729053793067818e-01
-2.614592222381506570e-02
1.195237420946910004e-02
3.148940921589417075e-01
1.978324234907871682e-01
1.321176147831341074e-01
-3.142029881850468831e-01
1.829027738137759540e-01
6.245575645729608411e-02
5.464182715759531295e-01
3.605080579234200971e-02
2.236876670740184370e-01
2.352767218688772977e-01
-2.076814433809424099e-01
-2.121142845192365844e-01
-2.671511860769063551e-01
1.435935807328455605e-01
-9.003132690254996018e-02
-1.676859284993903187e-01
5.312221815708123573e-02
8.039294828351908895e-02
1.080019239835835199e-01
1.612075367979934892e-01
-1.338688139423534207e-01
-3.677228735980089258e-01
2.183376758295968445e-01
5.170558339289839378e-02
-8.556660403528273950e-02
-3.815973308626433025e-02
4.957884895237023581e-01
1.285178745826863755e-01
1.504355961472408909e-01
1.195100574228351031e-01
-5.713090262546907105e-01
-8.640440184122433198e-02
-2.207627643192107969e-01
2.436441992919809729e-01
-1.194749863902358766e-01
1.515622363684395180e-01
1.445864340786323643e-02
1.069073768465838431e-01
1.352614135789721450e-01
-2.455671754049195687e-01
-3.758111027250697622e-02
-4.887107393439531211e-02
-1.706132526391157811e-01
-2.655812155305798949e-01
2.908441389986727299e-01
-2.190658194476960974e-01
2.458347703902721282e-01
-1.743964483019486700e-01
1.076291896002202070e-01
7.665131202493020990e-02
8.816381039611004278e-02
1.518471239622314339e-01
-1.626662235442263293e-01
-3.648560971406474007e-02
-6.257907313712951503e-02
2.106422660823979998e-01
-1.374908630257780928e-01
1.390534617257271899e-04
-3.817689900642498579e-02
-1.092088493600274213e-01
4.514899019629532023e-02
3.391185318187134312e-02
-1.357469424465580776e-02
-1.965556035628270304e-01
-5.258147595278841319e-02
1.297441575886496348e-02
6.230297332691772105e-01
2.577474751357858862e-01
-2.405977763810224490e-01
1.182555799707771249e-01
3.750800366059262037e-02
3.230805894387688004e-02
-9.655549549159764267e-02
2.178315273051591450e-01
2.249589855715539502e-02
-3.079886640319428048e-01
-4.481102376651072139e-02
-2.721322738081120851e-02
-3.027825731498525741e-01
1.285936656624055430e-01
-1.820141933825609182e-01
-1.080874071469895004e-03
1.031566797275335901e-01
-3.662719874073010473e-01
1.556606183228129159e-01
-1.365069773889151794e-01
1.383479824700547568e-02
-2.227622770349239889e-01
-2.793602763760063556e-01
2.212040743701025880e-01
-9.264602461311774451e-02
-3.082915759169535530e-01
-3.068628615075297966e-02
7.573071643597562019e-01
-9.831428970483384322e-02
2.323440618293813875e-01
-3.067396655279034934e-01
-2.621931294285330116e-01
3.910572212462829628e-02
-3.995843196668484865e-01
1.121212145179042996e-02
-1.453878262408159205e-01
4.503472285515165707e-02
-1.400150899944999638e-01
2.628671956307068736e-02
-1.789176559790131571e-01
1.188264797790265503e-01
3.006885332156170043e-02
-6.819020981586396135e-02
-2.267128806764879406e-02
-2.036026981482856879e-01
8.054861201995131004e-02
-4.307125996515928645e-02
1.441397265311595843e-01
1.925978047833163953e-01
-1.027584955547555384e-01
2.868999073860828419e-01
1.808935560115191299e-01
1.559388917521152274e-01
-3.778363976429544024e-02
3.038414567296048724e-02
1.200698946178569981e-01
7.034102221179801273e-02
2.071344081384944580e-02
1.058696752182151785e-01
2.357939105057114612e-02
-1.482800701892610096e-01
1.068780019647507101e-01
-1.382343753561307287e-01
4.415983018583880676e-02
-1.231090471112437496e-01
-6.522488316272898046e-02
-1.738082338320254272e-01
9.145579330745985669e-02
1.899202806056350668e-01
3.261271368836699547e-01
-1.692209729742600033e-01
2.613027922923641388e-01
-1.214899384940813232e-01
7.394537277704554823e-02
-8.615617312374129755e-02
1.506810218903046061e-01
-1.678437954395745335e-01
-8.713527941223746243e-02
4.765206516505526846e-02
-7.649194748155396795e-02
-2.418717529320050519e-01
3.818874180554888698e-01
1.047200800880250526e-02
-1.272085569345934863e-01
-2.989028454170014615e-01
1.717020998938311727e-01
-2.105906448829338307e-01
-1.399844765688454395e-02
-2.690891030838305498e-01
-4.585155428454682491e-01
8.737187153510610205e-02
-9.944335283683534976e-02
3.635382925932380549e-01
4.333125607783574473e-01
-3.691270274213524494e-01
-1.415116044911133852e-01
3.469755318665931898e-03
-1.575708460861590388e-01
1.667809327378246831e-01
5.798807978783644679e-02
-5.275479875258388268e-02
1.707321751297098955e-01
3.070467472927759789e-01
1.661078171037445039e-01
8.315952469728635221e-02
-4.232127871390790608e-01
-1.097099455858323441e-01
-1.615925660067417391e-02
3.015152439521107119e-01
1.668195773984165742e-02
-1.445854364483215304e-01
-1.402225028791845296e-01
2.959514568143873370e-01
-2.547626724609241555e-01
5.383822951942476842e-02
-1.091200442769682671e-01
-1.283621905790662820e-01
1.829823770169454189e-01
-8.281913623380064704e-02
8.082961649688188976e-02
-2.278091628790253620e-01
1.558960349455744410e-01
8.192749794460356394e-02
-2.717541071058795499e-01
-1.806397323040360714e-01
-1.175047644388446666e-02
1.312937676510431972e-01
3.113381130750362408e-02
6.134552257987023749e-01
-1.934164563602888409e-01
-1.082599343897918814e-01
7.368163781980480165e-02
-2.314817699632589210e-01
-1.548266291270047890e-01
