Generation: 0 -2.9906 2.3650 7.1291 20.2737
Generation: 1 71.9532 3.3650 6.2725 19.1113
Generation: 2 76.6610 3.5650 6.5149 18.9631
Generation: 3 71.9532 3.3650 8.5272 19.8386
Generation: 4 50.3140 3.5950 23.8925 30.8365
Generation: 5 72.0431 3.4650 36.0954 32.7255
Generation: 6 78.8080 5.5950 22.5471 28.7613
Generation: 7 70.0569 3.6400 27.8151 29.4792
Generation: 8 63.5528 3.9500 38.5892 26.9630
Generation: 9 70.0866 3.7000 51.8025 26.3543
Generation: 10 71.9532 3.3650 22.0178 28.6398
Generation: 11 74.5935 3.7450 35.1047 28.3493
Generation: 12 76.4854 3.4300 44.1053 29.9964
Generation: 13 79.6225 4.3100 55.2625 26.7500
Generation: 14 74.3682 3.5300 55.4546 26.8462
Generation: 15 69.8913 3.5300 66.0234 15.1366
Generation: 16 71.9532 3.3650 69.1665 12.0730
Generation: 17 76.3695 5.3850 66.1096 17.6576
Generation: 18 56.9430 3.5300 68.6350 10.1147
Generation: 19 90.4073 6.0450 69.9250 8.2044
Generation: 20 71.9598 3.3650 68.1347 12.9065
Generation: 21 52.7361 3.7400 67.6789 10.1679
Generation: 22 82.0588 4.5050 69.6684 7.7758
Generation: 23 74.4687 3.6050 69.6351 9.8266
Generation: 24 66.0574 3.9450 70.2102 6.3115
Generation: 25 74.2482 3.4100 70.9929 5.1672
Generation: 26 68.1410 4.0450 68.7406 11.8000
Generation: 27 55.7688 4.4000 70.4967 8.7055
Generation: 28 72.0729 3.7800 70.2464 8.5905
Generation: 29 71.9532 3.3650 69.7047 11.4151
Generation: 30 71.9532 3.3650 71.6721 2.7939
Generation: 31 71.9532 3.3650 70.4369 7.8759
Generation: 32 71.9532 3.3650 70.8845 8.0746
Generation: 33 71.9532 3.3650 70.1618 10.7175
Generation: 34 71.9532 3.3650 71.8851 0.6634
Generation: 35 71.9532 3.3650 71.5796 2.6553
Generation: 36 69.7086 3.4000 59.9208 23.4147
Generation: 37 72.1532 3.5650 58.9291 23.3335
Generation: 38 69.9423 3.6150 63.7153 15.8071
Generation: 39 72.2136 3.7400 65.3622 14.8245
Generation: 40 67.9087 3.8150 67.5364 11.8358
Generation: 41 69.9032 3.5650 63.7712 16.3041
Generation: 42 57.3080 3.8100 66.7880 15.2112
Generation: 43 67.6907 3.6150 68.3335 10.8471
Generation: 44 71.9532 3.3650 67.5249 15.8007
Generation: 45 71.9532 3.3650 69.4406 10.1178
Generation: 46 77.1326 6.1050 70.4133 7.1536
Generation: 47 76.8363 5.8300 70.3342 6.5165
Generation: 48 69.9878 3.6800 68.3529 12.2823
Generation: 49 52.4840 3.5750 67.8840 9.8577
Generation: 50 65.6666 3.7500 69.0081 7.6886
Generation: 51 58.8918 3.7250 65.3608 14.0934
Generation: 52 67.5445 3.5250 67.6471 9.7432
Generation: 53 79.3911 6.1050 65.1987 12.7125
Generation: 54 54.8010 3.6350 67.1508 12.0571
Generation: 55 77.0144 6.0000 65.6770 13.4867
Generation: 56 79.0966 3.8700 64.6433 13.2396
Generation: 57 66.1992 3.8650 67.3374 9.9282
Generation: 58 63.4746 3.7700 63.3904 12.9457
Generation: 59 70.1087 3.7650 66.7375 10.4959
Generation: 60 67.9750 3.7700 66.7131 13.0389
Generation: 61 72.8666 6.2250 65.5621 12.8322
Generation: 62 77.0294 6.0250 64.6976 11.6040
Generation: 63 70.1193 3.7650 64.2058 13.2508
Generation: 64 66.4180 4.0250 64.4549 13.3928
Generation: 65 78.9248 5.6750 60.6436 13.7175
Generation: 66 91.3019 6.8650 59.3264 15.0994
Generation: 67 72.4701 5.8650 62.1818 12.9885
Generation: 68 81.2606 5.7550 63.6449 12.6618
Generation: 69 77.0676 6.0400 65.2722 12.2098
Generation: 70 66.0555 3.7400 67.0835 10.0329
Generation: 71 67.0030 4.6100 63.8410 14.0548
Generation: 72 70.3893 6.0000 64.0436 11.9611
Generation: 73 61.2671 3.8150 62.9526 13.8189
Generation: 74 74.6679 3.8150 63.5278 12.6436
Generation: 75 78.9917 5.7600 60.4929 13.0840
Generation: 76 77.0676 6.0400 60.9129 13.6718
Generation: 77 64.1153 3.9650 61.8205 13.6341
Generation: 78 66.2000 3.8100 60.6943 14.0954
Generation: 79 70.2921 5.9250 61.6015 13.3167
Generation: 80 70.0254 5.6900 61.2201 14.3174
Generation: 81 79.0511 5.7900 65.2935 13.9399
Generation: 82 83.8161 6.0400 64.3831 12.5894
Generation: 83 83.8176 6.0400 59.2851 14.5743
Generation: 84 70.4152 6.0400 65.0108 11.4835
Generation: 85 69.8239 5.4450 62.0103 11.8082
Generation: 86 72.6674 6.0400 62.8973 12.3871
Generation: 87 79.3161 6.0400 62.2175 14.5638
Generation: 88 72.6686 7.3613 62.2788 13.2471
Generation: 89 83.8176 8.6825 61.8902 14.8150
Generation: 90 77.0676 10.0038 61.7803 14.0378
Generation: 91 79.3395 11.3250 65.0527 10.3531
Generation: 92 79.3153 12.6463 60.8565 14.5239
Generation: 93 86.0661 13.9675 62.0789 11.4433
Generation: 94 70.4152 15.2888 60.8033 13.1794
Generation: 95 76.8463 16.0600 61.9552 15.6473
Generation: 96 77.0676 17.9313 61.7524 15.6435
Generation: 97 77.0676 19.2525 62.9765 11.9552
Generation: 98 76.6777 19.3816 61.5792 14.7039
Generation: 99 72.6663 21.8950 65.8874 9.6226
Generation: 100 83.8769 23.4084 62.9201 13.4875
Generation: 101 83.8161 24.5375 63.2351 11.2924
Generation: 102 77.0668 25.8588 62.4044 11.6657
Generation: 103 70.0903 25.8300 62.5641 11.5774
Generation: 104 76.6777 26.8497 63.0406 9.6814
Generation: 105 77.0676 29.8225 62.8751 11.9984
Generation: 106 79.3176 31.1438 64.5468 9.7117
Generation: 107 70.4152 32.4650 64.3043 9.9976
Generation: 108 77.0676 33.7863 64.3238 10.9339
Generation: 109 77.0676 35.1075 63.2675 11.6089
Generation: 110 72.6663 36.4288 63.2814 12.4597
Generation: 111 77.0676 37.7500 65.0068 11.1376
Generation: 112 79.3176 39.0713 63.5659 11.4317
Generation: 113 70.4197 40.3925 65.3344 10.9009
Generation: 114 79.3161 41.7138 64.8566 10.3790
Generation: 115 77.0676 43.0350 64.4116 10.9603
Generation: 116 81.5661 44.3563 63.7525 11.1337
Generation: 117 76.6777 43.0306 63.6275 10.5389
Generation: 118 72.6652 46.9988 64.5720 9.3145
Generation: 119 77.0676 48.3200 63.2459 11.3402
Generation: 120 81.5661 48.3200 65.1976 10.7701
Generation: 121 70.0254 45.5200 64.0447 9.9160
Generation: 122 77.0676 48.3200 64.2817 10.7510
Generation: 123 76.6777 45.5200 65.3336 9.5483
Generation: 124 77.0676 48.3200 66.3760 9.6636
Generation: 125 77.0676 48.3200 66.0072 10.0615
Generation: 126 79.3161 48.3200 63.6460 10.4448
Generation: 127 79.3176 48.3200 65.3038 10.0733
Generation: 128 79.3183 48.3200 65.5078 9.2266
Generation: 129 77.0661 48.3200 66.1635 8.8745
Generation: 130 72.6663 48.3200 64.9459 10.0150
Generation: 131 77.0676 48.3200 65.1828 10.6433
Generation: 132 79.3791 48.7200 63.5164 10.7037
Generation: 133 77.1283 48.7200 64.4072 9.8522
Generation: 134 77.0683 48.3200 64.1713 12.6934
Generation: 135 83.8168 48.3200 64.5833 11.3834
Generation: 136 79.3161 48.3200 65.6164 9.5494
Generation: 137 72.6652 48.3200 65.1937 9.2127
Generation: 138 77.0653 48.3200 65.9111 9.0583
Generation: 139 81.6291 48.7200 66.3809 9.1815
Generation: 140 79.3183 48.3200 66.0066 9.6428
Generation: 141 77.1283 48.7200 66.2209 9.1177
Generation: 142 77.0676 48.3200 64.3865 10.4415
Generation: 143 77.1283 48.7200 62.1275 11.4135
Generation: 144 72.7260 48.7200 64.6402 10.2904
Generation: 145 77.1283 48.7200 62.9203 9.8993
Generation: 146 77.1283 48.7200 65.2649 10.6526
Generation: 147 77.1283 48.7200 65.1314 9.7995
Generation: 148 77.1283 48.7200 65.3495 9.9055
Generation: 149 77.1283 48.7200 63.7638 10.5584
Generation: 150 72.7163 48.7200 64.2002 10.4307
Generation: 151 77.1283 48.7200 64.7098 10.2577
Generation: 152 77.1283 48.7200 65.0471 11.0703
Generation: 153 70.4760 48.7200 63.2266 12.2084
Generation: 154 72.6760 48.3200 64.6888 10.2060
Generation: 155 77.1176 48.7200 64.7753 9.4855
Generation: 156 77.1283 48.7200 65.0773 9.6899
Generation: 157 77.1176 48.7200 63.7313 9.9120
Generation: 158 77.1283 48.7200 63.1980 10.6888
Generation: 159 79.3791 48.7200 63.0748 10.8925
Generation: 160 77.1283 48.7200 63.8132 11.4638
Generation: 161 72.7271 48.7200 64.4307 10.1757
Generation: 162 77.1283 48.7200 64.1602 10.2926
Generation: 163 79.3791 48.7200 63.9957 11.4275
Generation: 164 70.4793 48.7200 63.1791 10.8200
Generation: 165 77.1283 48.7200 64.7357 11.0245
Generation: 166 77.1283 48.7200 63.3000 10.9580
Generation: 167 77.1283 48.7200 64.0614 10.5678
Generation: 168 77.1283 48.7200 65.3103 9.4549
Generation: 169 79.3683 48.7200 65.8186 9.9304
Generation: 170 79.3791 48.7200 64.7805 10.0621
Generation: 171 77.1176 48.7200 62.1145 10.9767
Generation: 172 79.3791 48.7200 63.6621 10.8275
Generation: 173 70.4760 48.7200 64.4881 10.3574
Generation: 174 74.8668 48.7200 65.1935 10.2165
Generation: 175 76.9572 47.5200 64.8076 9.4339
Generation: 176 79.3668 48.7200 64.6001 10.0827
Generation: 177 79.3676 48.7200 64.0981 9.9916
Generation: 178 77.1283 48.7200 64.4072 9.6473
Generation: 179 77.2260 48.7200 63.9284 11.6192
Generation: 180 72.7271 48.7200 65.0743 9.5046
Generation: 181 72.7163 48.7200 64.8854 9.7745
Generation: 182 72.7271 48.7200 64.6234 9.0783
Generation: 183 77.1283 48.7200 64.2297 9.6582
Generation: 184 72.7163 48.7200 66.1561 7.8759
Generation: 185 81.6183 48.7200 66.2550 9.4976
Generation: 186 77.1283 48.7200 62.3405 11.3191
Generation: 187 77.1176 48.7200 65.1882 10.1658
Generation: 188 77.1283 48.7200 64.0300 9.8714
Generation: 189 77.1176 48.7200 65.8754 9.6605
Generation: 190 77.1176 48.7200 67.7982 8.9326
Generation: 191 77.1283 48.7200 65.3227 10.3097
Generation: 192 77.1176 48.7200 65.2366 10.4399
Generation: 193 77.1283 47.0482 65.0770 10.8353
Generation: 194 72.7271 45.3765 64.3850 10.3113
Generation: 195 77.1283 43.7047 65.5480 9.8032
Generation: 196 77.1176 42.0329 63.4477 12.0221
Generation: 197 77.1283 40.3612 63.9862 9.6861
Generation: 198 77.1283 38.6894 65.6665 9.5300
Generation: 199 77.1283 37.0176 66.0799 9.4582
Generation: 200 77.1283 35.3459 65.8122 8.9289
Generation: 201 70.4760 33.6741 67.0629 9.2770
Generation: 202 79.3791 32.0024 66.7265 8.9425
Generation: 203 77.1283 30.3306 66.1539 9.0807
Generation: 204 72.7260 28.6588 65.4523 11.2907
Generation: 205 77.1283 26.9871 65.9119 9.2262
Generation: 206 77.1176 25.3153 67.5287 8.3471
Generation: 207 77.1283 23.6435 66.7540 9.4665
Generation: 208 77.1283 21.9718 63.9474 9.9547
Generation: 209 77.1283 20.3000 64.7818 10.1995
Generation: 210 77.1283 20.3000 67.5576 8.9454
Generation: 211 72.7271 20.3000 65.1507 10.1683
Generation: 212 77.1283 20.3000 64.8148 12.5555
Generation: 213 77.1283 20.3000 62.6667 14.1424
Generation: 214 77.1283 20.3000 66.8132 9.2538
Generation: 215 72.7163 20.3000 67.0700 9.5589
Generation: 216 77.1283 20.3000 66.2936 9.5967
Generation: 217 77.1283 20.3000 65.7738 9.5299
Generation: 218 77.1283 20.3000 67.4318 9.4915
Generation: 219 77.1283 20.3000 66.2814 10.5642
Generation: 220 77.1283 20.3000 65.2770 10.2731
Generation: 221 77.1283 20.3000 67.9641 9.1986
Generation: 222 77.1283 20.3000 68.3869 7.6483
Generation: 223 77.1283 20.3000 65.7757 9.1675
Generation: 224 77.1283 20.3000 68.6596 8.0441
Generation: 225 77.1283 20.3000 68.4197 7.6392
Generation: 226 77.1283 20.3000 66.6656 9.2927
Generation: 227 77.1283 20.3000 66.2857 9.9743
Generation: 228 77.1283 20.3000 66.0090 11.5418
Generation: 229 77.1283 20.3000 67.7254 8.6059
Generation: 230 77.1283 20.3000 68.4853 7.9347
Generation: 231 77.1276 20.3000 69.7984 7.4076
Generation: 232 77.1283 20.3000 67.4984 9.1135
Generation: 233 77.1176 20.3000 67.8719 9.5501
Generation: 234 77.1176 20.3000 66.4227 9.2331
Generation: 235 77.1283 20.3000 65.9933 9.8131
Generation: 236 77.1283 20.3000 66.9110 9.1211
Generation: 237 77.1283 20.3000 67.4414 8.9513
Generation: 238 77.1283 20.3000 67.7391 7.6007
Generation: 239 77.1176 20.3000 69.9030 8.3379
Generation: 240 77.1283 20.3000 66.3476 9.1101
Generation: 241 77.1283 20.3000 68.2239 7.8286
Generation: 242 77.1176 20.3000 68.8009 8.3419
Generation: 243 77.1283 20.3000 67.9241 8.9770
Generation: 244 77.1283 20.3000 67.0694 8.4287
Generation: 245 77.1283 20.3000 67.8380 8.5937
Generation: 246 77.1283 20.3000 68.8598 8.4598
Generation: 247 77.1283 20.3000 67.7205 8.6958
Generation: 248 77.1176 20.3000 68.1343 8.4454
Generation: 249 77.1283 20.3000 66.3548 9.0515
Generation: 250 77.1283 20.3000 66.6390 9.7370
Generation: 251 77.1283 20.3000 66.1532 9.5253
Generation: 252 77.1283 20.3000 68.0532 8.1118
Generation: 253 77.1283 20.3000 68.2802 8.2888
Generation: 254 77.1283 20.3000 68.3589 9.2526
Generation: 255 77.1283 20.3000 68.0001 8.2219
Generation: 256 77.1283 20.3000 67.1833 8.5084
Generation: 257 77.1283 20.3000 68.4214 8.8339
Generation: 258 77.1283 20.3000 69.3825 7.5373
Generation: 259 77.1283 20.3000 66.7784 9.0320
Generation: 260 77.1283 20.3000 69.7733 6.8571
Generation: 261 77.1283 20.3000 67.8072 8.7406
Generation: 262 77.1176 20.3000 68.9751 7.3978
Generation: 263 79.3791 20.3000 67.0369 8.9454
Generation: 264 77.1283 20.3000 68.1852 8.1560
Generation: 265 77.1283 20.3000 69.5164 7.7994
Generation: 266 77.1283 20.3000 68.1268 7.6614
Generation: 267 77.1283 20.3000 67.6849 8.3589
Generation: 268 77.1283 20.3000 67.1710 9.7345
Generation: 269 77.1283 20.3000 68.7069 7.8777
Generation: 270 77.1283 20.3000 69.2954 7.2762
Generation: 271 77.1176 20.3000 68.7585 7.8547
Generation: 272 77.1283 20.3000 67.9484 8.5035
Generation: 273 77.1283 20.3000 66.4235 9.0772
Generation: 274 77.1283 20.3000 69.0957 7.9556
Generation: 275 77.1283 20.3000 69.2118 8.2331
Generation: 276 83.8791 20.3000 70.2788 7.0095
Generation: 277 77.1283 20.3000 68.0100 7.3644
Generation: 278 77.1283 20.3000 69.0546 7.4400
Generation: 279 77.1283 20.3000 69.6049 6.3253
Generation: 280 77.1283 20.3000 69.0100 7.0852
Generation: 281 77.1283 20.3000 69.2296 7.7967
Generation: 282 77.1283 20.3000 68.7691 7.7360
Generation: 283 77.1283 20.3000 68.9421 7.4757
Generation: 284 77.1283 20.3000 67.2381 7.9887
Generation: 285 77.1176 20.3000 68.1422 9.0362
Generation: 286 79.3791 20.3000 68.3514 8.0387
Generation: 287 77.1283 20.3000 68.3317 8.0063
Generation: 288 79.3791 20.3000 69.0904 7.4831
Generation: 289 72.7163 20.3000 68.6207 7.3298
Generation: 290 77.1283 20.3000 69.6680 7.0846
Generation: 291 77.1283 20.3000 68.2294 8.2753
Generation: 292 77.1283 20.3000 68.3388 10.6850
Generation: 293 77.1283 20.3000 69.4285 8.2240
Generation: 294 77.1283 20.3000 67.4159 8.1930
Generation: 295 77.1176 20.3000 69.0995 6.9555
Generation: 296 77.1176 20.3000 70.1234 7.0144
Generation: 297 77.1283 20.3000 69.1992 7.5354
Generation: 298 77.1283 20.3000 67.2537 7.9093
Generation: 299 77.1283 20.3000 69.9422 7.1705
