1.369249554440954419e-03
2.798088256316568889e-04
-3.285532100761331866e-03
-1.509638347948642008e-04
-3.778229982978578445e-03
1.679184148267539103e-03
-1.217456735699801867e-03
9.937075658414378648e-04
-6.276203704436353597e-04
3.463566976830135397e-03
-4.515968160225776462e-02
8.766517690475326974e-02
-1.469232442291386609e-01
-2.162762226250841691e-01
3.067857177151392944e-01
-4.643562746205427694e-02
-1.232192594972271737e-01
8.632167965150031042e-02
6.171136153096416777e-02
4.522639903578715148e-01
-3.597878759213042343e-01
-2.017109378710017081e-02
-4.675454513856060028e-03
2.804954770993258739e-01
3.023080509134963914e-02
-1.673833614627089628e-01
-1.874513815032660125e-01
-3.687678630382436040e-01
-1.254482062516148466e-01
-6.163329159940914015e-02
-4.285379996326268426e-01
-3.364520445127181514e-01
-5.966824084686848106e-01
1.310327431889059535e-01
-2.175206524624030413e-01
1.891181692589211649e-01
1.164148825790387205e-02
3.153092383731506132e-01
4.306885467337062678e-01
7.073482920625420722e-02
4.957612674508999895e-01
-5.301983655030320097e-01
6.098438746910038455e-02
2.570263346256350667e-01
8.584077309364890329e-02
-1.363920768857295185e-01
3.802378905008236831e-01
1.007155111424546390e-01
-2.398171438074905848e-01
-6.963158080736839284e-02
2.110962651438804683e-01
9.971740592970531822e-03
-1.268583460217812542e-01
2.823903117264759538e-02
-2.039496028727396104e-01
-3.178472567948897876e-01
-1.270128156907159300e-01
2.844899056728538156e-01
4.776026622288880308e-01
1.523348247578524828e-01
1.604087696625207671e-01
1.170237696086783019e-01
-5.221510956201007581e-01
-1.937479139415033413e-01
-4.600793858656039848e-01
8.659987316600792351e-02
-2.644308108301904880e-01
3.425774640416461708e-02
1.971906395351359087e-01
-4.741092439032098399e-02
-1.073049078197197137e-01
-4.267864294818196069e-01
-1.425357970354105830e-01
-3.375514100389218619e-01
7.868748445907517569e-03
-2.604408748325198752e-01
-2.112568681456115649e-01
7.385203778589075063e-02
-2.063625380961282008e-01
3.551036459815162805e-01
1.276270240270896694e-01
-1.047629797841610755e-01
-2.607365439848053912e-01
2.754340642940160677e-01
-1.649398312527722010e-01
1.915230797599342671e-01
-1.298197841529956653e-01
1.278763502950341358e-01
2.179393662179690550e-02
4.921894003960102237e-01
-2.430247461677841059e-02
4.212107193877289157e-01
-1.527785594654318402e-01
5.119212810407360870e-01
-5.977527119459972310e-02
-2.810563628709882300e-01
-4.042931385405933442e-01
-1.657298423984642777e-01
-2.285427746159626183e-01
-2.923339733307773330e-02
-1.399478275607644040e-01
2.946509797229035499e-01
4.678521225784488397e-02
1.292554230365098866e-01
4.625136764207704587e-02
-3.011358937636271493e-01
-1.736141367470921404e-01
-2.873695352170693024e-02
7.744400746362613275e-02
3.733690400991840352e-01
-1.302621969149456715e-01
1.729564742740721806e-01
-1.199404938817276167e-01
-1.810906429939774243e-01
1.038652283042449664e-01
3.303844426780221388e-01
6.530902843253724166e-01
-1.915622202985838851e-01
4.542435559652090171e-02
-1.322556188981462155e-01
2.285104915288770910e-01
-3.387946608346867894e-01
2.965705174282600165e-01
3.112947370263409175e-01
-9.255674691071016924e-02
3.048446894053592482e-01
4.121570358340458928e-01
1.977089635183924554e-01
-1.986937223332495839e-01
3.307853764855074596e-02
1.176304575231621047e-01
1.451446744583772819e-01
-2.665624132847334016e-01
-1.539874701077644653e-02
-2.216994557102667240e-01
-6.747681870820880501e-02
1.286902162956013451e-01
-1.585775126238102989e-02
9.527698839616580151e-02
-2.980664832120867858e-01
3.507866338166414910e-01
-5.114136472522499144e-01
2.329313667980779656e-01
5.050497966261289357e-02
2.152465941383773229e-01
3.593152541609481720e-02
5.261086409682252246e-02
3.488487213246242030e-02
2.589774805555446115e-03
2.508718835430936434e-01
-6.822096273725890281e-02
-2.118854140489065951e-01
2.889220806171896583e-01
1.254055875194294845e-01
-1.327107448612626361e-01
4.324094000976959062e-01
-1.824963574167026426e-01
-1.339133325292670706e-01
8.338960975755056043e-03
2.001808099454265855e-01
2.927345027402072919e-01
-5.581822541722883391e-02
2.830847203721382349e-02
2.842165797712704611e-01
-1.505132872122231791e-01
-6.096056503905675217e-02
-6.096085670496703517e-03
-3.290416203831519892e-01
2.012349073738113336e-01
-2.396547674901950420e-01
-8.934920637950281852e-02
-8.478603566745779307e-02
-1.028278690747831958e-01
-4.168880170566586357e-02
-3.803308058983947415e-01
1.637784425604349448e-01
-2.053878250344911283e-01
-4.318657193022470420e-01
4.535805071190011084e-01
4.466343419784286894e-02
1.673290312963019444e-01
7.691311500879902119e-02
1.575056170702056613e-01
3.907234749188847056e-01
-2.386686770532219989e-02
4.644232013631807710e-01
1.373072961870772934e-01
-2.274303916878716789e-02
1.119052801575797090e-01
2.465744813380674194e-01
-3.631449749383588305e-02
-1.175414437487368180e-01
1.112950995690915879e-01
1.940404883444897810e-01
2.614878364341162165e-01
-1.854837034933662643e-01
-4.672456514610155986e-01
-2.406156177153411790e-01
-1.107166631748298935e-01
6.888365946345895163e-02
-2.839114423775037852e-02
1.285263566466161578e-01
-2.297513744144977776e-01
-1.867282577615412831e-01
1.803684606045714151e-02
-5.629292080043009072e-01
1.420578610919161489e-01
-3.000835479975585973e-01
2.011617136503516812e-01
4.682745983006086354e-01
-6.083480033594163526e-04
-2.015507649026061776e-03
1.161497621254572793e-03
3.490817558675260359e-03
-1.221009570753208697e-03
2.899034018517694308e-02
-2.198340658303511996e-01
4.814531049808919994e-01
5.832273097978131204e-01
-2.106083939809686167e-01
4.332577463173062915e-01
-3.893815060954454177e-01
4.327586055186394276e-02
1.283235201896467670e-01
6.108867780632989408e-01
6.388055415517642777e-01
2.101433864835960397e-01
-6.055229325023685494e-01
9.514103750025648676e-03
-3.498416246410789299e-01
-8.678950112454528742e-01
-5.514250533761444820e-03
-2.567540325092481091e-01
-3.940236249489681986e-01
1.129262645857380676e-01
1.534459446597142840e-01
2.608359448741278119e-01
-7.319380048662476046e-01
1.200610400668324473e+00
2.694005228917174533e-01
8.326417027708696850e-01
-6.501221102570557964e-01
3.236244344156190555e-01
-2.816140368507557001e-01
4.008649984934801735e-01
-8.419149260446873173e-01
4.433295897058071866e-02
-2.645609705239788667e-01
-8.229573102158680431e-01
-3.159141212551289657e-01
-3.870972841824155131e-01
-2.919629381001032434e-02
-2.696088098074918005e-01
1.395166534562804206e-02
5.867185129810438549e-02
-9.139841658825365034e-02
-2.697087551893941060e-02
-3.935625602109559251e-01
4.232941963147089370e-01
-5.024940783935240018e-01
4.589227098016149808e-01
-6.630145207978384025e-01
7.853776275346263658e-01
-2.835893369013899740e-02
2.263992995867498692e-01
5.002141890879319153e-01
5.002618177730930871e-01
5.005047258419954570e-01
4.998874030915388955e-01
5.003688097980159011e-01
5.000315672103461395e-01
5.000299014346759607e-01
5.000197394857455180e-01
4.998512704404615703e-01
4.996642734788722118e-01
5.004703517999149476e-01
4.999131059400290233e-01
5.000020043293370575e-01
4.996930687099764290e-01
4.998626713718091197e-01
5.003591216341605197e-01
4.996869990155551888e-01
5.000042936187245601e-01
4.996007038088087215e-01
4.996570159111656806e-01
4.997940922253973905e-01
5.000643798488282332e-01
5.005011168419020162e-01
5.005592889387487920e-01
4.998103787925045616e-01
5.000712045562916153e-01
5.005525141455527960e-01
5.007567658141531819e-01
5.003583602553826060e-01
4.996256393803323315e-01
4.998293454533442315e-01
4.996927985068186917e-01
4.999862913979125079e-01
5.008098105290866853e-01
4.993827766768335619e-01
5.001702771961272775e-01
4.995676667007903915e-01
4.997798563740350475e-01
5.004323421621323931e-01
4.999888759145425521e-01
4.999916104787412996e-01
4.993512316593671230e-01
5.004747419712820555e-01
4.997950061128434984e-01
4.998994867357304805e-01
4.996392365077052533e-01
4.997767167210207528e-01
5.001215111423178428e-01
4.995732103082324849e-01
4.997665926899313438e-01
4.996581526793071881e-01
5.001727342061380588e-01
5.001397808224095076e-01
4.997428842597346765e-01
5.000840189845641159e-01
4.998571769390696140e-01
4.997086951190847781e-01
4.996476192498891522e-01
4.999446266246647674e-01
5.003895319615672133e-01
4.994756474128683177e-01
5.001870155944024843e-01
4.999384355997009144e-01
5.003895577241634918e-01
5.000050056618401406e-01
4.999272007047709243e-01
4.999430144487616579e-01
5.000178342504433271e-01
4.998714720952912582e-01
4.998839522610773467e-01
5.000168300364535856e-01
4.995933256438937486e-01
5.004512114399388700e-01
5.003741129919019315e-01
4.996228371826508807e-01
4.998891704678936065e-01
4.994556918903645393e-01
5.003382263152537091e-01
5.000355195626323690e-01
4.997444802349211845e-01
5.003272151187092565e-01
5.002181336826576619e-01
4.999470748867014813e-01
5.001281498892987676e-01
4.996429417370709114e-01
4.995101202815638852e-01
5.001702636071072572e-01
5.010150576305975045e-01
5.006255730236763846e-01
5.007483527363936204e-01
4.994695307810222973e-01
5.004688123595637528e-01
4.999667503466357354e-01
4.998612697398566729e-01
5.000165693851628124e-01
5.000140573768242502e-01
5.000939573672046334e-01
4.999116242898672402e-01
5.002904302980949458e-01
4.998579353370891099e-01
4.996831505215211244e-01
4.999155484873748501e-01
5.001161922877602750e-01
5.002607279120554473e-01
4.999770018535344418e-01
4.999087943855881622e-01
5.000231381498060346e-01
4.999247592308638799e-01
5.006719386813411887e-01
4.996014497174480207e-01
5.000241955802653404e-01
5.001080648110758364e-01
5.000361393684955580e-01
5.000600477749459483e-01
4.994092913083278962e-01
4.997064363943410914e-01
4.997383256640686722e-01
5.003058658344465837e-01
5.003396176986936172e-01
5.014868303609266720e-01
4.999381652508213536e-01
5.000696849038618330e-01
4.998332827196762529e-01
4.998179833405262396e-01
4.998338043448099510e-01
5.000715843789578230e-01
5.000362214700997399e-01
5.000508723405128197e-01
4.994715275214567374e-01
4.997621929017569409e-01
4.998348308183959143e-01
5.009111384001323497e-01
4.996881295424651093e-01
4.996268129379918266e-01
4.996498800865610823e-01
5.000920581533790932e-01
5.007321170026706181e-01
4.998159804000481543e-01
4.997416843675864251e-01
4.996603916064539797e-01
5.000575061069491012e-01
5.003596956210727420e-01
4.995839004201854672e-01
5.008414825573010987e-01
5.002598555163180194e-01
5.000097186062060217e-01
4.998918643845569054e-01
5.004847894120596496e-01
5.004296783280824945e-01
4.997380102459091922e-01
5.004259634659691258e-01
4.999390937385181366e-01
5.002172533604114513e-01
5.000839084080471730e-01
5.002385895365476509e-01
5.005573974579202723e-01
4.999472828106836242e-01
4.993530756267028359e-01
4.996753025726189401e-01
4.996624830448688215e-01
4.992187188095128514e-01
4.994324354431893820e-01
5.001201497814188324e-01
5.000595364399459397e-01
4.997907546740598117e-01
4.998537510539454720e-01
5.002627689448720938e-01
5.002069422648817154e-01
5.000085016381892178e-01
4.999088912317830591e-01
5.013846457905943854e-01
5.009732383155819369e-01
4.995690290438259962e-01
5.007348919111451746e-01
5.003108047401997327e-01
4.998435753234785617e-01
4.999910867867363162e-01
4.996947952997404796e-01
4.995480155342565398e-01
4.997751500603169195e-01
4.993894755451482315e-01
4.998320331282839479e-01
5.002976965279115618e-01
5.002363744552484892e-01
4.994678571576330328e-01
5.000910479413169796e-01
4.999955149962350687e-01
4.996092786962013088e-01
4.995134065428555870e-01
5.001271757372069970e-01
5.004199528468944447e-01
4.997238037421234402e-01
4.997254161569828490e-01
5.004567230001493172e-01
4.995759746972887605e-01
4.998744694141097344e-01
5.000138348774978425e-01
4.999837619909123232e-01
4.995885230571386337e-01
4.999637935403085653e-01
5.000575872551235035e-01
4.998695063162753027e-01
5.002570282568972182e-01
4.998132367278259602e-01
5.005359069977696196e-01
4.999700134079869684e-01
5.000709407261164641e-01
5.000701370175029137e-01
5.000008751489146697e-01
5.000584098453551007e-01
4.997851254304432889e-01
4.994962779193249380e-01
4.998714731169228709e-01
5.007345754607142041e-01
5.004987719401075008e-01
4.998583507451048735e-01
5.005086588125171598e-01
5.001592386183622008e-01
4.997163898118892611e-01
4.995935675696976386e-01
5.004456458550722298e-01
4.994776906933543481e-01
5.003788249400078492e-01
5.009382809512015200e-01
4.993920150524510104e-01
4.995037010726669502e-01
4.997556672755149032e-01
4.997739114651313930e-01
5.000861357438681765e-01
4.993381071880504951e-01
5.001985105142574550e-01
5.003056445996798551e-01
5.000796183729830924e-01
5.012002294399384716e-01
5.002562090992191957e-01
5.000275863843068880e-01
4.999440207352227050e-01
4.995917223171073562e-01
4.999343684039940783e-01
5.001531279346238534e-01
4.998995184267972514e-01
5.005618454887897917e-01
4.992069958239613303e-01
4.999147514339754572e-01
4.996068729984052270e-01
4.999780672912299551e-01
4.999971017617296232e-01
4.996356678158025422e-01
4.999845625709563035e-01
5.001020472898047853e-01
4.999701555318900592e-01
4.999462646887184447e-01
4.998182377343565186e-01
5.001788226965093731e-01
4.997970605884630713e-01
5.002054950104826148e-01
4.998077063532738729e-01
4.998544914692197305e-01
5.001267007460905578e-01
4.999306896968706004e-01
5.002460027090396277e-01
5.008319899159050514e-01
4.997698928405560626e-01
4.996327998902128087e-01
5.006745391078746277e-01
