-1.735172897479735910e-01
4.415457030051060938e-01
-5.546641473248851151e-01
3.669304655176584551e-01
-7.586917503642882643e-01
7.424357953253257758e-01
9.596434557922563224e-02
3.098011192210063380e-01
2.833751973209182040e-01
6.553734615062845048e-01
-1.000000000000000000e+00
1.730163559544891649e-01
7.972305746504416701e-01
1.000000000000000000e+00
-5.865799692423732115e-01
-3.800715643255818399e-02
4.385467561463501363e-01
1.000000000000000000e+00
-6.996909324911260164e-03
1.000000000000000000e+00
-1.000000000000000000e+00
1.000000000000000000e+00
-3.255219232891726211e-01
-5.336110281643047237e-01
-5.736753925271734778e-01
1.000000000000000000e+00
1.000000000000000000e+00
-5.869995917620841608e-01
-1.033766937792227336e-01
-8.558349346285547554e-01
-8.597030282951292346e-01
-6.914569066578211132e-01
7.877341394494752347e-01
-7.307368701176742976e-01
7.584022559481338188e-01
-4.907022027618127558e-01
-9.005846109739209515e-01
-1.964405571770130865e-01
-2.068030929791424000e-01
-6.864427489469424604e-01
-1.406780131248654975e-01
1.000000000000000000e+00
-5.696689099303126058e-01
-7.507940835367876709e-03
4.000114340168559046e-01
-2.023841636234346708e-01
-9.175342794093527266e-01
-6.769151514584468288e-01
-1.646487331699925671e-01
4.072196758888906865e-01
4.191477061321509101e-01
5.465281687781743392e-01
3.709493709887264901e-01
-3.275347766361281221e-01
-3.109339737330232833e-01
1.000000000000000000e+00
-5.662550446758919387e-01
7.400225327444776013e-01
1.000000000000000000e+00
5.010527233717000373e-01
-6.849430991558631554e-01
-8.861400335683766727e-01
-7.511751111999416253e-01
-5.657806464280390468e-02
5.835005377571631513e-01
5.676004599083455116e-01
2.026082458013212795e-01
1.000000000000000000e+00
-3.150550321325115144e-01
1.000000000000000000e+00
-4.607980627338446600e-01
-2.084752159022701390e-01
-5.151675932357734355e-01
-6.530588509057626556e-01
-4.094579531972279418e-01
7.953430984612011034e-01
-8.906910242477684703e-01
3.127454552059182324e-01
2.595699828328006387e-01
1.674592078548695628e-01
-9.078915089821573137e-01
4.659792557695880966e-01
-1.109482910604882161e-01
-3.282016561641405428e-01
4.712250858823642807e-01
-3.769506643336797413e-01
1.000000000000000000e+00
-2.710432058574349101e-01
1.731105518363307283e-04
1.919117888648223247e-01
-8.839614809512841287e-01
-4.611203352507882713e-01
-1.000000000000000000e+00
-4.693359262231478479e-01
-9.794167154084778559e-01
3.839168315496403472e-01
4.532380915483044670e-01
-3.042523262096593073e-01
2.524642806778361059e-01
-1.000000000000000000e+00
3.136318282574090954e-01
1.000000000000000000e+00
2.347299418519549485e-02
-5.559672926215230016e-01
-2.094505881445895001e-01
-1.000000000000000000e+00
5.461075413835131398e-01
-6.375171559444551272e-01
1.000000000000000000e+00
-2.749989430669911306e-01
-3.061703805923854382e-02
5.979054823211087388e-01
6.490841307380684766e-01
6.232669704702109570e-01
-3.897236167627124992e-01
2.668107145678763614e-01
1.346750776369472213e-01
4.247870542167000441e-01
5.565905575373224501e-01
-1.000000000000000000e+00
1.000000000000000000e+00
-9.643763130785755200e-01
-2.915398346088221571e-01
-2.440124416061927870e-01
2.559396537525782112e-01
-1.000000000000000000e+00
2.718272970929176413e-01
7.590880109791704466e-01
-2.832218148611730379e-01
9.312253412369443373e-01
6.835647529051587235e-01
3.109678370156864768e-01
-1.000000000000000000e+00
3.657181387720252752e-02
-5.972619540372552382e-01
3.621200820576830903e-02
-5.486660991695002654e-01
-2.176200257538254412e-01
3.647508686386550791e-01
-5.884138335319685775e-02
1.000000000000000000e+00
-6.144194499134612020e-01
-7.369579172842760650e-01
1.000000000000000000e+00
-1.289242655817718353e-02
6.606091612222644294e-01
1.000000000000000000e+00
-6.791302897405563366e-01
1.000000000000000000e+00
8.476005693055932433e-01
6.197924458831904904e-01
2.220719927961810614e-01
-9.590927262486041993e-01
1.270551246782176680e-01
1.854941046260815130e-01
-3.004819752669319888e-01
-3.769565861679771146e-01
3.257066907747874218e-01
-4.527184098848519023e-02
1.000000000000000000e+00
-3.646133755702071211e-01
-1.000000000000000000e+00
-1.000000000000000000e+00
-1.000000000000000000e+00
-4.561708332461388293e-01
6.428030394075212595e-01
1.692870606377504528e-01
1.000000000000000000e+00
7.012829801044785372e-01
6.418520635943823771e-02
-1.000000000000000000e+00
-1.417381285134661772e-01
5.392031521778732905e-01
6.669826926112950582e-01
-9.463641448326265415e-02
1.000000000000000000e+00
1.000000000000000000e+00
4.395376472771827525e-01
6.463610895006340895e-01
4.944633671852057821e-01
4.121996155911991089e-01
4.276691857160545007e-01
6.474465243094416067e-01
-7.095807110250454963e-01
-1.590918475195235438e-01
-7.772995207379010951e-01
-8.599300036076548137e-01
2.693551645178099418e-01
1.770920866740028354e-01
2.065143929205342788e-01
9.996574365000989726e-01
5.761938498717784629e-01
9.984819262486765989e-02
1.800885017268596400e-01
7.315796478188552054e-01
8.301871429208695918e-01
1.000000000000000000e+00
1.265054433524863686e-01
7.433981172441269658e-01
-1.000000000000000000e+00
-6.522215960255994815e-01
2.849134085332779009e-01
1.000000000000000000e+00
-7.291105088475803297e-01
-7.513624289559428515e-01
-1.000000000000000000e+00
7.111870496515353413e-01
-3.550507426526834931e-01
4.959164732609757653e-01
1.000000000000000000e+00
-9.326808198174619813e-01
8.829071172965231584e-01
-2.792148349634049342e-02
-5.462795343602762088e-01
9.170309947075003243e-02
3.968248603208205383e-01
9.463285212509096045e-01
-2.265258882896556969e-01
-3.269075080010242496e-01
-8.088242706240550417e-02
-9.841934656304508477e-01
-5.228120161799015841e-01
-9.838182352954100152e-02
7.706082564720603822e-02
-1.950822942480721633e-01
6.264599427022004008e-01
-1.000000000000000000e+00
-1.000000000000000000e+00
-9.106386289116974453e-03
-2.616365371439094423e-02
1.000000000000000000e+00
8.855636079303624841e-01
8.735900493670674116e-01
-2.161593838272546364e-02
-1.000000000000000000e+00
-8.680790471149106846e-01
-7.656452722999380622e-01
-2.644954286044526870e-01
-2.540245535726236570e-01
-6.423410337706085826e-01
-4.625646942789397587e-01
7.024516768472681694e-01
9.962735993357270115e-01
5.099280301576942787e-01
8.993839720648455494e-01
1.000000000000000000e+00
1.000000000000000000e+00
6.334974869737254322e-01
1.541838561737940982e-01
1.000000000000000000e+00
6.086651221488186270e-01
-4.562262495783721006e-01
1.000000000000000000e+00
9.615031110396887737e-02
-8.408622332074466854e-02
9.478759884164064120e-01
3.924207468519236297e-01
1.987246180952239039e-01
1.000000000000000000e+00
-1.698768533121934876e-01
-6.910781844299469512e-01
-8.697401761655650931e-01
1.000000000000000000e+00
9.945682372449482500e-01
4.161219348396744122e-02
3.463080677677112251e-01
2.752883972291344516e-01
1.000000000000000000e+00
5.461975090323167858e-01
2.807396475909829658e-01
3.574148844358959187e-01
2.166019477608674693e-01
4.573701557507330873e-01
3.791706585966194143e-01
2.443993128063798315e-01
7.562602641876692289e-01
6.600936909135631803e-01
1.947104271958740862e-01
2.483834315094022860e-01
3.722590893790354571e-01
4.048008489726402925e-01
2.183299728845509990e-01
5.052942522784512613e-01
5.421111145372706774e-01
4.576855460386342056e-01
1.000000000000000000e+00
3.651358187313414327e-01
4.808148106229370167e-01
2.767859310619539825e-01
4.084705758107920470e-01
5.277930551173617424e-01
2.190047482706472814e-01
2.598017303811673284e-01
1.966131212384151228e-01
1.086557256738883287e-01
5.442902863786361900e-01
2.350420257042960259e-01
7.927246718618284893e-01
6.647549887819822478e-01
3.945965569745206181e-01
8.388275466600314534e-01
3.074353708004329278e-01
4.588971849936659408e-01
5.695097466678090692e-01
9.692366750024768163e-02
2.039805776619351418e-01
5.494778526462313906e-01
5.019762731115399168e-01
2.894172602561573826e-01
9.451624857324019136e-01
2.895913712667698703e-01
2.503537139842689219e-01
1.555826694422030865e-01
6.591358452908053778e-01
8.057043433735648907e-01
4.255744690647940143e-01
8.581667764748045213e-02
2.146365273862516077e-01
3.110937414816464797e-01
1.175533024968200141e-01
5.721958746982709343e-01
1.757760899991752945e-01
2.618278527601722860e-01
8.505678245629580969e-01
4.487832507312746744e-01
5.210923453762714708e-01
3.623829512286795840e-01
4.336463770485821656e-01
2.658783168086367721e-01
5.115729808835635106e-01
2.153760011947968844e-01
2.211589001772207019e-01
8.540592176986104844e-01
5.809993995771688402e-01
5.473985172897329887e-01
2.515214937731728440e-01
2.564985012818036259e-01
2.757753230078346940e-01
5.959202716135907352e-01
6.385943636122849432e-01
5.067614041625891907e-01
4.312687831280974660e-01
3.776225047645089816e-01
2.763390586031139740e-01
1.658494066167400249e-01
6.082734854432216842e-01
6.473438760037483197e-01
9.014478593927365280e-01
4.374113700469816624e-01
3.086749543623109604e-01
2.145474330401326846e-01
5.872565827442240982e-01
9.102861757092921557e-01
4.372095998209857282e-01
1.261265563045470550e-01
7.872784675126295317e-01
2.976134428027690237e-01
9.194990881161219098e-01
4.514761094853371182e-01
5.920822669621238488e-01
7.415808569741160206e-01
6.016639045881271297e-01
5.137806286251281884e-01
6.296396486564107553e-01
7.393554899249165091e-01
4.480608038430088924e-01
5.359018822189942632e-01
6.175565414331186664e-01
7.632949696767751258e-01
5.553796506114796472e-01
1.763043542674553044e-01
4.701330701471965190e-01
2.752368826261847867e-01
9.258266317562260372e-01
3.988139993313690734e-01
5.300759356443944803e-01
5.453708000518084908e-01
7.487546067757001877e-02
4.947994029160028839e-01
4.355063523074121368e-01
3.002109534141546021e-01
4.413885020099942991e-01
3.304473801384363307e-01
2.657431975875401697e-01
3.687405206573799998e-01
1.734478946143130085e-01
1.297651277154776295e-01
6.819417963411632533e-01
6.307155164002434256e-02
3.206144981864232357e-01
6.034040735381980269e-01
4.251337848864462088e-01
6.244233819697005972e-01
1.599794776813927566e-01
2.742520569437898459e-01
2.534333962648768201e-01
2.969781773709270212e-01
3.983664928543350081e-01
6.683152589485754635e-01
5.488681723483541247e-02
6.920892930342799065e-01
2.537180093356058985e-01
1.755908807174527408e-01
6.365218202770198119e-02
9.334434279013011093e-02
7.510299110650877630e-01
8.371712588174682335e-01
2.384319405822293014e-01
9.058353400450248616e-01
2.739176426444266399e-01
2.924414101292525103e-01
6.724715520285562409e-01
3.795726156990087974e-01
4.697150894767097018e-01
1.761609175536167360e-01
3.745772583565300518e-01
4.070528668089514190e-01
3.097250346423492395e-01
5.930933703981281502e-01
5.190695540758999416e-01
6.878590893456141275e-01
6.123596278446076235e-01
1.322861223161042321e-01
4.572240921082398324e-01
7.335806894668631672e-01
2.501837697231374946e-01
3.420612659909716968e-01
4.030326091981654701e-01
8.128328050983009145e-01
2.342966784601945851e-01
3.936929461585738088e-01
6.803213939198425597e-02
7.395259398500642067e-01
1.079277626099156423e-01
6.079905318365965705e-01
1.305154180623750437e-01
3.204745663963209368e-01
1.792713409448989381e-01
2.290092563235923695e-01
4.632315258068739339e-01
3.972354766484766930e-01
5.776334202316535382e-01
6.896357785552212905e-01
2.818998998106270193e-01
5.115286581778423214e-01
3.475289436910222185e-01
6.753368720392091129e-01
4.929777461779890069e-01
3.165680237623815230e-01
3.186568239809692282e-02
1.398873380451265414e-01
2.272585055311714397e-01
8.172221694687956672e-01
8.251130226336538254e-01
6.221043291043375500e-01
4.895198833506006486e-01
8.622117006282545293e-02
3.148914930136274548e-01
7.367256666312266278e-01
1.610042067335557547e-01
2.847365279813232064e-01
9.159497696423301027e-01
5.024311833813916994e-01
6.984638428909183405e-01
9.817019791337227019e-01
3.282517073408454666e-01
1.165786857787047409e-01
1.000000000000000000e+00
3.979151315162378078e-01
6.305059750223198645e-01
4.667380286866222860e-01
2.732702190543332410e-01
1.466295952241784828e-01
4.888028680744120336e-01
5.259634317721929575e-01
1.604480445533081889e-01
6.752854912595405157e-01
2.567122926160360641e-01
2.897702698677557254e-01
2.514428015443871400e-01
9.539058468002531432e-01
3.157514405008037262e-01
8.361675436880452450e-01
3.127202673354567697e-01
1.584380247213311166e-01
1.780807219628747773e-01
4.478136538761817165e-01
2.153694922049200489e-01
2.819537923678814284e-01
4.727327880735897603e-01
1.884188406392987847e-01
2.809097124753410224e-01
8.590282359715952776e-01
3.482247281361822711e-01
2.279099912373392378e-01
4.250980419916737807e-01
5.485939186947330626e-01
1.554834554810068659e-01
2.807102876606369923e-01
9.119352868984249572e-01
6.048066080138198020e-01
3.904806252810895106e-01
7.839692111585897516e-01
2.069840830258578013e-01
1.385569940794609822e-01
5.749412015444089752e-01
4.881394588876660778e-01
1.933274132042905047e-01
2.706913063264313468e-01
5.638043872696408831e-01
7.001653494628968799e-01
3.048648585855436299e-01
4.470895706688845506e-01
1.528088321281158846e-01
4.358823774798759598e-01
9.548379306928800325e-02
1.000000000000000000e+00
7.612831835300968297e-01
6.332731526143263734e-01
3.021190069678252321e-01
5.506341215853099991e-02
6.626082582151138212e-01
4.258706512143919931e-01
4.991534402198112841e-01
5.715446706797888687e-01
2.403279503738660061e-01
1.265700432684566390e-01
7.705870100865435113e-01
1.364108031442383961e-01
8.329383059159753966e-01
