-2.678072230595764935e-01
4.368982591033595542e-01
-9.912553536980971414e-01
-9.511837678866166268e-01
5.605103958959226085e-02
3.643978614907051883e-01
-9.975645660497508560e-01
3.671596318238089934e-02
-3.834592760038598724e-01
4.647898617027571566e-01
-7.830174621069763141e-01
9.363464285780087604e-02
-9.207480741204887575e-01
-6.336378955856258877e-01
-8.733132555407909781e-01
8.527289259027071022e-01
-8.104788284984135727e-01
-1.137757947200549458e-01
1.350762895534393659e-01
9.671996725893838853e-01
-9.987747516669187586e-01
-9.441784527850973774e-01
2.218433101073065128e-01
5.663915288092007394e-01
-8.465496672362652353e-01
-4.899136009006721526e-01
9.990070193808366916e-01
1.885409305714613737e-01
-8.255019856010061829e-01
3.320816205241197694e-02
2.052620340767656315e-01
-3.181073844025706920e-01
4.090746067053178114e-01
-6.052525252040927839e-01
9.799019861983730983e-01
8.511902827970642127e-01
7.372513086255767512e-01
3.508889643181035689e-01
8.968362030324382728e-01
7.440411580669572533e-01
7.841507314373920290e-02
-4.260336949905842441e-01
2.201951070823420509e-01
-8.781422371054042886e-01
8.541614727303047383e-01
-4.257945285714876960e-01
-2.254980333305243168e-01
-7.447441357939155182e-01
-3.519852261187367271e-01
8.158300825595729000e-01
3.200010886472608174e-02
6.339830625888325244e-01
9.997334834966218331e-01
-9.849010480172257220e-02
7.961755521962149418e-01
-4.730019294708958100e-01
2.666127926936971426e-01
-6.810227449317870496e-01
7.088759747572426217e-02
-2.335667684265546606e-01
-6.358347806519819567e-01
9.973546279447665919e-01
-8.539230149317200702e-01
6.975125899182363920e-01
6.435003515910761029e-01
-9.955080510630835988e-01
7.662180906975269989e-01
-2.846655772522293376e-02
7.401154034689342298e-01
-7.942788237548004115e-02
7.288187403248391760e-01
-8.658017587489941214e-01
-9.985503289950365957e-01
5.117363710866373872e-01
-2.710435052490516306e-01
1.361943206534227124e-01
-7.890754154130743547e-01
-9.767698123037824587e-01
2.062900184309932744e-02
2.256304103708469400e-01
-3.086749201224868178e-01
-8.783787510807758991e-01
9.235322884620686956e-01
-5.475894111298911238e-01
-2.188315602737024301e-01
-7.463617181976360815e-01
-8.347233454134537212e-01
6.975985863744909032e-01
4.277841877749212207e-01
9.480686899733786754e-02
3.801115678108391016e-01
-2.582780188412412414e-01
-2.024646802063665429e-01
4.734349839776589297e-01
7.238840252840933465e-01
8.021130444655302227e-01
5.775987062720107090e-01
-9.990053989626268560e-01
-4.222830796767128581e-01
8.221061356713339485e-01
-2.191577438084313378e-01
-8.915107931235368710e-01
-4.114696517403187981e-01
7.379207180725499970e-01
-7.095687857303589752e-02
5.497452563088038868e-01
-1.981255411809485500e-01
8.112839899810116995e-01
8.268250653577002840e-01
3.691985699152878775e-01
-2.909788783165077608e-01
6.969789294672334989e-01
-1.332144318963708329e-01
-5.125817610519984857e-01
-9.486686110314526132e-01
5.969160077522350782e-02
6.794848712006569258e-01
6.387911616830204142e-01
-5.238077523052755424e-01
1.463701245710586629e-01
-2.218288384207660613e-01
3.689041568832812090e-01
4.571158106242453334e-01
7.836788368403919680e-01
6.811258733345532113e-01
-1.017837684181161217e-01
8.917099788830736840e-01
5.468764018332797905e-01
-9.945235409337555010e-01
-8.086466598609971523e-01
4.060368385023144788e-01
-2.131421804665683539e-01
-5.708803484691893360e-02
-2.662369574261735372e-01
2.092590151446580560e-01
-1.150440280141311056e-01
6.989322424584361038e-01
-7.073705854799180459e-01
6.452594179406601071e-02
-6.367682016936988543e-01
6.210026143056128767e-01
9.914535814526845847e-01
-8.981420986310260091e-01
-7.268160524739572526e-02
7.735304866461822915e-01
5.260116720192581363e-01
-4.470330692554633778e-01
-1.890909403389629071e-03
2.653228799676884964e-01
8.822227168347303305e-03
-9.284749026921537141e-01
1.469164762772020016e-01
6.383902123698985687e-01
-6.359853008611043856e-01
5.183351597160976709e-01
-2.018530639071671740e-01
-7.520932206994248581e-01
2.181275085667961078e-01
-4.042628237560734750e-01
-2.829427010608984716e-01
-6.389523434594337470e-01
1.068108798276440619e-01
-3.710484735872022766e-01
8.901975883043472537e-01
-7.586448259291751484e-01
-2.335312967516109672e-01
7.617546906223535697e-01
4.919534255693687186e-01
-2.836263050049943057e-01
3.720361401582991112e-01
-5.859798167094154575e-01
-9.960148770753962655e-01
-5.477161933017269391e-01
9.295989624077114488e-01
4.815792880425016076e-01
7.890569727164713498e-01
-3.819158997914806619e-01
-6.486268430372892600e-03
-4.202791999906312775e-02
2.747036444770642460e-02
5.724003154266645854e-01
-4.865251584967377196e-01
9.984719424326626847e-01
-7.666616861178016107e-01
3.091526670628249041e-01
-9.990809231416408753e-01
5.073536831685390158e-01
-7.261323683383711369e-01
-2.611994470700152449e-01
-4.957710534830833682e-01
-6.276002261011119632e-02
-2.877549618296559863e-01
6.888527144736561469e-01
-9.429243924319251624e-01
2.261478114298505204e-01
9.645455266777036574e-01
-5.083257073210039056e-01
-9.994504813938980270e-01
6.219326358800394416e-01
6.822224226578663120e-02
4.721207633870928566e-01
-1.019713354498686664e-01
-1.961898976802075589e-01
-8.319510383832406930e-01
-7.071984103776500774e-01
5.084366836524152333e-01
7.294030458422080532e-01
-2.905073144395453055e-01
3.321912422302657208e-02
-7.572606533470299661e-02
-6.276849913372621881e-01
5.060906140672856435e-02
5.484540847573891043e-01
4.493178659682509624e-01
-8.394560664799863847e-01
9.971639220162711315e-01
-9.000265802853131270e-01
1.153967277289075777e-01
2.334688605583152832e-01
-8.414484270533872934e-01
3.055610179345381594e-01
-7.423164924764942274e-01
3.151020358893786844e-01
6.251679520146251612e-01
-4.991036363259873099e-01
-9.999711713750881747e-01
-5.204379163367507666e-02
1.476055988271050140e-02
-8.149438190513709213e-01
9.984007147624089917e-01
5.340984817572598242e-01
-4.498064150148319840e-01
-5.753494063823545446e-01
-9.974474913005033638e-01
-9.018389150487601258e-01
-7.742812361850641700e-01
1.499220867534073465e-01
-6.314132344071647918e-01
9.275951584348888224e-01
3.435120411891330883e-01
9.960352657422990585e-01
-4.896942835663220528e-01
9.999715460796896327e-01
9.999339111606126984e-01
1.555289126608597194e-01
-5.379196809162762882e-01
9.993969503924997611e-01
-2.144591459177559445e-01
1.040213279292831472e-01
1.805743136632561863e-01
-2.307588663146934241e-03
9.998169691079024091e-01
-3.237375485822228671e-01
-8.193138785712585914e-01
-7.437936676236109879e-01
-2.654189251168000974e-01
-1.548388048085806712e-01
9.243462246355498291e-01
-1.688055347907466142e-01
6.174606767672690122e-01
-9.419550816793299530e-01
-4.469357753474458850e-01
7.902143251929716339e-01
2.924136863274899838e-03
-4.217499601704041146e-01
5.384633994265143331e-01
3.170428034706419540e-01
4.501320345778753174e-01
5.331177255522328018e-01
5.214834080797070559e-01
3.277396986622970187e-01
6.093968687939517181e-01
1.943063006491663192e-01
4.759196844194759635e-01
8.721492107923991544e-01
4.087940725219319504e-01
4.915664139012038136e-01
4.875999383633495832e-01
3.230822594175671858e-01
5.713679333313057551e-01
3.940015999820381531e-01
6.843023774808525417e-01
7.607194259417591198e-01
6.089894144084349037e-01
4.094676686590100756e-01
2.757664863674886835e-01
8.882822235149866463e-01
2.934655213019077280e-01
4.316250093804613885e-01
2.992214883988048024e-01
4.105115289581121596e-01
4.369076643305884744e-01
3.435711541780300804e-01
3.917294552653520778e-01
2.154353083764679044e-01
2.501870693111112320e-01
4.524547482221229489e-01
4.156253258878750412e-01
6.874288961091753469e-01
2.902253510545371729e-01
5.027104010513775423e-01
9.195645712045086295e-01
2.770512622121518165e-01
5.131769410028101941e-01
4.617610365571219178e-01
2.800281077529589435e-01
4.582910396194442293e-01
7.344549733626375421e-01
6.875610516698618113e-01
6.531327633266468258e-01
3.092870367388244057e-01
6.386888429331978312e-01
3.641201821476618417e-01
4.825492825830295374e-01
3.506084876647946880e-01
3.418062099262443310e-01
4.150264774751218910e-01
8.193823172630795293e-01
6.728158895881328760e-01
8.434803898856095827e-01
9.996311481504287499e-01
4.963064028862343990e-01
3.917775563298685482e-01
4.260286261141346120e-01
4.573069125992009765e-01
7.208173924155991674e-01
4.346530227428060389e-01
4.348129317200229993e-01
2.149466289413790310e-01
8.314506708859696893e-01
4.782349712145017584e-01
5.108921011450218153e-01
4.582636580127392167e-01
3.253860091069332716e-01
4.949562430608115404e-01
2.553779346553299856e-01
4.656473128012641460e-01
7.807073016007763933e-01
5.164336443741885940e-01
3.274250042552234730e-01
2.440541406320194673e-01
2.836300163058919077e-01
2.538184093017722409e-01
2.621790172091775784e-01
3.032065362852434109e-01
4.338453753205764318e-01
4.097058246960378902e-01
5.799248848616860297e-01
5.511470919072454233e-01
3.869127690331197744e-01
7.460014352460685449e-01
8.545156249067706877e-01
7.091017772739622860e-01
4.010117127242321944e-01
1.857093243899229362e-01
5.434964708985828841e-01
4.191860697341732722e-01
5.484038072175109191e-01
5.288965038600199620e-01
6.187962555471021586e-01
3.306187967121370086e-01
3.584866180793632173e-01
6.198773124491319120e-01
3.170380039410078954e-01
5.505849565309486326e-01
9.285766250947473655e-01
7.572922187853228237e-01
8.602977616923264126e-01
3.895214645762107852e-01
5.455525676723586015e-01
9.992226383497895270e-01
3.587575374497566916e-01
5.006279459330025272e-01
2.187503440571975932e-01
8.536601497956879392e-01
4.575973137398257062e-01
5.698385172099164064e-01
4.879183640965920610e-01
3.780949501556502002e-01
4.544190747542208308e-01
8.706521188643805420e-01
4.190875431076339641e-01
5.514339143506623575e-01
3.612616086695993323e-01
3.167645149325430953e-01
4.741263029256744810e-01
2.818255567028765673e-01
4.145490932301817422e-01
4.479463269942665082e-01
6.430057882079268650e-01
6.658622878745472651e-01
4.938922318766763020e-01
5.034910873069045056e-01
3.878879921117981411e-01
5.519493895847569220e-01
5.865680538074821149e-01
8.353752941355372386e-01
3.316821810211950661e-01
2.133463335116893844e-01
3.154725468361603280e-01
5.557822559723486489e-01
4.207433348783060634e-01
5.679146695904824238e-01
4.860553515922734769e-01
2.984024113103962428e-01
2.030101513976215188e-01
5.693450792929681814e-01
3.776311003622169205e-01
5.303607488054598029e-01
4.799931059393098831e-01
2.633042759541827094e-01
3.117111471299602865e-01
2.781731071901628605e-01
3.061619872507365114e-01
4.654055767415185008e-01
4.229839864203552846e-01
5.131307795139961048e-01
3.854265513254772069e-01
3.849027164567128678e-01
6.554327518001441533e-01
4.889824990962087781e-01
4.759473833423784050e-01
4.206621805765809463e-01
4.490177806092809920e-01
4.350720350796234981e-01
3.230548475285421883e-01
6.121320273500099329e-01
6.546838982083513780e-01
3.920097575482243690e-01
3.273108140934102295e-01
4.078547330497667156e-01
4.015244128734788420e-01
4.910408810037321659e-01
5.576842935448123040e-01
3.468198272138109384e-01
6.329943771062506164e-01
6.619891363174004173e-01
5.313176393140184306e-01
4.653608891851555018e-01
3.621427205984367736e-01
3.734529949705980845e-01
5.162847474892386934e-01
6.171171344718213714e-01
5.419633610748750829e-01
3.880209227146098616e-01
3.176534166173872742e-01
4.104532935093914703e-01
4.292605353407210611e-01
4.754457799094650716e-01
4.073770335903917905e-01
5.716902015253622071e-01
4.826142809818670387e-01
4.953959191744371493e-01
7.412144275072738431e-01
5.452313951757052912e-01
2.300748869253890772e-01
2.656254454982349689e-01
6.790371400425272430e-01
5.790518822777916963e-01
4.872630451432592436e-01
3.006326397789093052e-01
4.460195649985896349e-01
3.760872019963660273e-01
2.947302262698299202e-01
4.217905909423005362e-01
5.894260505986333998e-01
6.317163352063442927e-01
4.057924513637760633e-01
3.401588883802410535e-01
2.976821760038734777e-01
4.093329476429582447e-01
2.923720203361334091e-01
3.040916873426466882e-01
5.540340193218979969e-01
2.431640207719394930e-01
4.564717643513128698e-01
4.373512187900409631e-01
4.234088057959084495e-01
2.454109469931261001e-01
6.694958628833200809e-01
7.361044299595582707e-01
4.902434172191909578e-01
3.590391290833737648e-01
4.852609317702719083e-01
4.155280592019500174e-01
3.146016578049579682e-01
9.175788059470576519e-01
3.021839110740706102e-01
8.072322855697727784e-01
2.984925149961590307e-01
7.947874933386001040e-01
5.164995709365225451e-01
5.125642668089915865e-01
5.763745999308833579e-01
4.646112317195814079e-01
4.164818467156675696e-01
4.301867691921472669e-01
7.121377381405216145e-01
4.218044114214715701e-01
4.156903594188853246e-01
3.074710055700062838e-01
2.812933617495491090e-01
6.013650291987884255e-01
3.824391693518925939e-01
3.925974858612952811e-01
4.166792926585792256e-01
3.400989251013689652e-01
2.133072855783886834e-01
4.251595328111380523e-01
4.423072877511429191e-01
4.045647490245315447e-01
6.863970133156551690e-01
2.724366220189211596e-01
3.749701303563346411e-01
6.356420726996396819e-01
5.546790338973929257e-01
6.288868366228178575e-01
3.114698098302479679e-01
3.833939641579978685e-01
3.525469136782981572e-01
3.093690426904365243e-01
5.418259974717551941e-01
3.459760347904619060e-01
2.904453223599395839e-01
1.905214864230603822e-01
3.721266112606749776e-01
5.083828379038888290e-01
8.037000311443616152e-01
4.245230388763444607e-01
5.185316212606287944e-01
