-2.306194492411289820e-01
2.343651276795470639e-01
1.000000000000000000e+00
1.779409373289393415e-01
-5.786180901286321898e-01
4.230136485295027393e-01
1.626238949582656246e-01
8.359233612448384587e-01
-5.704269563579288382e-01
1.000000000000000000e+00
-1.000000000000000000e+00
7.280162699031325069e-01
-7.109788026701431285e-01
6.367239432343041461e-01
6.217623152383952023e-01
5.001825950160843082e-01
-6.352312932847232751e-01
1.000000000000000000e+00
-9.264672288789256305e-01
4.721358272372017106e-01
-2.451321831810776009e-01
4.071162853354803879e-01
6.007047684520741004e-01
-8.026439761719098565e-01
-2.236765343005935325e-01
-7.761946150929746047e-01
6.623723494634228270e-01
7.159645497903894817e-01
1.000000000000000000e+00
-2.997597444223961127e-01
1.000000000000000000e+00
4.560830038442046930e-01
-8.872235770244492059e-01
-1.000000000000000000e+00
5.733292542025719696e-01
3.377944302114518349e-01
7.568927480521134843e-01
2.061801659559353017e-01
9.044278365839623079e-01
-9.575815652987942350e-01
1.000000000000000000e+00
2.718370156577465391e-02
-2.099730414148592850e-02
5.137804853992206100e-02
1.000000000000000000e+00
-1.000000000000000000e+00
-4.098978769771968178e-01
-2.268286631579818358e-01
-7.991061496028091238e-01
-7.083737683990383172e-01
-6.186433073025000562e-01
-2.095324407654593213e-01
8.217626389960210886e-01
1.832236832235568103e-01
1.000000000000000000e+00
1.000000000000000000e+00
-1.000000000000000000e+00
1.000000000000000000e+00
-1.000000000000000000e+00
-1.108957004800148333e-01
7.451754491229057864e-01
1.549080646464946476e-01
-4.417586420242350376e-01
-1.000000000000000000e+00
2.237868565286229017e-01
-1.268757737449777157e-01
6.846002428505766346e-01
3.221476286730676208e-02
3.058121260477068004e-01
-1.000000000000000000e+00
1.000000000000000000e+00
-1.000000000000000000e+00
1.000000000000000000e+00
6.147407696318428760e-01
1.000000000000000000e+00
6.318972356229171083e-01
-1.000000000000000000e+00
-2.060042227402062442e-01
-9.384609403431349861e-01
-1.384550932117539768e-01
-1.000000000000000000e+00
1.000000000000000000e+00
8.524405167122609539e-01
-1.000000000000000000e+00
1.179992017680313587e-01
4.137227540190003827e-01
-1.000000000000000000e+00
-1.000000000000000000e+00
7.589847737521687732e-01
-2.513902463030589507e-01
1.000000000000000000e+00
3.030946430627680099e-01
6.017208219122077706e-01
6.574104204319324296e-01
1.000000000000000000e+00
-4.856227757554630875e-01
1.223014321617846567e-01
-7.655189524003953583e-01
1.000000000000000000e+00
-7.544903621418741491e-02
8.527250656004837781e-01
1.000000000000000000e+00
-1.000000000000000000e+00
-4.754291078175907348e-01
7.354584544401261414e-01
5.885820184011628653e-01
2.713810758562422432e-02
-5.331438411152624735e-01
7.319953408388881755e-01
2.885449276119163020e-01
8.374661475137148425e-01
5.165579893011942314e-01
-5.593126474425741401e-01
-1.000000000000000000e+00
8.359922683866375381e-01
4.921950939809958681e-01
-8.130932342352944486e-01
-1.114170439883476194e-01
8.252460989043376438e-01
-1.000000000000000000e+00
4.767703701960179230e-01
-5.884649273133325531e-01
-1.000000000000000000e+00
9.945225359187069847e-01
1.000000000000000000e+00
1.709817129469930475e-01
-3.627400230136774706e-01
7.612664412880109088e-01
-5.976456003409358342e-02
1.000000000000000000e+00
-9.887309231833688594e-01
-1.000000000000000000e+00
-3.150238536065377293e-01
-1.000000000000000000e+00
-3.377848135883941283e-01
7.106440637326969512e-01
6.413147547332647136e-01
-1.000000000000000000e+00
4.950252546993234026e-01
1.000000000000000000e+00
-2.396033536204585090e-01
-6.964628048176414454e-01
-5.445992648700066496e-01
-7.537971977741428908e-01
5.144326945091345360e-01
-1.000000000000000000e+00
8.977165760355452218e-01
6.428580033609009314e-01
4.642527418574787790e-01
-3.122645581166150763e-01
1.000000000000000000e+00
7.542024883735098939e-02
-6.456756802299719322e-02
-1.000000000000000000e+00
-1.002891209036638059e-01
-2.639068441787694175e-01
2.850749498228137835e-01
9.920543739783008741e-01
1.000000000000000000e+00
-9.490250853158165301e-01
-1.000000000000000000e+00
-5.171167970895904631e-01
-9.226126561665964898e-01
-2.529977413005757292e-01
-1.000000000000000000e+00
1.252977931253929089e-01
-9.068535384422593548e-01
-3.838800463944467278e-01
9.659366854131975488e-01
-6.927372095966927157e-01
-7.266485197097276583e-01
1.000000000000000000e+00
7.288143625192622377e-01
-1.000000000000000000e+00
-1.000000000000000000e+00
3.342703341423890473e-01
-1.000000000000000000e+00
-5.949449678481426584e-01
-8.727526043218865048e-01
-1.980532106739006926e-01
8.343748147130018999e-01
-1.000000000000000000e+00
-2.365226980336410101e-02
-7.557076160517811614e-01
5.778363433953198625e-01
-1.000000000000000000e+00
-6.349102774861328236e-01
7.550654390743264388e-01
1.000000000000000000e+00
3.217789116471364563e-01
-1.642890955038002754e-01
4.645816846009271361e-01
-6.171939075951630160e-01
9.656474461735963244e-01
-1.720426225354521055e-02
-4.368345466598660409e-01
-2.259094308918518923e-01
3.105876167364863827e-01
-3.964479108919690131e-01
-5.362689726033369464e-01
-8.162077845890498562e-01
2.815014306478591521e-01
-5.968979945212594673e-01
2.159002748175027631e-01
1.000000000000000000e+00
3.891970158939807023e-01
-8.851858238742288387e-02
2.197170012612347234e-01
-1.082962997600680766e-01
5.992722186040232435e-01
8.098844320435567568e-01
-2.141997103911852385e-02
9.356256476318040027e-01
1.194617599246558526e-01
1.000000000000000000e+00
1.000000000000000000e+00
-9.480109927707690565e-01
-2.601279399468545694e-01
-1.521474739998643910e-01
7.337841204061883449e-01
-1.000000000000000000e+00
1.000000000000000000e+00
-8.318281336983072149e-01
1.000000000000000000e+00
6.649620038989303428e-01
-5.029804317957050630e-01
-1.722149395675506289e-01
-7.307111563047619107e-01
9.268458009573792289e-01
-4.167680838776546826e-02
-1.000000000000000000e+00
1.000000000000000000e+00
-8.776591880229838161e-01
-2.763670554591796669e-01
1.000000000000000000e+00
-4.946288575299295776e-01
-6.380077636754455384e-02
-4.445392064340292770e-01
-2.618104032054946462e-01
9.738489689256355497e-01
2.863181926620005369e-01
-1.000000000000000000e+00
8.067164289043948777e-02
-5.490042015211071824e-01
1.950910939916633835e-01
4.870156903436280160e-01
-1.000000000000000000e+00
2.288509918604209048e-02
1.000000000000000000e+00
-7.841275382303669605e-03
-7.828081044175057290e-02
7.334116648807348371e-02
9.915623219173517189e-01
-1.000000000000000000e+00
-1.061067217188529921e-02
-7.328027570771400434e-01
1.000000000000000000e+00
-8.562375169419903509e-01
2.197870397674561715e-02
1.000000000000000000e+00
1.597891650815563835e-02
-3.857056825181381932e-01
-2.703196703507446119e-01
7.231190737463186746e-01
-9.364115540357711431e-01
3.649777764716495843e-01
2.303347975538339587e-01
4.817843174246356219e-01
3.619666094501990949e-01
3.813433705664618922e-01
7.254663074518140631e-01
8.594734746889850507e-01
1.770390575542746259e-01
5.480438794206232700e-01
5.682886246259221119e-01
1.000000000000000000e+00
9.306166634336155985e-01
6.598310274567693590e-01
3.639135010905444889e-01
1.618004558405566340e-01
2.183697103758601987e-01
2.208816386372241258e-01
9.947506924241525939e-01
3.026625714355605790e-01
2.952159223114081410e-01
3.789853708427294299e-01
2.669357256370276654e-01
3.845492323226175624e-01
9.674036941892326380e-02
2.033592384770143702e-01
2.713342058533744217e-01
6.245911807120396730e-01
2.818855392595469023e-01
1.697405654623711235e-01
3.929989057406738096e-01
7.113735800186569147e-01
4.861881963942040197e-01
6.469848543089905257e-02
5.209617434542799241e-01
2.992525508940362400e-01
3.980837940918002249e-01
4.987286564282539247e-01
4.294849663900842107e-01
1.009306089145092650e-01
7.613557814316436190e-01
5.262522655793350213e-01
6.229567482395981237e-01
7.336713377113182055e-01
3.931105565344225061e-01
8.782452753997543882e-01
1.000000000000000000e+00
7.832621937620761754e-01
3.962972238742748510e-01
4.346346308950783666e-01
1.044504548434159324e-01
1.285531112012478494e-01
2.020251531680995749e-01
2.825122779997537026e-01
1.870271742025950146e-01
5.840803794771527446e-01
1.000000000000000000e+00
9.350189605719205765e-01
9.090008224917437429e-01
4.971260860077609256e-01
1.867569338610708118e-01
2.465358840349494429e-01
2.854626942629096553e-01
2.287585888503007869e-01
2.237393297587861041e-01
2.008076541766312673e-01
3.160199289207709095e-01
7.061500588160236624e-01
1.749174187092435162e-01
2.864855121042767516e-01
5.953815443519904216e-01
4.772026898654053162e-01
5.026507639367191471e-01
1.000000000000000000e+00
7.433864977088805448e-01
1.913465046129003144e-01
9.698644567071787459e-02
1.132072758050984562e-01
9.134335037283475289e-01
2.340153463228868691e-01
1.240734043928377606e-01
2.404024430626238440e-01
8.233794586280778205e-01
7.618226054755518062e-01
5.799680300660374765e-01
1.000000000000000000e+00
1.291600628434889098e-01
1.000000000000000000e+00
4.172962105493113194e-01
4.477552444889714156e-01
4.866905988230233460e-01
6.246423239947888062e-01
1.200466959620749702e-01
5.344121350316479724e-01
3.886128477342202236e-01
8.121024584726403983e-01
1.539388202994411148e-01
2.039459193011802229e-01
9.502991546658944300e-01
2.422456040392688137e-01
4.555170620956964234e-01
9.284022245738956514e-01
3.289195162537447703e-01
6.548586125418454085e-01
7.364202161010915404e-01
2.339060994553407435e-01
7.059085984676279901e-01
1.563884550880506596e-01
3.597994759091613926e-01
8.669913088948718594e-01
4.001739593029557951e-01
2.083504328473349820e-01
4.467944031860037191e-01
6.178136968076876068e-01
4.553888560825850584e-01
3.505549263371600666e-01
6.005978362070970578e-01
4.282074162507005233e-01
2.710938286475529924e-01
2.049010264553139393e-01
1.474057456185562387e-01
3.297735104543868534e-01
3.067465162144149549e-01
8.362445249490361165e-01
1.702971330547432827e-01
1.000000000000000000e+00
5.536673341322079223e-01
7.163647350853797890e-01
2.035806702900494480e-01
4.961138331937358092e-01
5.460966716389304976e-01
7.036183624406849857e-01
7.298429283103919918e-01
5.131497950308649969e-01
3.422417476484450605e-01
6.589809971552276213e-01
3.632164961486853971e-01
1.524047265790378636e-01
1.792511524645958310e-01
1.118082339708819928e-01
1.000000000000000000e+00
1.385461460115764709e-01
2.669924961943700992e-01
5.064021258995633490e-01
6.627726666958838608e-01
3.809974787536899443e-01
5.440402914692598069e-01
8.568409070102460667e-01
4.955562029677073599e-01
3.474312609394145657e-01
4.115726768819323866e-01
9.125982685383092763e-01
5.110512257192660890e-01
2.138338510863993791e-01
2.447507402648390895e-01
2.849050964942941855e-01
2.647487968104507150e-01
2.118745334763444954e-01
4.263251548235872934e-01
4.196387295358627312e-01
4.827377134411033888e-01
8.515363603581952434e-01
6.324178290867281671e-01
7.666659050372214290e-01
5.896696995945632791e-01
6.021444997380082098e-01
6.434700363032996862e-02
1.675103810424276307e-01
2.108210793121100268e-01
3.391914606046924074e-01
3.235159217608149507e-01
4.406979507875050661e-01
2.205799467708341455e-01
1.640579372281789072e-01
2.642040210480985363e-01
3.111158184444369756e-01
7.793094199392829324e-01
9.731750349795426080e-01
2.711390889957407957e-01
6.355240846170931990e-01
4.901616271827163862e-01
9.034643886846001060e-01
6.508274055105445211e-01
5.559624948616450624e-01
1.668558041735637987e-01
3.846704545556888788e-01
5.087738215994866975e-01
3.079421459530971017e-01
3.828771190409031022e-01
3.635587274045249950e-01
2.623054768400271963e-01
3.109287079596577685e-01
2.414469801739300980e-01
4.313250382653447956e-01
8.531715755891904340e-01
5.858892938334102629e-01
2.810569738146100338e-01
6.056852167504209739e-01
7.032449600935385403e-01
7.383761721773877962e-02
2.003957428605188662e-01
7.685892381781407323e-01
7.230275131069759942e-01
3.344878489057441784e-01
1.999951833094245068e-01
9.036824591724667011e-01
2.265515465125645944e-01
3.368924943802505401e-01
2.639870364490315979e-01
8.559622791574250655e-02
5.504890586108106554e-01
1.000000000000000000e+00
5.740723046776058380e-01
1.806508362114288002e-01
4.547524784370177153e-01
8.276546916136733323e-01
7.516860145171395668e-01
5.154606763692596294e-01
3.549587639570680464e-01
1.000000000000000000e+00
2.937722296343010520e-01
8.377756676831914495e-01
2.208830970885539979e-01
4.355082097483374270e-01
3.582143652838158387e-01
3.437292903892801288e-01
6.245794822502355181e-01
4.698033343645141025e-01
4.471933954325552074e-01
1.593973080194590886e-01
1.350634642409284936e-01
2.334970450572571854e-01
8.086227603465828695e-01
5.792749903794852662e-01
1.060321795634885933e-01
3.807168085381249512e-01
2.267760498997856144e-01
2.712261273141199913e-01
1.576215290405381664e-01
9.078408399677387886e-01
8.923706532325317853e-02
2.716615667685250979e-01
9.198698951543992086e-01
5.751754228821559511e-01
2.592270472394976322e-01
4.282096960437996591e-01
7.358902546220174035e-01
4.317553961621765635e-01
1.000000000000000000e+00
8.248959644660486257e-01
6.222496071252375804e-01
3.883698714188147383e-01
5.253551806952400094e-01
2.506238777952269348e-01
4.090572730507769927e-01
6.689462219455744041e-01
3.464970190077584222e-01
6.996917241151593414e-01
7.884397736957740044e-01
5.008081624470280824e-01
5.152879481870680234e-01
4.945171641316077893e-01
3.709672795997438488e-01
4.322810247233285219e-01
6.031245932054106751e-01
3.266274389143932200e-01
