9.038211605507113777e-01
6.284731141527637455e-01
1.000000000000000000e+00
-4.089504882161468791e-01
-3.688628828873809495e-01
3.601937898847727415e-01
1.000000000000000000e+00
1.000000000000000000e+00
-1.000000000000000000e+00
-1.000000000000000000e+00
-4.366392633888322994e-01
-6.562030715367730416e-01
-1.000000000000000000e+00
1.000000000000000000e+00
-6.308397710045265949e-01
5.680997215374443687e-01
2.608902691635762716e-01
-9.724921114746141182e-01
5.322560715591004854e-01
1.000000000000000000e+00
3.280192329482289337e-01
-8.176658822977562746e-01
-8.207901407737078214e-01
-1.000000000000000000e+00
2.390027070373537676e-01
-1.000000000000000000e+00
-1.000000000000000000e+00
-1.000000000000000000e+00
-1.318099622099085100e-01
1.000000000000000000e+00
-1.000000000000000000e+00
1.000000000000000000e+00
-3.636412011219622431e-01
8.609042260728816398e-02
-1.197928938309597013e-01
-2.119154638900570820e-01
-2.390928311914766735e-01
-3.503283627645130127e-01
8.904235008894318959e-01
1.000000000000000000e+00
9.483899548208084562e-01
-8.247404188362617017e-02
-7.957772250120275226e-01
9.374128894187256922e-01
-1.000000000000000000e+00
7.218600858192263381e-01
8.279826896678932346e-01
4.484544970675510278e-01
-8.692833272062127081e-01
-2.828587448205791000e-01
1.295757416427046893e-01
-5.546144484138453290e-01
5.263465276231510392e-01
6.879298436972055564e-01
-1.000000000000000000e+00
-1.828111953722333372e-01
-2.879691499704704616e-01
-1.000000000000000000e+00
1.000000000000000000e+00
-4.769781382249848600e-01
-5.332546549715742046e-01
-3.406026263070003890e-01
4.011862442922341510e-01
-7.173779679600612580e-01
1.000000000000000000e+00
-2.011048471844221197e-01
-1.000000000000000000e+00
-7.810128446543388447e-01
5.826293168275684664e-01
-5.255360713771839443e-01
1.000000000000000000e+00
-8.143272130705192513e-01
6.798927511634628162e-01
-2.532196547945447795e-01
-4.030226534995728915e-02
-7.484344325568191847e-01
-3.399147537152786280e-01
-2.631045165777827766e-01
8.641314887132218736e-01
-1.000000000000000000e+00
-1.508741123313106502e-01
-3.163612271519350427e-01
-1.706283067291910482e-01
-5.669646651905471124e-01
2.629385612453074006e-01
-9.387233070739088303e-01
-1.000000000000000000e+00
-1.330252858634615176e-01
-6.691574297692803874e-01
9.571400091051474046e-01
-4.125770620192710791e-01
-2.375975797178928595e-01
8.223190601245514708e-01
5.018449643633148272e-01
1.000000000000000000e+00
-1.000000000000000000e+00
-3.254277452034097240e-01
3.760529116419454310e-01
1.000000000000000000e+00
9.574194909274333920e-01
1.000000000000000000e+00
1.000000000000000000e+00
7.014412791808423142e-01
-5.181401967314309687e-01
1.000000000000000000e+00
1.000000000000000000e+00
2.029842235187929722e-01
-5.318422793490792388e-01
-1.915598566131609115e-01
-1.000000000000000000e+00
-1.000000000000000000e+00
-8.748394489657264073e-01
7.363172503025549043e-01
1.000000000000000000e+00
5.598768205115608465e-01
-1.006445929792013083e-02
3.115779148021751155e-01
-3.571992967206280012e-01
-1.043094697387045300e-02
-3.741406951793244673e-01
-1.655781471885120482e-02
3.525200113446668726e-01
8.105525895756147126e-01
4.304184615506217448e-01
-7.847428557075496469e-01
-8.413153461898368324e-01
-2.267287158198162955e-01
7.012266113260203770e-01
1.763616755166614869e-01
-1.000000000000000000e+00
7.618292288221757413e-01
1.365255254791236661e-01
5.414372500646810193e-01
5.696160123362676853e-01
-1.000000000000000000e+00
1.040398582326403920e-01
-1.000000000000000000e+00
-4.455525268610703860e-01
5.261742162900490127e-02
-3.380404338120185370e-01
-1.000000000000000000e+00
-5.542287878577907279e-01
2.402903511801810499e-01
1.000000000000000000e+00
8.724892310550368402e-01
1.000000000000000000e+00
-1.575688609931075734e-01
-7.306182613614577992e-01
5.238533505109251864e-01
7.189212170733801921e-01
2.427277947822331639e-01
-1.000000000000000000e+00
4.874167206706149225e-01
9.433806532950173018e-02
1.313279361294397152e-01
-1.000000000000000000e+00
-1.000000000000000000e+00
-4.493406264116197590e-01
-1.000000000000000000e+00
-1.000000000000000000e+00
-1.008171398516953809e-01
1.000000000000000000e+00
-4.155265579581122193e-01
8.282420367991343291e-01
-5.500470070262869493e-01
1.000000000000000000e+00
1.978252390080349754e-01
1.217218649610948833e-02
8.784354879684383999e-01
-5.177785664147986910e-01
-1.000000000000000000e+00
-5.696945373129960188e-01
-2.242194852384075954e-02
-1.000000000000000000e+00
6.959674577660110995e-01
-1.000000000000000000e+00
-1.420356609897613920e-01
6.876309078523794582e-01
-6.868847647794880107e-01
8.012330568151900811e-01
-1.000000000000000000e+00
-1.000000000000000000e+00
-1.000000000000000000e+00
-5.176898535920171351e-02
1.045297343748321506e-01
-5.093279918079045565e-01
6.634889512545614210e-01
9.695926442744612350e-01
1.000000000000000000e+00
6.603382308276621870e-01
1.890211050292753825e-01
-9.573117714081728069e-01
4.235135377926912414e-01
-8.501626781979139125e-01
1.000000000000000000e+00
2.581509915881298189e-01
1.304240667807012866e-01
8.703833904711795189e-01
8.301440685258842933e-04
1.000000000000000000e+00
2.394362464313490313e-01
-7.694767422380442978e-01
6.404456846422433847e-01
-1.000000000000000000e+00
-8.918813109503349601e-01
1.867649881436211912e-02
8.584006516634893336e-01
1.000000000000000000e+00
-4.400740445201850592e-01
9.041421522516522868e-01
4.547328941368296573e-01
-1.022761911192321960e-01
9.991868847179168345e-01
1.313022349425236046e-01
5.369545898289787011e-01
1.000000000000000000e+00
-1.259646073986826487e-01
-1.000000000000000000e+00
-6.638224650324535403e-03
-4.603439844367660516e-01
1.000000000000000000e+00
-1.939546437420269775e-02
5.128069481906732952e-01
-1.554217450174134596e-01
4.856923961234328457e-01
-2.787551905319105572e-01
-6.226604946636049576e-01
4.221748388851134237e-01
1.000000000000000000e+00
-8.162186665814530340e-02
-1.000000000000000000e+00
1.000000000000000000e+00
-1.269378018436659317e-01
1.292418491562915550e-01
-9.003303710119826553e-01
-5.830835785898788037e-01
-7.208667591494427596e-02
2.551036271845208425e-01
-4.260235465723115067e-01
1.000000000000000000e+00
-9.515174702020872122e-01
9.590898945417581922e-01
8.582405541845788965e-02
4.350914734544001905e-01
7.270745201908721533e-01
1.918492660821121687e-01
6.759981478180726588e-02
-6.398772800647773984e-01
8.755197118717048532e-01
-1.000000000000000000e+00
-1.000000000000000000e+00
8.603659441845287192e-01
-1.000000000000000000e+00
4.265714026340235443e-01
-1.000000000000000000e+00
3.425619912543957923e-01
6.189670645225153756e-01
-1.000000000000000000e+00
6.468207865147648228e-01
-3.212997186780204295e-01
-3.285588281719154513e-01
-8.715450257207335572e-02
3.801594742821866324e-02
-6.786528148196940835e-02
8.252611124120737829e-01
1.869607972808034202e-01
3.712338425272955211e-01
6.063446644448801104e-01
2.301625789591731641e-01
1.978643186097701623e-01
7.348498247363377534e-01
4.507548055986160818e-01
1.000000000000000000e+00
7.735035875734408428e-01
3.583271442896669989e-01
9.793090473921949313e-01
7.518118794643967595e-01
5.467862726050024547e-01
6.223917625756162364e-01
1.000000000000000000e+00
3.470177833150957514e-01
9.805951870621463229e-01
1.000000000000000000e+00
1.881921645364009743e-01
7.644401942694675212e-01
6.014282103437961630e-02
1.938104958716067860e-01
3.356406162034688556e-01
6.012717479994061920e-01
3.101328984497281893e-01
9.688871676388258747e-01
9.506792109902153509e-01
5.190691554117196072e-01
2.722865604771150805e-01
4.931753541482967740e-01
4.009540820443787679e-01
5.133527267199511357e-01
4.235629214542339649e-01
5.261442984300082060e-01
4.969954746219047426e-01
1.000000000000000000e+00
2.797626484951683534e-01
2.123659167302011375e-01
6.575453551465670898e-01
5.526140904250541330e-02
8.275156043435136777e-01
3.875371231689721530e-01
3.916787139582088018e-01
8.645968145250970682e-01
6.427468798696712726e-01
7.255364852249025498e-01
6.189058339828610311e-01
8.241465287893093850e-01
1.000000000000000000e+00
1.942364794676652850e-01
4.289575903582072414e-01
9.866455152534202577e-01
8.178256640986691917e-02
6.444243088541266873e-02
6.646785014385431234e-01
1.000000000000000000e+00
5.328836347462434508e-01
3.072731376320790853e-01
5.582425945505996578e-01
1.425671622271350303e-01
6.284627423463300389e-01
7.137003013102834192e-02
3.590274729990536318e-01
2.367515467071561186e-01
2.708264262823805169e-01
4.147698781575227533e-01
1.000000000000000000e+00
4.844901523721122372e-01
4.587135670834449619e-01
1.000000000000000000e+00
4.764305625132341793e-01
5.209122425570303916e-01
3.884678213167488958e-01
9.258847626214874449e-01
5.019232899659080704e-01
5.431862348162773690e-01
4.938210640929396322e-01
5.567003149277615082e-01
4.485990558868653277e-01
1.000000000000000000e+00
3.800558094776991247e-01
8.491600314097647040e-01
8.084581284951809499e-01
5.962773367640966660e-01
2.464535686056331110e-01
2.498299456672432306e-01
1.000000000000000000e+00
4.655877338254857389e-01
8.232606754797721083e-01
4.895347534519031707e-01
5.331058189661869173e-01
9.734851704510837367e-01
4.024194711125143598e-01
2.871841906808681455e-01
5.937205145256986283e-01
2.020143871729711826e-01
3.032245020766795029e-01
8.086176150605757229e-01
3.558554538906163467e-01
1.661169855001822238e-01
4.024983409621275543e-01
6.750387163493916098e-01
8.704485182746120042e-01
3.220774614001813418e-01
3.979364495255538481e-01
1.000000000000000000e+00
9.987485140014050744e-01
5.011152867775444664e-01
3.555819671554028005e-01
5.629873489677968967e-01
1.000000000000000000e+00
3.221902412435935226e-01
7.179436527969810244e-01
6.383551486501173322e-01
2.408822180676303548e-01
3.001075762779773504e-01
1.000000000000000000e+00
7.247527436005395396e-01
4.322920503925390401e-01
7.193733490605320746e-01
9.599060943984385474e-01
4.823936761033421616e-01
7.885150205985207439e-01
5.991092597061877800e-01
4.222919457647881791e-01
5.897874106516988180e-01
2.534074950481211008e-01
6.282872031020554360e-01
4.014892932800065983e-01
1.000000000000000000e+00
6.119201282141459863e-01
1.000000000000000000e+00
3.223116429741106903e-01
2.360643549003365871e-01
7.378983419485732886e-01
2.564126558598451844e-01
5.371098947498601506e-01
8.087476003422209292e-01
6.810649077160991771e-01
3.240651607784987287e-01
8.093163088030274066e-01
8.577147028542886353e-01
4.864681534696526644e-01
7.115728059913644099e-01
4.351574922277034463e-01
2.776685873567019680e-01
4.693372466034083090e-01
1.519284107903665915e-01
3.651459411669906174e-01
8.070628246578510911e-02
1.219165063995263920e-01
4.779771827047380461e-01
2.284382398241171508e-01
6.297168844948632938e-01
2.491010771801860091e-01
2.935213910195831333e-01
5.455078445163998868e-01
3.412141012953763819e-01
2.904807575634530958e-01
8.731186860307774689e-01
3.712670775020222025e-01
8.043341131861538873e-01
2.983714985825815513e-01
3.689030466219409554e-01
1.862886954549140828e-01
1.000000000000000000e+00
1.726148532773792987e-01
2.310135148672652072e-01
6.086638432799232890e-01
4.800502691699133351e-01
3.643163296885525981e-01
6.185074533439282041e-01
3.041897909489004181e-01
4.104415469086507007e-01
7.180606418883465070e-01
1.000000000000000000e+00
6.249198837988094724e-01
3.442505531685463027e-01
3.443430896658588036e-01
5.360117849868558659e-01
4.145362036934239214e-01
8.700519040313456909e-01
9.790725837124278907e-01
3.909020737883936447e-01
6.981714447192500783e-01
5.410217812933755255e-01
4.019268526647296058e-01
5.232893825022872925e-01
1.000000000000000000e+00
7.469273813197692125e-01
6.234630039160043991e-01
5.105041270146501997e-01
7.270208030476063010e-01
5.418642107866292745e-01
7.609707672104704113e-01
2.497047934586891782e-01
4.932522328099405162e-01
9.260795710259058788e-01
2.690097610252058513e-01
6.247770033851057780e-01
2.024605715631234426e-01
3.510889703198341594e-01
5.648781325003658649e-02
4.222627851064891802e-01
7.942511682702265707e-01
4.662019000605009400e-01
2.276409256508856727e-01
7.637004788045892445e-01
3.676617737503288796e-01
6.851925210928498655e-02
3.167593919934915681e-01
7.348099196400180722e-01
8.653477319513933619e-01
2.859266843680497439e-01
5.634773134991681864e-01
1.960353599632438937e-01
7.817934056183163394e-01
6.114126112989139994e-01
3.932667959659619239e-01
4.651435580483980203e-01
1.000000000000000000e+00
5.967550221859032611e-01
5.050570215737392177e-01
8.379497911796889298e-01
1.000000000000000000e+00
3.499039558280183648e-01
4.015624607411800162e-01
1.000000000000000000e+00
4.187375800645675716e-01
9.193596581094346520e-01
6.875982081047409267e-01
4.761805250155733971e-01
1.000000000000000000e+00
1.783623602117755391e-01
5.010020086872829514e-01
2.288241258231375475e-01
3.479761189672229138e-01
4.617458085378337018e-01
1.174551977344323733e-01
5.353980042137507223e-01
1.000000000000000000e+00
5.588038600855291804e-01
4.500681013220418913e-01
1.364550532107306480e-01
5.709668311244688876e-01
7.865702714462879941e-02
4.623399744897084274e-01
8.661677859986953720e-01
3.635861198028816910e-01
4.458450188696058136e-01
1.000000000000000000e+00
4.683218042377931267e-01
4.712534659489968636e-01
8.097018778093968416e-01
1.000000000000000000e+00
1.000000000000000000e+00
2.710323691281278369e-01
1.710471156067168153e-01
6.738345562527817689e-01
2.874929857876313277e-01
8.456714959270979215e-02
5.751478874630300275e-01
4.711933283280057561e-01
2.929733864913667829e-01
2.973311227207996454e-01
