1.000000000000000000e+00
1.000000000000000000e+00
-6.598712318782047337e-01
1.000000000000000000e+00
-1.000000000000000000e+00
1.000000000000000000e+00
5.725837899402504982e-01
1.000000000000000000e+00
-1.000000000000000000e+00
1.000000000000000000e+00
-6.581760275495204260e-01
1.000000000000000000e+00
-2.827854167676773223e-01
1.000000000000000000e+00
5.711518113338888147e-01
1.000000000000000000e+00
2.385590254857787862e-01
5.239331061339836948e-01
1.000000000000000000e+00
7.280077644548645921e-01
-1.374190541692493772e-01
-1.000000000000000000e+00
1.000000000000000000e+00
-5.758110368804081336e-02
-1.828363801589789062e-01
6.617606600362861968e-01
-1.000000000000000000e+00
8.356742427252353833e-01
1.643399356057073657e-02
-1.000000000000000000e+00
-1.000000000000000000e+00
-9.718184389777222432e-01
7.951022046037059532e-02
-1.000000000000000000e+00
-1.985061789726773052e-01
-3.737102458763619239e-02
-1.000000000000000000e+00
1.000000000000000000e+00
7.754653927124633972e-01
-9.724331737605798054e-01
-7.734061038546569122e-02
-6.829060482247322206e-01
-1.000000000000000000e+00
-1.000000000000000000e+00
1.286685866331604977e-02
1.000000000000000000e+00
1.000000000000000000e+00
-1.000000000000000000e+00
1.000000000000000000e+00
1.000000000000000000e+00
-2.386327574817861397e-01
-4.097491781267802446e-01
-1.000000000000000000e+00
1.000000000000000000e+00
1.000000000000000000e+00
-1.000000000000000000e+00
8.814601860671040789e-01
1.000000000000000000e+00
1.000000000000000000e+00
6.205536794590773564e-01
-1.000000000000000000e+00
-9.970302815342557690e-01
3.574112324260720897e-01
1.000000000000000000e+00
4.304168820997517075e-01
-5.211278659706912730e-01
5.295938814415788176e-01
-1.000000000000000000e+00
7.671453261846353788e-01
-1.979650668747737763e-01
1.000000000000000000e+00
-1.000000000000000000e+00
8.274451614553387513e-01
9.300007191572857712e-01
-1.000000000000000000e+00
1.000000000000000000e+00
1.000000000000000000e+00
1.000000000000000000e+00
9.198741467759230517e-03
-1.000000000000000000e+00
-7.145299198863650503e-01
-7.407517089110891018e-01
-3.095260992142366829e-01
-1.923957090132479841e-01
-1.000000000000000000e+00
8.768566836659519304e-01
8.115343993063273142e-01
-3.095541474543182514e-01
7.420760949858336009e-01
1.000000000000000000e+00
1.000000000000000000e+00
-1.000000000000000000e+00
1.000000000000000000e+00
-1.000000000000000000e+00
8.302252326486294631e-01
1.000000000000000000e+00
1.000000000000000000e+00
8.600441755699173019e-02
3.384963534664626739e-01
-1.000000000000000000e+00
-1.000000000000000000e+00
-7.359441894478663260e-01
-5.797874628503105754e-01
1.000000000000000000e+00
-8.373195035510785367e-01
-1.000000000000000000e+00
-1.000000000000000000e+00
1.000000000000000000e+00
7.978011218121650039e-01
1.000000000000000000e+00
1.000000000000000000e+00
1.000000000000000000e+00
8.771775355465140089e-01
9.227477749155665876e-03
1.000000000000000000e+00
7.862301055849629794e-01
1.000000000000000000e+00
1.000000000000000000e+00
-1.000000000000000000e+00
-3.251535849533117029e-01
1.977527541861219262e-01
-1.000000000000000000e+00
1.000000000000000000e+00
1.000000000000000000e+00
-1.000000000000000000e+00
-1.000000000000000000e+00
7.046627681493395912e-01
2.269214245330209989e-01
6.399813452899890676e-01
-3.597934183301519928e-01
-1.000000000000000000e+00
-4.297630085785939524e-01
7.018403096673402342e-01
-1.000000000000000000e+00
-1.000000000000000000e+00
-1.000000000000000000e+00
-1.000000000000000000e+00
2.372335034583217261e-02
-5.587604653422469925e-01
-4.839515534172491584e-01
-1.000000000000000000e+00
-2.220505060790678442e-01
1.000000000000000000e+00
1.000000000000000000e+00
7.939380844803477499e-01
-1.000000000000000000e+00
-1.000000000000000000e+00
-6.674761949444965037e-01
1.000000000000000000e+00
-6.991506960925703007e-01
-1.000000000000000000e+00
1.000000000000000000e+00
1.000000000000000000e+00
-1.000000000000000000e+00
-1.000000000000000000e+00
1.893896050381332907e-01
1.000000000000000000e+00
1.000000000000000000e+00
-7.094607458843038561e-01
1.000000000000000000e+00
1.078067156825388562e-01
8.860529033130009058e-01
-6.002991897294500667e-01
1.000000000000000000e+00
1.000000000000000000e+00
9.810364566576311729e-01
-1.000000000000000000e+00
-1.000000000000000000e+00
-4.822296109993270408e-01
-1.000000000000000000e+00
1.000000000000000000e+00
1.000000000000000000e+00
8.718366670744684965e-01
-1.000000000000000000e+00
1.000000000000000000e+00
9.382979357249670027e-01
-6.470359788169349757e-01
1.000000000000000000e+00
1.000000000000000000e+00
9.595233677866075173e-01
-3.426487940333329263e-01
1.000000000000000000e+00
-1.000000000000000000e+00
-1.661768697307534071e-01
-2.590817966921149518e-01
7.512258857363228737e-01
8.362883301501611299e-01
-1.000000000000000000e+00
1.000000000000000000e+00
1.000000000000000000e+00
-4.921222027855043368e-02
-1.000000000000000000e+00
1.000000000000000000e+00
-8.034577926607788800e-01
6.736809230098295131e-01
8.082918749639825817e-01
1.000000000000000000e+00
-5.378562653945191396e-01
4.828532777318566560e-01
2.190330826559045985e-01
8.955299682329009858e-02
1.094237814547820431e-01
1.000000000000000000e+00
-6.271245000970883110e-01
1.000000000000000000e+00
2.920935667347075437e-01
5.343562094583831357e-02
9.339995350874832347e-01
-8.818795339929608179e-02
-1.000000000000000000e+00
-2.795838497230984654e-01
-1.000000000000000000e+00
1.000000000000000000e+00
1.000000000000000000e+00
-1.000000000000000000e+00
4.089660678336256572e-01
1.000000000000000000e+00
-1.000000000000000000e+00
8.068692367533891741e-01
-1.000000000000000000e+00
-1.000000000000000000e+00
-9.786565462661589443e-02
-5.046539903849261988e-01
1.000000000000000000e+00
1.000000000000000000e+00
-1.000000000000000000e+00
4.287534988437662342e-01
-3.675746820984128749e-01
1.000000000000000000e+00
1.000000000000000000e+00
1.000000000000000000e+00
1.000000000000000000e+00
1.000000000000000000e+00
1.021393293317173212e-01
-1.000000000000000000e+00
-1.000000000000000000e+00
5.434237896565219383e-01
1.000000000000000000e+00
5.937379005247803709e-01
-4.896454120993222192e-01
2.357578229363599398e-01
6.058876362947448468e-01
1.000000000000000000e+00
7.158820333037088091e-01
1.000000000000000000e+00
1.000000000000000000e+00
-1.000000000000000000e+00
1.000000000000000000e+00
-1.000000000000000000e+00
-1.000000000000000000e+00
1.000000000000000000e+00
7.623878055057559111e-01
-1.000000000000000000e+00
1.000000000000000000e+00
-7.784102333050141320e-01
-1.000000000000000000e+00
-1.000000000000000000e+00
1.000000000000000000e+00
4.529497363463508286e-01
2.990767612379970908e-01
-3.310234927438704400e-01
-1.000000000000000000e+00
1.000000000000000000e+00
-7.933502838212631580e-01
-1.000000000000000000e+00
