-6.838203470991643940e-02
-2.591381825886653889e-01
-2.696676591754086916e-01
-1.645160953404783966e-01
5.945449476017931195e-02
7.036911536232375031e-02
-4.982210185060988866e-02
-1.103403224087880358e-01
-8.766267381329972963e-02
-3.977883584866095945e-01
-5.571302680545645591e-01
1.705620661954986295e-01
4.257851338485904025e-01
-2.543041614981032816e-02
3.759458674879518486e-02
-6.793347471283621708e-01
-2.091764163814663902e-01
2.115692541822584288e-02
-2.478720088405014788e-02
-2.645682266355525725e-01
-1.232852177948404043e-01
3.275047147299264272e-01
1.509075359079219969e-01
1.891408011293805036e-01
4.366253718285508234e-01
-1.625818009614348192e-01
2.065931242323006956e-01
-2.955773021097300723e-02
-1.661696481571972583e-01
3.069607579968949285e-01
-4.884717974822176678e-02
3.881951994905424308e-01
7.104406390448939068e-02
3.636774195780219099e-01
-1.632294311254688657e-01
1.302045896702250516e-01
-3.209972443373127482e-01
3.022103605996779435e-02
-2.956295073639690282e-02
2.680579054866469302e-01
4.546943221521859702e-02
-2.235673684082341572e-01
-1.239285931704858790e-01
-3.577754052538073548e-04
2.653227266641213639e-02
1.175574842362259176e-02
-9.556620291844165893e-02
-1.289176910954714303e-02
-1.440582140722455606e-01
-1.540720004357958861e-01
-8.970963529904024680e-02
-2.297292639541509973e-01
1.958153609148015895e-01
9.067912674720493560e-02
2.930597605215214119e-02
4.465098562776331770e-01
-8.921402318848493940e-02
3.338451094698467042e-02
-1.219142404837221666e-01
1.225392435374520334e-01
-1.926041056771649052e-01
-1.787067273422363323e-01
5.793110486590356822e-02
3.455272248512325506e-02
1.485134784014607301e-01
-2.218223231952009544e-01
2.214756260042804459e-01
9.729989316917733722e-02
3.717879301393736680e-01
-1.852154896739194034e-01
9.757042103411558975e-02
3.157098703800730044e-03
4.982198591170311497e-02
1.010169954333668685e-01
-3.066873119310942752e-01
1.767540348930868310e-01
-3.934890811133320149e-02
1.710929841140372831e-01
-2.595065602875488153e-01
3.292429454892128460e-01
3.130729118194889304e-01
2.094255857854429581e-03
-2.812771014787347479e-01
4.850981720459339730e-01
-3.939544042734472451e-01
8.990166805733984523e-02
3.832920876680834255e-02
-3.268612830542508979e-02
-5.503916618736302002e-01
1.804746362143826721e-01
1.723688619857124404e-01
-1.715592145296648829e-01
-3.089335983508926242e-01
9.397241532813267739e-02
-1.032051203090391112e-01
1.756963935691996381e-02
8.847213295209811063e-03
9.769826099578916845e-02
-1.173784183833549433e-01
8.855246048576471962e-02
-3.024700498258000025e-01
3.272811332444627158e-02
1.740616818065653104e-01
4.965918579266285215e-01
1.626308383588473405e-02
5.875670536270800881e-02
2.191030745166756000e-01
1.459069708787238129e-01
-4.047143298877801665e-01
-1.687684715915669376e-01
5.675423549039839699e-01
-2.303121635403915790e-01
4.425548585850928862e-02
5.533686662319722144e-02
-2.295361821276144243e-01
-1.423071777193142540e-01
-2.815223920212028830e-01
8.826191800968516410e-02
1.147297143951479803e-01
2.434069682993585393e-01
-3.130289835143190702e-02
-3.422491463002918510e-01
-1.253131884449894540e-01
-1.856658444524092455e-01
-6.792770488006007190e-02
-9.922673381917795910e-02
-2.609487592140813939e-01
-5.791929046493966837e-02
-2.329781112709437829e-01
-3.066214883388335699e-01
-8.719820119100479827e-02
2.686745767657414130e-01
7.362949564160289895e-02
-1.788632441361392988e-01
1.695315767025314946e-01
-1.385505111301812420e-01
-1.646386341108724560e-01
-1.701195537218014395e-03
-7.597885950818955569e-02
7.335410352133420187e-02
1.010739565320445676e-01
-5.480058799431067329e-02
7.511185410654133698e-02
-2.239359266735284071e-01
-3.282665017807311902e-01
-2.424767510450041852e-02
-1.770600787097800499e-01
2.034662133291830211e-01
-3.154029087680350618e-01
4.596732289201072019e-02
-3.908222868788597815e-01
-1.247482007000215443e-01
6.598286571263892175e-02
2.636772149972326298e-02
-1.428114471186364524e-02
1.381915714483260560e-01
-1.131508958678248827e-01
3.023020613745560081e-01
2.460928633336695037e-01
3.892037741485182556e-01
-1.479940885270859541e-01
-1.889133922591961778e-01
-8.786768704317542145e-03
-4.304175740987841586e-02
1.966219467848528968e-01
9.988679284301583972e-02
-2.288222171661255522e-02
1.392910247616526709e-01
-9.542159678692344049e-02
-1.206558646562159720e-01
3.171654743752996275e-01
-4.202963145124796740e-02
-1.949859215354307895e-01
-4.817942326984042678e-02
-4.031691183395125222e-01
-1.078918129182767222e-01
-2.147455142315438659e-01
1.973137110375385583e-01
-4.212568153093492751e-01
-5.232890116613767018e-02
-2.646584312656264371e-01
-8.411506466900606216e-02
3.403654553583493891e-01
4.021127113304805156e-02
-1.279141090438798145e-01
2.875502193788005978e-01
-2.837482352956101628e-01
1.077669723917738798e-01
-1.011615356533104026e-01
4.064946285806797510e-01
1.171018110269214235e-01
1.584376596337633281e-01
-1.617241312206565140e-01
3.668126107400240810e-02
3.758231389118702609e-02
-3.855143874248895264e-01
-3.997587474659606288e-01
-2.923099926160108164e-02
-4.000987416134359487e-01
-2.690141783778142726e-01
-8.344658364155882468e-02
-1.629841572837636421e-01
2.657673432177756201e-01
3.147631462021464044e-01
2.857224933141270795e-01
-6.252227775330282400e-02
-1.706310593781186213e-01
3.142099508565027871e-02
1.745055751541295941e-01
-1.428730081275342290e-01
-4.461469103335778397e-01
-2.163094811480205104e-01
6.701558031199882359e-01
3.239402812459472036e-01
-2.464208786419065655e-02
-1.656895006090248756e-01
6.141987770532986168e-02
-3.088570263816325934e-01
8.881903699346632708e-03
7.204220785903946433e-01
2.198054900491740460e-01
-1.182471614961649320e-01
-8.786591134206628295e-02
4.588070435995676710e-02
-2.179733790949709218e-02
-4.045024407673498967e-02
-3.550829315937667485e-01
8.931619250844655133e-02
-2.369230301501233649e-02
-2.919855058131778924e-01
-8.890036317413785305e-02
-3.748160371801634305e-02
-1.677679217319158200e-01
2.359446350928920411e-01
5.511254243884304571e-02
-2.735981024283450913e-01
2.595988626032757485e-01
-2.137257594983265618e-01
2.908027361183477821e-01
-4.061454223272139563e-01
-1.621300264973210836e-01
9.891017463715537361e-02
3.236280851207582465e-01
4.923679194898352152e-01
-5.685057296488756073e-02
-1.631008495613873177e-01
-2.128767120208323038e-01
1.583428983396548140e-01
-1.428478246917071204e-02
-4.575265806487759379e-01
3.327567954517618443e-01
3.364843978968796168e-01
8.773019216887627258e-02
-1.607690486364543869e-01
1.738116551585950631e-01
-5.078998177802264424e-02
2.267606540834044004e-01
-6.479569890779267594e-01
2.040365288149285639e-01
-2.423566080563446523e-01
3.097330755236522015e-01
-2.136024454245530058e-01
-1.776703511652308609e-01
-6.730576630967519125e-02
6.654326104103165662e-02
