Generation: 0 -2.9906 2.3650 7.1291 20.2737
Generation: 1 71.9532 3.3650 6.2725 19.1113
Generation: 2 76.6610 3.5650 6.5149 18.9631
Generation: 3 71.9532 3.3650 8.5272 19.8386
Generation: 4 50.3140 3.5950 23.8925 30.8365
Generation: 5 72.0431 3.4650 36.0954 32.7255
Generation: 6 78.8080 5.5950 22.5471 28.7613
Generation: 7 70.0569 3.6400 27.8151 29.4792
Generation: 8 63.5528 3.9500 38.5892 26.9630
Generation: 9 70.0866 3.7000 51.8025 26.3543
Generation: 10 71.9532 3.3650 22.0178 28.6398
Generation: 11 74.5935 3.7450 35.1047 28.3493
Generation: 12 76.4854 3.4300 44.1053 29.9964
Generation: 13 79.6225 4.3100 55.2625 26.7500
Generation: 14 74.3682 3.5300 55.4546 26.8462
Generation: 15 69.8913 3.5300 66.0234 15.1366
Generation: 16 71.9532 3.3650 69.1665 12.0730
Generation: 17 76.3695 5.3850 66.1096 17.6576
Generation: 18 56.9430 3.5300 68.6350 10.1147
Generation: 19 90.4073 6.0450 69.9250 8.2044
Generation: 20 71.9598 3.3650 68.1347 12.9065
Generation: 21 52.7361 3.7400 67.6789 10.1679
Generation: 22 82.0588 4.5050 69.6684 7.7758
Generation: 23 74.4687 3.6050 69.6351 9.8266
Generation: 24 66.0574 3.9450 70.2102 6.3115
Generation: 25 74.2482 3.4100 70.9929 5.1672
Generation: 26 68.1410 4.0450 68.7406 11.8000
Generation: 27 55.7688 4.4000 70.4967 8.7055
Generation: 28 72.0729 3.7800 70.2464 8.5905
Generation: 29 71.9532 3.3650 69.7047 11.4151
Generation: 30 71.9532 3.3650 71.6721 2.7939
Generation: 31 71.9532 3.3650 70.4369 7.8759
Generation: 32 71.9532 3.3650 70.8845 8.0746
Generation: 33 71.9532 3.3650 70.1618 10.7175
Generation: 34 71.9532 3.3650 71.8851 0.6634
Generation: 35 71.9532 3.3650 71.5796 2.6553
Generation: 36 71.9532 3.3650 70.3772 8.8327
Generation: 37 71.9532 3.3650 71.6932 2.5432
Generation: 38 71.9532 3.3650 71.8826 0.6893
Generation: 39 71.9532 3.3650 71.7519 2.4714
Generation: 40 71.9532 3.3650 71.6277 2.9961
Generation: 41 71.9532 3.3650 70.9718 5.6417
Generation: 42 49.3721 3.5300 70.7837 7.7687
Generation: 43 71.9532 3.3650 71.0339 7.1031
Generation: 44 71.9532 3.3650 71.9480 0.0329
Generation: 45 71.9532 3.3650 71.9518 0.0098
Generation: 46 71.9532 3.3650 71.9529 0.0028
Generation: 47 71.9532 3.3650 71.6972 2.5418
Generation: 48 71.9532 3.3650 71.9525 0.0044
Generation: 49 71.9532 3.3650 70.9070 8.0745
Generation: 50 47.2213 3.5600 70.6107 8.2147
Generation: 51 71.9532 3.3650 70.2358 6.9855
Generation: 52 71.9532 3.3650 71.1853 4.6508
Generation: 53 71.9532 3.3650 70.1360 7.0309
Generation: 54 71.9532 3.3650 71.4402 4.1025
Generation: 55 71.9532 3.3650 71.2752 4.2933
Generation: 56 71.9507 3.3650 71.4361 3.6161
Generation: 57 58.5557 3.4550 71.3642 3.4339
Generation: 58 71.9532 3.3650 71.9514 0.0165
Generation: 59 71.9532 3.3650 71.7478 2.2797
Generation: 60 71.9532 3.3650 71.7594 1.9252
Generation: 61 71.9532 3.3650 70.9611 7.6989
Generation: 62 71.9532 3.3650 71.5890 3.0494
Generation: 63 71.9532 3.3650 71.9529 0.0010
Generation: 64 71.9532 3.3650 70.0657 8.5298
Generation: 65 71.9532 3.3650 70.8695 7.8928
Generation: 66 71.9532 3.3650 69.6788 11.4966
Generation: 67 71.9532 3.3650 71.4250 3.1833
Generation: 68 71.9532 3.3650 69.8786 11.3060
Generation: 69 71.9532 3.3650 70.8884 8.1426
Generation: 70 71.9532 3.3650 70.4696 10.7151
Generation: 71 71.9532 3.3650 71.6883 1.9598
Generation: 72 69.2297 4.6300 56.4229 14.5446
Generation: 73 76.4222 5.5000 66.0203 11.3904
Generation: 74 82.0448 4.3850 64.5641 12.7389
Generation: 75 77.0535 5.9900 65.8842 12.8418
Generation: 76 72.1671 5.6200 66.9811 11.8428
Generation: 77 78.6384 5.4350 62.8668 13.7165
Generation: 78 66.1880 4.0100 64.2757 12.7386
Generation: 79 90.3140 5.9400 65.0535 13.2106
Generation: 80 76.6248 5.6300 63.3962 13.4826
Generation: 81 78.5642 5.3600 63.0698 13.3703
Generation: 82 78.7836 5.5600 64.5384 12.4093
Generation: 83 69.1999 4.7400 64.6525 12.0262
Generation: 84 76.4192 5.4650 62.3738 13.2075
Generation: 85 84.4407 6.5900 63.0338 12.9781
Generation: 86 90.5128 6.1550 64.9026 12.4424
Generation: 87 67.1334 4.6550 62.9987 13.5703
Generation: 88 85.6486 7.0261 64.4891 12.8338
Generation: 89 88.1071 8.5459 63.1802 12.8226
Generation: 90 68.0360 9.1839 63.0282 12.5203
Generation: 91 67.5040 9.6000 61.5839 13.5713
Generation: 92 76.9310 12.5102 61.4310 13.8633
Generation: 93 74.4976 13.3431 61.6683 13.3542
Generation: 94 72.5680 15.0103 62.4524 12.1835
Generation: 95 67.2865 13.5163 58.4229 13.8249
Generation: 96 78.9915 17.0406 64.8980 11.9205
Generation: 97 78.9503 18.1369 61.8717 12.9487
Generation: 98 81.6377 20.8122 63.1340 12.7973
Generation: 99 81.1514 20.6444 61.7719 13.5760
Generation: 100 67.4528 19.3533 62.3167 13.5265
Generation: 101 74.6858 24.2328 61.8007 13.6442
Generation: 102 79.0034 24.6814 61.0284 13.8025
Generation: 103 83.3566 25.7400 62.2349 12.7459
Generation: 104 77.0072 28.1945 63.5054 13.0293
Generation: 105 70.0169 26.8353 62.7740 13.4405
Generation: 106 67.2346 24.8789 64.6821 11.9820
Generation: 107 72.3060 30.7450 60.8115 13.9118
Generation: 108 76.8163 31.9123 58.9526 13.7481
Generation: 109 67.2894 28.5394 61.8283 13.3464
Generation: 110 67.4984 30.3975 60.9292 14.0065
Generation: 111 76.6217 35.0938 59.2187 14.2785
Generation: 112 67.3050 31.4058 61.2688 13.5584
Generation: 113 76.7003 38.0519 62.3777 12.9346
Generation: 114 87.7517 38.9167 61.0536 14.4144
Generation: 115 91.2881 48.7350 60.7175 14.0880
Generation: 116 83.4364 42.2266 60.3348 14.1903
Generation: 117 76.7787 43.0306 62.7950 12.5766
Generation: 118 90.9856 51.2784 60.3103 13.7643
Generation: 119 90.3743 47.7200 63.5669 12.9729
Generation: 120 91.6008 57.0400 66.0674 12.8139
Generation: 121 81.6213 48.8800 64.4908 13.0913
Generation: 122 76.6268 44.9200 63.3736 14.4807
Generation: 123 88.0515 47.3200 61.3651 14.2478
Generation: 124 90.8937 51.6400 59.6641 13.5759
Generation: 125 91.2979 54.6800 66.3741 13.6838
Generation: 126 91.8201 59.0400 64.7597 15.7313
Generation: 127 90.6484 50.2800 61.5618 14.5404
Generation: 128 91.3332 55.3600 63.7195 13.8711
Generation: 129 88.0626 47.4400 63.9738 14.5488
Generation: 130 91.2173 54.1600 66.1898 15.3504
Generation: 131 88.3036 49.3600 63.7086 14.1328
Generation: 132 91.5954 57.5600 64.9073 14.5961
Generation: 133 91.4576 56.4800 65.7641 13.4096
Generation: 134 91.7425 58.2800 65.7701 15.3876
Generation: 135 90.7883 51.0400 66.5663 13.6637
Generation: 136 91.4756 56.4400 63.5560 14.5064
Generation: 137 91.5966 57.4000 64.2010 14.4857
Generation: 138 91.6862 58.2000 67.5900 14.4667
Generation: 139 90.4651 48.6000 64.9875 14.2791
Generation: 140 91.0836 52.9600 65.7019 13.7734
Generation: 141 91.7606 58.7200 66.2326 15.2494
Generation: 142 91.4852 57.1600 65.2126 15.2842
Generation: 143 91.5572 57.0800 66.4929 14.1069
Generation: 144 91.7105 57.7200 67.7563 14.1858
Generation: 145 91.6358 57.7600 66.6670 14.6071
Generation: 146 90.8134 51.6800 67.2165 14.3650
Generation: 147 90.2100 45.9200 65.8581 14.4375
Generation: 148 91.5192 56.7600 65.1051 16.2122
Generation: 149 91.2705 54.9600 65.1168 16.7462
Generation: 150 91.7062 58.2000 66.7540 14.1659
Generation: 151 91.3144 54.8800 67.2443 14.2782
Generation: 152 92.0955 61.3600 65.8342 16.4121
Generation: 153 91.0960 53.6400 69.2941 15.2731
Generation: 154 91.3735 56.0000 64.8078 15.9269
Generation: 155 91.0038 52.5600 66.7260 15.5300
Generation: 156 91.0123 52.7200 68.0375 13.9740
Generation: 157 91.0974 53.8400 66.2715 17.7032
Generation: 158 91.8825 59.6000 67.6337 15.6412
Generation: 159 91.6949 58.2800 67.3628 15.8042
Generation: 160 91.3220 55.1200 72.2158 13.3640
Generation: 161 91.1473 53.8800 67.8268 15.4076
Generation: 162 91.8705 59.5600 70.2522 16.3918
Generation: 163 91.6604 57.8000 70.6882 14.7345
Generation: 164 91.3361 54.8000 67.7664 16.1108
Generation: 165 91.5514 56.8800 70.1846 15.8413
Generation: 166 92.0136 60.5200 69.0751 13.8105
Generation: 167 91.8754 58.8400 71.4260 14.5080
Generation: 168 91.8449 58.8000 70.5193 16.2504
Generation: 169 91.6499 57.2400 70.8640 14.9384
Generation: 170 91.5949 57.6400 69.7959 15.1710
Generation: 171 91.2858 54.9600 70.8664 13.0054
Generation: 172 91.6311 57.8800 71.7349 12.9902
Generation: 173 91.0479 53.5200 68.1202 17.1554
Generation: 174 91.6658 58.0000 71.2474 14.7966
Generation: 175 91.3884 56.2000 71.9589 15.5392
Generation: 176 91.3005 55.2800 71.9313 13.3832
Generation: 177 91.6577 58.1200 71.5951 14.7427
Generation: 178 91.7475 58.5200 69.3980 16.5476
Generation: 179 91.5421 57.2000 72.3191 15.9786
Generation: 180 91.1602 53.9600 72.4600 13.9464
Generation: 181 91.2716 54.8400 71.9819 14.8096
Generation: 182 91.8608 59.5600 73.5121 16.3595
Generation: 183 91.4657 56.5600 71.5389 15.7447
Generation: 184 91.6717 58.2800 72.4384 15.0879
Generation: 185 91.8527 59.6800 70.8692 18.5424
Generation: 186 91.7108 58.3600 72.1837 16.7438
Generation: 187 91.5899 56.7600 74.4468 13.7434
Generation: 188 91.7896 58.4800 75.0983 13.8594
Generation: 189 91.9763 60.0400 73.2424 13.6537
Generation: 190 91.6427 58.0000 73.6621 14.1857
Generation: 191 91.6358 57.7600 74.8278 14.4359
Generation: 192 91.7223 58.4000 74.3019 14.5565
Generation: 193 91.7108 56.3575 74.4182 15.3998
Generation: 194 91.6127 53.7961 76.1060 15.6965
Generation: 195 91.2777 49.4100 72.1667 16.1952
Generation: 196 91.6964 50.2808 76.1795 13.1405
Generation: 197 91.6427 48.0490 75.3053 14.0128
Generation: 198 91.6277 45.9635 77.9618 12.3362
Generation: 199 91.7558 44.6157 76.8648 12.4658
Generation: 200 91.6358 41.9043 73.0259 13.8059
Generation: 201 91.1017 37.4618 75.4576 13.2307
Generation: 202 91.7223 38.3608 76.6183 12.5184
Generation: 203 91.8527 37.1537 76.4533 12.2078
Generation: 204 91.7645 34.4941 75.6455 12.2481
Generation: 205 91.2349 30.2663 75.8120 13.3207
Generation: 206 91.6277 30.0749 77.9772 11.8475
Generation: 207 91.6427 28.1471 78.0270 11.9447
Generation: 208 91.6277 26.1027 77.3400 12.3058
Generation: 209 91.6277 24.1167 79.2928 11.2275
Generation: 210 91.6808 24.2167 76.4425 11.4273
Generation: 211 91.6277 24.1167 78.1388 12.3984
Generation: 212 91.7627 24.5667 78.8243 12.8421
Generation: 213 91.1832 22.5667 78.6921 10.1881
Generation: 214 91.6808 24.2167 77.8764 12.5584
Generation: 215 91.6808 24.2167 80.5257 11.0923
Generation: 216 91.6808 24.2167 79.3017 11.3231
Generation: 217 91.2927 23.0000 78.7331 12.5434
Generation: 218 91.9058 24.9667 78.7836 11.2806
Generation: 219 91.6427 24.1667 80.3756 10.8657
Generation: 220 91.6964 24.2833 76.7790 13.8276
Generation: 221 91.7114 24.3333 78.5788 11.7433
Generation: 222 91.7558 24.4667 80.0002 11.7034
Generation: 223 91.6958 24.2667 78.7577 11.4098
Generation: 224 91.6964 24.2833 79.7430 11.1004
Generation: 225 91.9058 24.9667 80.5383 10.6276
Generation: 226 91.5964 23.9500 77.7158 12.1422
Generation: 227 91.7114 24.3333 79.4146 11.4068
Generation: 228 91.6808 24.2167 78.5389 13.6520
Generation: 229 91.8176 24.6167 77.9978 11.5559
Generation: 230 91.7114 24.3333 80.2909 12.6833
Generation: 231 91.6277 24.1167 79.1734 10.5869
Generation: 232 91.7114 24.3333 79.7891 10.2115
Generation: 233 91.6964 24.2833 81.3716 10.0784
Generation: 234 91.6427 24.1667 78.8526 10.8051
Generation: 235 91.6358 24.0667 80.2147 10.7512
Generation: 236 91.6277 24.1167 77.7300 11.0690
Generation: 237 91.6964 24.2833 81.0694 8.9208
Generation: 238 91.6964 24.2833 79.5563 11.0980
Generation: 239 91.7108 24.3167 81.4031 9.4436
Generation: 240 91.6508 24.1167 81.5535 10.9639
Generation: 241 91.6964 24.2833 81.6171 9.9468
Generation: 242 91.6964 24.2833 81.3537 10.1781
Generation: 243 91.6808 24.2167 79.7759 10.8420
Generation: 244 91.7223 24.3333 80.5976 9.7965
Generation: 245 91.1951 22.6167 79.4806 10.5918
Generation: 246 91.6964 24.2833 79.9990 10.2636
Generation: 247 91.6358 24.0667 80.2594 9.7420
Generation: 248 91.6808 24.2167 78.1558 11.0003
Generation: 249 91.7708 24.5167 79.5904 9.7568
Generation: 250 91.6358 24.0667 79.3062 9.5703
Generation: 251 91.7073 24.2833 79.7686 9.8722
Generation: 252 91.6964 24.2833 80.3607 9.8787
Generation: 253 91.6964 24.2833 81.4059 9.1541
Generation: 254 91.6658 24.1667 81.4651 9.3795
Generation: 255 91.7073 24.2833 79.8697 10.0814
Generation: 256 91.8176 24.6167 78.5413 10.2421
Generation: 257 91.7114 24.3333 79.5757 9.0076
Generation: 258 91.8176 24.6167 82.3811 9.2102
Generation: 259 91.8326 24.6667 79.2246 11.2189
Generation: 260 91.8054 24.5333 80.3167 9.7282
Generation: 261 91.7114 24.3333 80.8731 12.3832
Generation: 262 91.7114 24.3333 80.2433 9.8814
Generation: 263 91.8557 24.6667 80.9057 9.3517
Generation: 264 91.9157 24.8667 81.3553 10.4354
Generation: 265 91.7108 24.3167 81.8300 10.6551
Generation: 266 91.7945 24.5333 82.4962 8.2441
Generation: 267 91.7045 24.2333 83.4794 8.7249
Generation: 268 91.7108 24.3167 82.7876 8.5605
Generation: 269 91.8326 24.6667 83.3373 8.7605
Generation: 270 91.6964 24.2833 80.4991 12.6794
Generation: 271 91.7073 24.2833 82.2101 14.9828
Generation: 272 91.8176 24.6167 81.7363 15.0649
Generation: 273 91.7495 24.3833 83.3164 8.5720
Generation: 274 91.7108 24.3167 83.2453 8.6592
Generation: 275 91.9157 24.8667 77.8954 21.6570
Generation: 276 91.7073 24.2833 83.2332 12.2147
Generation: 277 91.7945 24.5333 80.1467 15.9146
Generation: 278 91.6658 24.1667 80.6502 15.8142
Generation: 279 91.7108 24.3167 77.9920 19.2738
Generation: 280 91.6964 24.2833 79.2652 19.6421
Generation: 281 91.8176 24.6167 81.9139 12.4450
Generation: 282 91.8326 24.6667 80.0199 15.8544
Generation: 283 91.8054 24.5333 81.9294 12.8370
Generation: 284 91.6964 24.2833 76.9797 23.4948
Generation: 285 91.8176 24.6167 77.5130 20.0311
Generation: 286 91.7073 24.2833 78.5368 20.1407
Generation: 287 91.8176 24.6167 80.8167 16.1099
Generation: 288 91.6964 24.2833 82.0128 9.9048
Generation: 289 91.8326 24.6667 83.4695 8.8626
Generation: 290 91.8176 24.6167 81.8881 13.0605
Generation: 291 91.8176 24.6167 82.6744 10.9385
Generation: 292 91.7258 24.3667 83.0104 8.6899
Generation: 293 91.7114 24.3333 82.9027 8.5170
Generation: 294 91.6964 24.2833 82.1870 12.2311
Generation: 295 91.6808 24.2167 81.2995 11.0356
Generation: 296 91.8326 24.6667 81.1521 17.5919
Generation: 297 91.8326 24.6667 81.4062 14.9965
Generation: 298 91.8326 24.6667 84.2544 8.3831
Generation: 299 91.8326 24.6667 81.9231 10.4332
