2.991641323589566692e-01
-1.699473132707187140e-01
-7.260226005340350008e-01
9.760806968640403092e-01
-4.699718243810118157e-01
-3.942913039106735185e-01
-1.000000000000000000e+00
3.536487364731415450e-01
2.917948289136517159e-01
1.000000000000000000e+00
1.000000000000000000e+00
-2.702728368517384183e-01
-1.969177224143498633e-02
4.100384521089278644e-02
-8.928058849127851193e-01
9.447207007881949226e-01
8.737464867622544151e-01
1.249308495702320110e-01
-4.900340177705744815e-02
-3.882446866039719335e-01
4.467757291164340949e-01
-1.000000000000000000e+00
1.000000000000000000e+00
-2.245826977883518261e-01
3.146387671498196981e-01
5.599482231835269941e-01
1.000000000000000000e+00
7.075360330137836495e-02
3.118183450666628387e-01
-6.767267158247961545e-01
-1.000000000000000000e+00
-1.000000000000000000e+00
-1.000000000000000000e+00
2.979589222164231721e-01
-7.984259239513301354e-02
1.169779315227824079e-01
4.160009011752220653e-02
-1.443513652361447241e-01
-1.316541659059314306e-01
-1.000000000000000000e+00
-1.000000000000000000e+00
-1.000000000000000000e+00
-6.969792569467245791e-01
3.563246037568580382e-01
1.000000000000000000e+00
1.000000000000000000e+00
-3.353861530585758866e-01
-3.708613832966657364e-01
9.107132353320637197e-01
2.082549546112816841e-01
3.781584995107371561e-01
8.126210701862679464e-01
1.000000000000000000e+00
1.000000000000000000e+00
-1.000000000000000000e+00
6.798808305758962112e-01
4.092149856702028132e-01
-1.000000000000000000e+00
-1.000000000000000000e+00
-1.000000000000000000e+00
1.000000000000000000e+00
-1.297174997056629309e-01
-1.000000000000000000e+00
5.324385351498508445e-01
-8.726684782110976091e-01
-1.303856957486749513e-01
3.560357964521972951e-01
-2.343820822741717880e-01
-2.221637849441668866e-01
6.432088977502037341e-01
-8.878054892658177044e-02
3.653105867696410103e-01
-4.592582468921270755e-01
8.165466337087609050e-01
1.804294314106143493e-01
1.000000000000000000e+00
2.380265065668619728e-01
1.000000000000000000e+00
-1.000000000000000000e+00
1.000000000000000000e+00
-7.438763157934237258e-01
8.409657499239786560e-01
-7.903612671535822365e-01
4.629586796993319653e-01
-3.872818327065085109e-01
6.460678103542207840e-01
-1.000000000000000000e+00
-6.180176933205305811e-02
-1.238603106360814110e-01
5.692081684254449714e-01
3.270615385674306985e-01
-9.935204127173358213e-01
1.000000000000000000e+00
-7.076691438813446089e-01
7.704170830272754067e-01
-6.148483649737490619e-02
-2.841017966903800485e-01
-5.229591467655533288e-01
5.417972045051016039e-01
5.680022997171366717e-01
2.679868078448742752e-01
-1.000000000000000000e+00
3.550255939934867100e-01
1.000000000000000000e+00
-1.000000000000000000e+00
-8.447120978213744635e-01
7.190061262819407162e-01
-2.135249618324279730e-01
-1.000000000000000000e+00
1.000000000000000000e+00
-1.912311853039793119e-01
9.264080950953189619e-01
1.163796757849182711e-01
1.000000000000000000e+00
-2.581668972881471236e-01
-8.876346275993332036e-01
-7.318700602302607994e-01
8.845142875384132131e-02
-5.240407733021990033e-01
-1.872007053206875549e-02
1.314546735476650463e-01
7.593531159865685165e-02
-2.594025789130436355e-01
-5.221492089323560570e-01
1.098120228863984915e-01
1.000000000000000000e+00
-1.147095565526371208e-01
-2.586308689704750266e-02
-1.682729476293393089e-01
-1.000000000000000000e+00
1.000000000000000000e+00
-5.872089857345392794e-01
-1.000000000000000000e+00
1.000000000000000000e+00
-8.056361937501871351e-02
3.876876519816213618e-01
-6.187238650192807832e-01
3.484597658085792360e-01
5.643047485352385984e-01
1.295839422187077261e-01
-4.168289318433106017e-01
-4.356049168239863878e-01
1.414991367596008520e-01
1.000000000000000000e+00
-1.000000000000000000e+00
5.816556008111321008e-01
4.401139975180484720e-02
8.841059789825538306e-01
3.292921523524249827e-01
1.000000000000000000e+00
-7.083839788004016036e-01
1.815189571752473530e-02
6.845045620518745988e-01
8.997435156426959457e-01
-1.000000000000000000e+00
-1.990839919244131728e-01
1.732237708555110223e-01
-3.421808461115388167e-01
-4.636808617477300443e-02
-9.506458507126830382e-01
4.354597384225143419e-01
-5.650431260012555024e-01
-1.000000000000000000e+00
-8.790051702474849238e-01
1.000000000000000000e+00
1.000000000000000000e+00
5.849473175667019298e-01
1.000000000000000000e+00
7.431809433746171534e-01
9.934996706957440749e-01
-6.022222189351498223e-01
6.264271501576463841e-01
9.260930193147409728e-02
-7.502038425922608056e-01
3.322917109252409018e-01
-1.000000000000000000e+00
-3.001549483344720937e-01
-3.327357267304484889e-01
8.610107220409459750e-01
-3.024583379951155671e-01
-1.000000000000000000e+00
6.360911454708938484e-01
-4.672378192254816875e-02
-5.672261309917978611e-01
-5.822278266169186312e-01
6.162862950318492156e-02
4.584639236126661910e-01
1.000000000000000000e+00
1.000000000000000000e+00
1.000000000000000000e+00
5.541942821840645239e-01
4.066248926443419287e-01
-3.142286733568854240e-01
1.480655424131815945e-01
6.190437321853566877e-01
-1.000000000000000000e+00
8.706750043421133123e-01
-1.000000000000000000e+00
-5.136358911356144752e-01
1.000000000000000000e+00
-1.000000000000000000e+00
2.171227283606218528e-01
1.000000000000000000e+00
-6.298328030210604833e-01
6.585977515625693890e-01
1.000000000000000000e+00
-9.049890641502358890e-02
3.090285793847827311e-02
9.823274615087432826e-01
1.000000000000000000e+00
-7.816957831526201161e-01
-1.000000000000000000e+00
1.217726603424993947e-01
5.928501575201752249e-01
1.000000000000000000e+00
-1.000000000000000000e+00
1.000000000000000000e+00
-7.651305970799233691e-01
-4.010318239956638386e-01
-5.780673407222279847e-01
-1.000000000000000000e+00
-1.341909995211739148e-01
6.499215243052667290e-01
7.890319755310543082e-01
1.000000000000000000e+00
4.893722536361008180e-01
2.714969869980148331e-01
-4.205665951496786459e-01
1.000000000000000000e+00
3.084346145625779245e-01
1.632298054673599341e-01
-4.118975038640699804e-01
7.619970229298370645e-01
1.000000000000000000e+00
-5.086245475858545972e-02
-9.038883362622461837e-01
-1.000000000000000000e+00
-8.843565274754545680e-01
3.509002077193362074e-02
1.000000000000000000e+00
-8.160417296535893428e-02
-8.480637968096123025e-01
-1.933810196576921103e-01
-2.770851396953945001e-01
3.232770712150943027e-01
-1.000000000000000000e+00
8.086260687418420634e-01
-1.629889201864395676e-01
3.939689076223562569e-01
-1.000000000000000000e+00
4.005320516422258281e-01
7.282787966103678734e-01
-8.932621902796988866e-02
-1.000000000000000000e+00
7.047012978911938452e-01
7.910358127731718092e-01
6.203563481001641566e-01
-1.000000000000000000e+00
2.450663845036538113e-01
-5.613997651735247452e-01
-1.000000000000000000e+00
-1.000000000000000000e+00
5.079375721501822039e-01
1.819149640105597598e-01
-8.520638943456667613e-01
1.000000000000000000e+00
4.300718813930908824e-01
6.072949747701522627e-01
3.565008895253954369e-01
4.775016355144151015e-01
4.130694806913207118e-01
5.190266396625500267e-01
7.360023429083838442e-01
3.389021463607462814e-01
4.784821998555632838e-01
3.431070715982103558e-01
5.111832358854574432e-01
3.806401272329075769e-01
2.732385502942567546e-01
6.065999683783540597e-01
4.489314691950357372e-01
3.912204123143993573e-01
4.464608027710773031e-01
2.690339598095624618e-01
5.917974208016706372e-01
5.024751475596499484e-01
5.906432025286321164e-01
6.792645824052014891e-01
6.410224166788479616e-01
2.834825039402468771e-01
2.936992870407330591e-01
6.079640622998854216e-01
3.009858253693067365e-01
8.801392556132854594e-02
1.105436814223102332e-01
5.859164117642883252e-01
6.005064387181298091e-01
9.590295127136592157e-01
4.311934592832593616e-01
4.157000692986388413e-01
8.834422120232856557e-01
2.747658216805149989e-01
5.063562082822629096e-01
5.752377308248510790e-01
2.162592701490172187e-01
5.689014552320840190e-01
7.609245040954036865e-01
1.000000000000000000e+00
6.304271417932664212e-01
4.289626333144226367e-01
5.174924777012748223e-01
3.752338583377684000e-01
2.060022169247278101e-01
6.603123814053402096e-01
3.098347874692766180e-01
2.413958234710255335e-01
2.156541918302861127e-01
1.566730416818855887e-01
3.249194343984919131e-01
1.869700857113741344e-01
3.335419024410370414e-01
3.341280184324682545e-01
2.747720637594455173e-01
4.087331460943467443e-01
4.760312734470412699e-01
8.125647676044688295e-01
4.191284618827835207e-01
1.000000000000000000e+00
3.602633122394466869e-01
2.461818979151383924e-01
1.776629720582920680e-01
3.395760741029412166e-01
5.204318082602575890e-01
6.648377456858307610e-01
7.602121779222185127e-01
5.652310749443205662e-01
4.499889926339518120e-01
1.636933158322262383e-01
5.441098970637300303e-01
9.831840207626771910e-01
9.296458229714887889e-01
1.000000000000000000e+00
4.557809406167017685e-01
3.804168296477550837e-01
3.895344371823238339e-01
6.935184270659470185e-01
5.595282608401800362e-01
7.425664327837731005e-01
2.331656585364799972e-01
5.361140901114079815e-01
2.088503491698950332e-01
6.819400433505399262e-01
9.157427463666438783e-01
6.343846729455476785e-01
5.270164933577526911e-01
1.000000000000000000e+00
2.762811595908308826e-01
4.663355938393366484e-01
8.271013218172753589e-01
7.876135910600818857e-01
1.000000000000000000e+00
6.474711893450156852e-01
8.877877993131748635e-01
5.112925571129737223e-01
6.144111944391227320e-01
5.986907940795250793e-01
3.749232327858653679e-01
1.426465181618770672e-01
6.163629622023613086e-01
1.000000000000000000e+00
3.994470500930760726e-01
3.115061828675104727e-01
3.718916878041959584e-01
9.186452289221023193e-01
6.107957949068802961e-01
2.262387669785932420e-01
4.562778991509647830e-01
3.673617172282461762e-01
3.631884165448337476e-01
1.569172952234955121e-01
2.030606074409901929e-01
3.133253880357398935e-01
2.451467094547301329e-01
3.455667485818174622e-01
3.814929906385811087e-01
3.329930933417311056e-01
1.731431816518418099e-01
9.421114454548720207e-01
2.016348272296598909e-01
4.079064484787054412e-01
3.059531948711085581e-01
1.699784991894523478e-01
4.424650469042512024e-01
2.336250566253683658e-01
7.789465541847819807e-01
5.186912740771669750e-01
6.705503662002170184e-01
2.524537058325493355e-01
9.192349694281020112e-01
2.935924914987692591e-01
8.723173797601651014e-01
4.702889850801515448e-01
2.153358917335409517e-01
2.295278162559746538e-01
1.767250345003955891e-01
4.079989205329945245e-01
7.990377744995982301e-01
5.877047229411016538e-01
5.468129028620563048e-01
3.210484015387281009e-01
5.807490804749462221e-01
7.468795696500674097e-01
3.400633354671201980e-01
3.712471320503993311e-01
5.179218553452873408e-01
4.340182592057180155e-01
9.729054403494956649e-01
2.291582983421507902e-01
4.521814547954667862e-01
9.434062546421795314e-01
6.680633954660657459e-01
8.283287719417644634e-01
1.117622521553724296e-01
1.000000000000000000e+00
8.205685925825701998e-01
2.470304321492096944e-01
2.221111153820821416e-01
3.028273071693646790e-01
4.484634114422967888e-01
7.436674294007794561e-01
4.657809035639368100e-01
1.185006610384582715e-01
4.126327635978826458e-01
1.767487061095676382e-01
7.447361196634368907e-01
1.000516000891453761e-01
4.828984814019511296e-01
5.826851914280132272e-01
2.613543658555607108e-01
2.279153799357306609e-01
4.331054899834355099e-01
5.022286950805651129e-01
6.787553053972622541e-01
4.662806255885990070e-01
8.888024383704010711e-01
5.683509411888972851e-01
7.813105360797197863e-01
2.868817911502719586e-01
1.000000000000000000e+00
2.802117077591013694e-01
7.669632464748978029e-02
1.000000000000000000e+00
4.742214692463503911e-01
9.725519735804213362e-01
5.699700958699545073e-01
1.000000000000000000e+00
4.035745722750397890e-01
4.628520499176894676e-01
6.691719085792812161e-01
1.720240458422140073e-01
8.600429042011356051e-01
9.386369105663856516e-01
8.253628532885223246e-01
2.097934834796922055e-01
6.998672855077929800e-01
6.867538264340796728e-01
1.665324097645779211e-01
5.116800801151406564e-01
2.932025284356347128e-01
1.000000000000000000e+00
4.452321509569288627e-01
2.747239248811524370e-01
6.615965678642731218e-01
2.270553334395453982e-01
1.000000000000000000e+00
3.939792966560621279e-01
1.000000000000000000e+00
3.802554105687243613e-01
3.458930683515024085e-01
2.108998568657287909e-01
4.524620337579473572e-01
3.651836632299400032e-01
6.454157744851715117e-01
1.000000000000000000e+00
2.191144167049058622e-01
3.448341946023983362e-01
3.321265003847205799e-01
2.954771800875261034e-01
2.707153041490131806e-01
9.647172905942756893e-01
1.549227599070484018e-01
9.656275517891640403e-01
9.311121187541908650e-01
8.000733047027471789e-01
2.684911354349550638e-01
1.591763812382518684e-01
6.187157126238194138e-01
1.482748818100201316e-01
1.000000000000000000e+00
4.987433333452802597e-01
5.204185876135299926e-01
2.957634125345862675e-01
3.395386382002734682e-01
3.150162016946715382e-01
5.254742739448939881e-01
9.976888801285571651e-01
7.786039125019762475e-01
2.280864341452764898e-01
2.239450354498867535e-01
4.614877404913212411e-01
3.035888435469344393e-01
4.683764187916836241e-01
2.850698615662391466e-01
2.680736600301187322e-01
7.613854789313099225e-01
5.002060331362941925e-01
4.434823665592915187e-01
3.726213024988903610e-01
4.162518386206197629e-01
1.603844603327691243e-01
2.001152788389954085e-01
9.641270181917367399e-01
6.904816406095887205e-01
8.359612985500091131e-01
5.696060686321327005e-01
5.519614085595726527e-01
2.257941046034592225e-01
2.135798035829402086e-01
1.490906002031030242e-01
3.300273089714482744e-01
