2.772602121735984859e+00
-1.600746128551935987e+00
-1.899380904262870651e+00
-1.827153168894735114e+00
2.591470243285064257e+00
3.965534065792006846e-01
9.223844816758332288e-02
2.346937663818998487e+00
3.093251661049152723e+00
-9.032557561633858256e-01
3.233786054172845148e+00
1.209798108053497856e+00
-1.264152007432262081e+00
-1.024423845754073747e+00
2.506843919570256318e+00
-9.234799625352019259e-02
-8.442133252820512024e-02
-5.688579898644117172e-01
-3.359294122931429705e+00
-6.025308519761060078e-01
-1.503841990411697527e+00
-1.082110572040597130e-01
4.292820698159550696e-01
3.966767207459730438e-01
-1.247716740593892037e+00
1.441745892426174791e+00
-2.707256258108834968e-01
-3.384014256970815371e+00
-1.611294987988701743e-01
1.168533840273256352e+00
6.747195010699611473e-01
1.152261212497840637e+00
-1.140017466376250788e+00
1.439448924563499155e+00
-5.555015867448623856e-01
-2.112621879746912901e-01
1.554942059900884299e+00
-1.658251246327529183e+00
-2.461970157763826439e+00
6.163410226358551069e-01
-5.305620285386355661e+00
2.045436725462698835e+00
2.053625726913873351e+00
2.533371485579327675e-01
1.107671239361101900e+00
1.626440240942232718e+00
-8.671346224059481300e-02
6.432877724674545238e-03
-3.906919007823829393e+00
7.407870852619072854e-01
1.094770419082186919e-01
1.350850887570380632e+00
-2.832668056668873890e-01
-3.630935552989765114e+00
-2.871116152804989774e+00
4.129661638750259378e+00
3.281166957823550945e+00
2.942556945581823680e+00
-4.766085319613722060e-02
1.238338599365625736e+00
-2.293644071507514592e+00
-5.795324900329009488e+00
-1.312366131558544202e+00
-3.521243524010206460e+00
2.565466919744440188e-01
-3.148422371630955618e-01
-1.631464310262235928e+00
-7.237110367856200988e-01
4.150531264965486855e+00
-2.169683194164040874e+00
-7.390662123438008768e-01
-4.450793439117679551e-01
-2.121977463389640717e-01
-1.510274234153380801e+00
-6.418026906797779096e-01
1.500873796488092937e+00
3.561855729518531577e-02
5.310728118963807809e-01
2.294096074173030964e+00
2.654339404681755887e+00
2.794820598639471410e+00
4.375396240345792442e+00
-3.451639366994826652e+00
1.119643567841374088e+00
5.877203520710245765e-01
-8.484238187497746830e-01
-3.649671943111227335e-01
-2.666429596155281523e+00
-2.821153627497286376e+00
-3.240152559798635146e+00
-2.826082828137443492e+00
3.966833281355648388e-01
2.001175090884592667e-01
9.588367759577902660e-01
-2.209473180172258633e-01
-1.270244689211980527e+00
1.591956579106994785e-01
1.851308091993151272e+00
1.319593067544612586e+00
3.521145024145994284e+00
-1.853553718313052379e+00
-1.175257034452920957e+00
-2.102976766878952741e+00
1.575637181082526261e+00
2.242246206178599710e+00
1.905125257740181599e+00
-1.307878873809053877e+00
-1.723266299937863177e+00
-2.845110846759724144e+00
-2.319580435172976796e-01
-8.973667645835828877e-01
3.059419683770781551e-01
1.326303424162113442e+00
-3.195883438805625087e-01
-8.951402844232562162e-01
-1.242151886628605428e+00
8.882609558144013429e-01
-4.169840717963400056e-01
-8.999153768343005622e-01
6.473704972550938797e-01
5.500319540443169286e-01
5.729620896846331357e-01
1.976214520006631892e+00
3.114619628486873459e+00
-1.982613762896291709e-01
-1.912505441999266864e+00
3.519511872357914961e-01
-1.292852033532911005e+00
-1.124985998006571564e-01
2.986662357141450785e-02
-3.855590206196704006e-01
-9.566973876249390552e-01
-1.679442645085962749e+00
-4.107455037921556862e-01
6.843634145935271196e-01
-2.762092013808600477e+00
4.378530841930817763e-01
3.281385216123913651e+00
-2.053386959987690830e+00
-5.170557920993016365e-01
-2.448225510576917119e-01
1.879606604688747407e+00
-5.883291584345266001e-01
3.406866653670367562e+00
4.124052693472973763e-01
-1.746764071854438050e-01
-1.229379787732934326e-02
-3.019609869475935682e+00
9.088626644704860258e-01
-1.475435128012453578e+00
-3.962783656422271150e+00
-3.206506738569792070e+00
-4.947014095109599219e-01
-1.009388457863013677e+00
-2.850296084881270842e-03
3.654537438085135870e-01
1.129455083389739656e+00
-3.592712129669117793e+00
2.385965785968459763e+00
2.655561937230036307e+00
9.942994226782811973e-01
1.228718756958180336e-04
-5.291567825147757143e-01
-1.237736280334348793e+00
3.908581449190738244e+00
-1.494762184363383373e+00
1.699812681159823813e-01
-1.526475944536530793e+00
-2.031215737359453599e-01
-6.177041288378617434e-01
-3.314307647429770576e+00
-1.516849774571581433e-01
2.842920473251252744e+00
-1.679058150743236499e+00
-1.755364692208260857e+00
-1.106525870012954549e+00
-5.382695549675048374e-01
1.924646396167043694e+00
1.081953267559596865e+00
2.383193203828003259e+00
3.612591303791566344e-01
-1.558672139153499225e+00
-2.067852819581100565e+00
2.272797450594671087e+00
-5.705439942371184348e-01
1.556650819466848468e+00
1.028273001833635014e+00
1.418005940212336613e+00
1.353477465958667025e+00
-2.788371662599507861e+00
-1.116836014404384514e+00
2.178226643647374949e+00
8.391100485766485040e-01
-7.931622895384002891e-01
-2.208842316733301003e-01
-1.110703232138846808e+00
2.124994239676674945e-01
-2.990062048176889142e+00
1.364520869010819926e+00
1.136580766280429255e+00
-2.244036512856040666e+00
-8.803084897421891153e-01
-1.165537248309628460e+00
6.809480340746766336e-01
1.853912311581598527e+00
-2.597931750117641769e+00
8.060452774870858761e-01
1.036068531442082552e+00
-7.645633013259446609e-02
1.411882016101668968e+00
-2.713528703147939147e+00
-1.280169379212900305e+00
2.209392579431614045e+00
2.377243303704699162e+00
-6.667076583191468009e-01
2.423454330354643527e-01
6.637010065983691698e-01
-4.603634244114005458e-01
2.667207569641709686e-01
4.215683488306090632e-01
-2.867471185096816200e+00
3.775919918754262472e+00
-1.237562712815112764e+00
1.478899498172984384e+00
2.981438592277900201e-01
1.249899749369994595e+00
-2.966452062035920711e+00
2.197307500091082222e+00
6.021267047400578887e-02
-2.596141628936472046e+00
6.384994380105587508e-01
2.589013705490506467e+00
2.740128423716460884e-02
6.628708375873056946e-01
-2.576822247926095488e-01
-2.403201734984391269e+00
5.844786834654391861e-01
-1.101285367220167233e-02
2.744656100493790607e+00
-1.929283772877105951e+00
-1.399851304212594183e+00
-3.835677726512783714e+00
-1.156592630195889537e+00
1.536238290510179905e+00
1.005732442219086087e+00
-1.553713191037837005e+00
1.900626130161774840e+00
9.164398141385082797e-01
-1.781150467013179250e+00
3.648004083372042294e-01
-9.082187639679030200e-01
-3.778991416199664055e+00
2.103350279803418488e+00
1.203412055346366083e+00
1.365077668322711268e+00
-6.329523505565110009e-01
-6.194397865389690061e+00
1.471852918482731143e-01
4.200863790044946922e-01
1.407591104630057544e+00
-1.529794390944897886e+00
-2.271003147085790985e+00
-1.266653191951526702e-01
-2.091996516607534939e+00
4.599815055953758502e+00
