Generation: 0 45.6239 78.8467 3.1961 15.0391
Generation: 1 52.0801 111.6352 18.0068 18.8870
Generation: 2 50.9910 83.6879 22.2497 17.4597
Generation: 3 60.1256 125.9314 25.0858 18.3697
Generation: 4 53.3667 147.8115 33.0377 14.7201
Generation: 5 58.9565 117.8689 34.6548 15.0976
Generation: 6 52.9696 112.4207 32.1460 19.3914
Generation: 7 56.7965 133.9208 37.5627 14.3348
Generation: 8 51.6262 124.2949 40.3489 10.2904
Generation: 9 55.4196 132.6649 40.9422 11.7864
Generation: 10 61.8687 138.5819 40.7788 12.0572
Generation: 11 57.4674 134.5595 42.8167 6.3997
Generation: 12 61.7636 138.4696 41.8071 7.7211
Generation: 13 58.7273 135.6062 41.4808 10.4654
Generation: 14 58.4308 135.4651 42.0761 9.1779
Generation: 15 54.1871 131.5309 40.4677 9.6636
Generation: 16 61.1189 137.8144 43.2392 7.6703
Generation: 17 61.3015 154.9971 44.6326 6.0225
Generation: 18 60.2345 137.0306 44.6049 7.9644
Generation: 19 60.8659 137.5687 43.8364 7.7971
Generation: 20 64.4621 140.8084 43.2471 8.5731
Generation: 21 65.8907 142.1612 44.2509 10.2825
Generation: 22 60.1125 136.9161 43.0417 9.2378
Generation: 23 61.4609 138.1600 43.4106 8.3906
Generation: 24 61.7825 138.4869 45.1453 8.6525
Generation: 25 61.1713 137.8762 44.8106 9.0021
Generation: 26 65.6614 181.9318 45.0254 7.3480
Generation: 27 62.9087 139.5129 42.3545 8.6403
Generation: 28 63.8507 162.2079 44.1541 10.3239
Generation: 29 62.6226 151.2067 46.5622 9.8038
Generation: 30 68.5683 156.5152 44.9228 11.9862
Generation: 31 62.3248 150.9127 46.0552 12.0110
Generation: 32 66.2987 142.5716 47.6729 10.5782
Generation: 33 61.9904 150.5831 46.7762 10.1949
Generation: 34 64.1874 140.6646 44.5589 11.8648
Generation: 35 65.6137 141.8844 46.5182 9.1905
Generation: 36 63.1075 151.5950 47.9703 8.7296
Generation: 37 61.4635 178.1546 49.9285 8.7952
Generation: 38 65.1145 141.4958 50.0010 7.9616
Generation: 39 64.1823 140.6768 49.0619 7.6486
Generation: 40 67.0051 143.1675 51.0690 7.3428
Generation: 41 66.6493 142.7990 49.0268 9.5847
Generation: 42 66.4408 142.7159 49.6315 7.9319
Generation: 43 61.7588 150.4554 51.3234 8.0845
Generation: 44 68.3256 144.3858 49.3799 9.2895
Generation: 45 61.4358 150.1283 51.1794 7.8231
Generation: 46 62.7227 179.2942 51.0311 8.5169
Generation: 47 64.7576 181.1354 50.6276 9.3682
Generation: 48 62.6348 151.2167 50.6421 8.1956
Generation: 49 62.6225 179.2050 50.4647 8.1792
Generation: 50 65.8734 182.1470 50.7713 8.3777
Generation: 51 67.2900 143.4487 50.8822 9.0695
Generation: 52 62.5468 151.1312 51.1940 7.1212
Generation: 53 60.8101 149.5107 50.4610 9.2223
Generation: 54 62.0835 150.6652 49.9455 9.5646
Generation: 55 65.1110 141.4929 50.7153 10.0883
Generation: 56 71.9024 147.6202 52.7071 7.7442
Generation: 57 71.9897 147.7073 52.6442 7.8713
Generation: 58 64.6793 141.0588 50.7192 9.0994
Generation: 59 62.6398 179.2212 53.5533 7.0358
Generation: 60 63.7459 180.2288 52.2448 7.1073
Generation: 61 63.8058 180.2856 52.3889 7.5924
Generation: 62 63.9866 140.4554 51.1276 8.5616
Generation: 63 62.7249 151.3170 50.7303 9.2090
Generation: 64 62.5096 139.0919 51.9855 6.7420
Generation: 65 68.0556 184.1107 52.4624 6.7273
Generation: 66 67.4620 143.6053 50.9379 7.9725
Generation: 67 59.7806 148.5429 53.3054 6.3246
Generation: 68 62.6154 179.2005 53.3440 6.3661
Generation: 69 62.5624 179.1499 54.4613 6.4843
Generation: 70 65.5994 141.8707 52.5651 6.6496
Generation: 71 64.6756 181.0534 52.5953 9.0876
Generation: 72 61.4311 178.1147 52.1517 9.3151
Generation: 73 69.1023 185.0511 53.5442 6.9064
Generation: 74 63.6997 180.1801 53.7244 8.7149
Generation: 75 66.0948 182.3643 52.6908 9.8080
Generation: 76 61.5057 178.1945 53.9862 10.0222
Generation: 77 66.6759 142.8400 52.8386 7.2770
Generation: 78 63.7558 180.2378 54.3525 7.3215
Generation: 79 61.4810 178.1734 53.1743 7.7614
Generation: 80 63.6603 180.1457 53.1941 9.4622
Generation: 81 59.6410 153.5720 53.1700 7.1540
Generation: 82 61.3274 155.0204 53.6580 7.2880
Generation: 83 64.5840 180.9633 54.9526 6.2144
Generation: 84 67.0555 143.2136 53.9447 6.7147
Generation: 85 62.6657 179.2528 54.5406 6.7992
Generation: 86 63.0875 151.5750 53.4222 8.6691
Generation: 87 68.1572 184.2105 54.5420 7.3392
Generation: 88 61.4227 150.1237 53.8463 7.5644
Generation: 89 63.6732 180.1564 54.3025 6.6387
Generation: 90 61.4334 178.1244 56.2783 5.5001
Generation: 91 64.8582 181.2337 54.9661 7.0736
Generation: 92 68.2015 184.2547 55.0397 6.1892
Generation: 93 63.8222 180.3055 55.0892 5.9988
Generation: 94 60.2546 154.0501 55.4021 6.1473
Generation: 95 62.6526 179.2366 56.4094 5.4037
Generation: 96 61.5694 178.2571 54.6745 6.0070
Generation: 97 62.3756 178.9666 56.0905 5.2651
Generation: 98 62.6587 179.2463 55.8997 5.6575
Generation: 99 62.5862 179.1765 56.3539 5.8185
Generation: 100 64.7905 181.1673 56.4357 5.3450
Generation: 101 64.8835 181.2629 57.2164 4.7235
Generation: 102 64.8274 181.2074 55.0726 6.0394
Generation: 103 61.3277 155.0222 56.4650 4.9440
Generation: 104 61.4473 178.1368 56.6641 4.8718
Generation: 105 65.7496 141.9990 56.1933 5.7195
Generation: 106 52.5791 148.1565 56.7929 5.1539
Generation: 107 64.7356 181.1134 56.5329 6.5753
Generation: 108 62.3465 178.9403 57.3747 4.9835
Generation: 109 67.9596 184.0163 56.7148 5.5257
Generation: 110 63.8186 180.2991 57.6375 4.8648
Generation: 111 64.9387 181.3156 57.8838 4.4638
Generation: 112 64.8078 181.1851 57.4442 4.6317
Generation: 113 66.0486 182.3177 57.4211 4.4572
Generation: 114 68.1407 184.1942 56.8758 4.7083
Generation: 115 65.8852 182.1564 57.4123 4.2170
Generation: 116 62.4564 179.0507 56.9213 4.6737
Generation: 117 68.2388 184.2912 58.1325 4.0122
Generation: 118 62.2825 178.8689 57.6069 5.3022
Generation: 119 66.9049 183.0701 56.4716 6.7251
Generation: 120 67.8863 183.9447 58.3560 4.4259
Generation: 121 61.4109 150.1028 56.8097 5.0239
Generation: 122 61.5332 178.2166 57.1871 4.5638
Generation: 123 63.6942 152.1820 57.1308 4.9481
Generation: 124 68.1821 184.2368 57.4608 5.1075
Generation: 125 63.7918 180.2703 57.3576 4.7092
Generation: 126 63.5948 180.0797 57.9249 5.1367
Generation: 127 63.8066 180.2901 57.5035 4.8805
Generation: 128 62.7082 179.2821 57.6811 4.9159
Generation: 129 62.7311 179.3081 57.3178 4.7789
Generation: 130 61.4321 155.1238 57.8825 4.7088
Generation: 131 67.0120 183.1764 56.3991 6.5520
Generation: 132 60.8207 154.6506 57.1350 5.3828
Generation: 133 61.3475 155.0385 57.9988 4.1949
Generation: 134 62.6857 179.2596 57.0514 6.5099
Generation: 135 68.1626 184.2135 57.4371 4.7562
Generation: 136 64.8142 181.1917 58.0614 3.9027
Generation: 137 61.8998 178.5882 56.5447 4.1802
Generation: 138 63.6617 180.1424 56.5587 5.3475
Generation: 139 62.6423 179.2176 58.0625 4.3203
Generation: 140 62.8143 179.3928 57.2599 4.7402
Generation: 141 64.7113 181.0899 57.2144 5.2962
Generation: 142 63.7889 152.2630 57.5499 4.9759
Generation: 143 60.1437 153.9461 57.5647 5.5007
Generation: 144 63.2231 179.8282 58.3648 5.3936
Generation: 145 62.5625 179.1489 56.8899 5.7338
Generation: 146 60.7553 177.5588 58.0757 4.9518
Generation: 147 68.4629 184.5322 57.2584 5.7003
Generation: 148 60.2764 154.0734 54.1277 7.8345
Generation: 149 61.2626 154.9558 54.5756 8.7531
Generation: 150 68.1870 184.2401 57.7137 6.9036
Generation: 151 68.6237 184.6905 56.0483 6.6752
Generation: 152 63.0151 179.6019 57.5188 5.7819
Generation: 153 65.3848 181.7798 57.3747 6.5624
Generation: 154 68.4794 184.5420 56.6961 5.9031
Generation: 155 68.9190 184.9797 57.5954 5.8386
Generation: 156 68.9346 184.9990 57.7621 6.2756
Generation: 157 64.5000 181.0895 55.5580 8.2219
Generation: 158 69.0425 185.1103 56.4839 7.9139
Generation: 159 63.2153 179.8171 55.4774 6.9755
Generation: 160 63.4662 180.0533 57.8213 6.6534
Generation: 161 68.6853 184.7509 56.4235 7.8345
Generation: 162 64.8618 181.2399 56.8174 6.3299
Generation: 163 70.7269 186.6592 58.2711 6.7195
Generation: 164 68.4344 184.4951 56.6871 6.2126
Generation: 165 69.8742 185.9265 56.2023 7.2719
Generation: 166 69.2375 185.3064 57.2670 7.8310
Generation: 167 61.4647 155.1538 57.1303 7.3182
Generation: 168 68.2144 184.2652 57.0543 6.6047
Generation: 169 68.2615 184.3295 58.4336 6.1452
Generation: 170 68.4440 184.5111 58.4733 6.0206
Generation: 171 68.9832 185.0494 57.7675 6.5151
Generation: 172 68.0296 184.0844 58.4330 6.3521
Generation: 173 68.8949 184.9617 57.7691 6.4338
Generation: 174 64.7796 181.3636 57.6108 6.3795
Generation: 175 68.4938 184.5433 54.9562 8.3770
Generation: 176 69.1294 185.1987 57.4301 7.0344
Generation: 177 68.9508 185.0209 57.9097 7.7510
Generation: 178 69.7922 185.7550 56.5754 7.9016
Generation: 179 68.6645 184.6898 56.9666 7.6868
Generation: 180 69.2947 185.3614 56.4187 8.1551
Generation: 181 69.5440 185.6077 55.7946 8.5746
Generation: 182 69.1151 185.1771 56.5256 7.3450
Generation: 183 69.5475 185.6197 56.1140 8.0116
Generation: 184 69.0859 185.1565 56.8095 8.4550
Generation: 185 65.9249 182.3244 55.0412 9.2500
Generation: 186 69.6109 185.6766 56.8753 8.9990
Generation: 187 68.9675 185.0186 56.1869 8.0750
Generation: 188 68.7842 184.8337 56.6848 8.1998
Generation: 189 69.5721 185.5047 57.2138 8.3906
Generation: 190 68.8401 184.8974 57.2636 8.7988
Generation: 191 69.3054 185.3724 56.2566 8.5509
Generation: 192 68.9399 184.9890 56.1725 7.9697
Generation: 193 69.4094 185.4751 55.1265 8.6950
Generation: 194 69.1182 185.1915 57.4733 7.3455
Generation: 195 69.5057 185.5760 55.4457 8.6301
Generation: 196 69.2160 185.2867 57.4540 6.8340
Generation: 197 70.1218 186.1722 57.5274 8.1760
Generation: 198 68.4591 184.5273 55.6559 7.8738
Generation: 199 69.6107 185.6796 57.4640 6.7942
Generation: 200 69.1182 185.1777 58.1997 6.9290
Generation: 201 68.7841 184.8507 55.0610 8.6115
Generation: 202 70.3784 198.2167 57.8240 7.0130
Generation: 203 68.8507 184.9144 56.6243 7.8117
Generation: 204 68.4513 184.4994 57.2312 7.0631
Generation: 205 68.9974 185.0680 56.9023 7.8740
Generation: 206 69.3544 185.4252 55.4434 8.3379
Generation: 207 69.8904 185.9337 56.1474 8.3718
Generation: 208 69.9164 185.9772 54.3340 8.4161
Generation: 209 69.9569 186.0002 57.0999 8.2343
Generation: 210 69.5588 185.5152 56.2407 7.5572
Generation: 211 69.6243 185.6734 58.2057 7.3139
Generation: 212 68.6416 184.7068 56.3050 7.5589
Generation: 213 69.6065 185.6347 57.0772 8.2730
Generation: 214 69.5840 185.6491 57.9394 7.8547
Generation: 215 68.8935 184.9633 56.0878 8.4315
Generation: 216 69.1484 185.2098 57.1845 7.7044
Generation: 217 69.2048 185.2746 58.3559 7.0501
Generation: 218 68.6498 184.7166 57.6572 7.4493
Generation: 219 69.3393 185.4040 57.0928 7.6162
Generation: 220 68.0176 184.0694 57.1086 7.2924
Generation: 221 70.2751 186.3253 57.5437 8.4061
Generation: 222 69.8191 185.7659 56.1619 7.6031
Generation: 223 69.5810 185.6204 57.9664 8.0411
Generation: 224 70.7565 186.6880 56.1414 8.6350
Generation: 225 70.3218 186.2837 57.5946 8.6397
Generation: 226 70.3690 186.3232 57.9125 8.2099
Generation: 227 69.5365 185.6009 57.7341 7.5022
Generation: 228 69.1262 185.1933 58.4966 7.2468
Generation: 229 69.7039 185.7562 57.6885 7.7973
Generation: 230 71.1357 198.9783 58.7831 7.6330
Generation: 231 70.8373 198.6802 57.8960 8.6349
Generation: 232 69.0984 185.1619 57.2367 7.8101
Generation: 233 69.7795 185.8299 58.1215 7.7817
Generation: 234 70.1900 186.2397 57.5874 7.9717
Generation: 235 69.9125 185.8568 59.4232 7.4197
Generation: 236 70.2375 186.2041 57.1496 8.1115
Generation: 237 70.1906 186.2350 59.4558 7.3309
Generation: 238 69.5140 185.5763 57.8351 7.9513
Generation: 239 70.6221 198.4652 59.3612 6.9702
Generation: 240 70.3571 186.4085 58.8117 8.7101
Generation: 241 68.9586 185.0177 58.1660 6.6789
Generation: 242 69.9961 185.9379 58.8443 6.8758
Generation: 243 70.9616 198.8091 58.6562 6.8449
Generation: 244 70.7158 186.6804 58.2417 8.4086
Generation: 245 71.1365 198.9917 59.1458 7.1407
Generation: 246 70.1614 186.2068 57.4942 7.3239
Generation: 247 69.8065 185.7701 58.9553 8.4876
Generation: 248 70.4877 186.4361 57.8358 7.4186
Generation: 249 69.0375 185.1040 57.6486 7.7983
Generation: 250 71.5307 199.3874 58.2699 8.0132
Generation: 251 70.3270 186.3700 59.3022 7.4750
Generation: 252 70.8400 186.7606 59.3038 7.6346
Generation: 253 70.0800 186.0415 58.4521 7.4480
Generation: 254 70.1210 186.0649 59.7210 7.2188
Generation: 255 70.8774 186.8393 58.9274 7.7970
Generation: 256 69.9456 185.9895 59.2654 7.3067
Generation: 257 70.8907 198.7383 60.5729 7.3531
Generation: 258 69.9883 185.9468 60.0148 6.7036
Generation: 259 69.7526 185.8240 60.0601 7.3026
Generation: 260 71.0163 198.8688 59.3960 7.6197
Generation: 261 71.6599 199.5169 59.7423 7.5285
Generation: 262 70.7686 198.6149 61.2119 7.1689
Generation: 263 70.1281 186.1915 60.3161 6.8449
Generation: 264 71.3664 199.2052 59.6958 8.1150
Generation: 265 71.2860 199.1421 60.2659 8.2033
Generation: 266 69.8401 185.8869 60.7884 7.0450
Generation: 267 70.9032 186.8655 60.1933 7.1422
Generation: 268 70.3593 186.3145 59.5819 8.1513
Generation: 269 71.3403 199.1898 60.5450 8.2078
Generation: 270 70.8301 186.7852 61.1401 6.9084
Generation: 271 70.5483 198.3788 61.0800 6.5100
Generation: 272 70.9175 186.8484 60.2743 6.7286
Generation: 273 71.2870 187.2245 60.5369 6.7590
Generation: 274 71.6643 199.5029 59.2301 8.0637
Generation: 275 71.3791 199.2356 60.2960 7.1587
Generation: 276 71.0156 186.9572 59.4626 7.8105
Generation: 277 70.5188 186.4750 60.0914 7.0801
Generation: 278 71.6698 199.5184 60.0181 6.9893
Generation: 279 70.8906 198.7360 60.3197 7.7742
Generation: 280 71.1743 199.0249 60.6171 8.1620
Generation: 281 70.5280 186.4337 59.2009 8.3221
Generation: 282 70.6582 186.6158 58.9884 8.2164
Generation: 283 71.0397 198.8907 60.2962 6.8259
Generation: 284 70.4223 198.2555 61.0168 7.1691
Generation: 285 70.8799 198.7318 60.4737 7.7164
Generation: 286 70.4570 186.3776 61.4767 6.8872
Generation: 287 71.7684 199.6234 61.3670 8.3339
Generation: 288 70.6089 198.4596 62.2983 5.1229
Generation: 289 72.2299 200.0674 61.9088 7.0817
Generation: 290 70.3636 186.3209 61.0708 7.2267
Generation: 291 70.7193 198.5641 61.8967 6.7121
Generation: 292 70.8729 186.8010 62.2606 6.7580
Generation: 293 70.2981 186.2422 61.8906 6.9679
Generation: 294 72.0723 199.8909 62.0206 6.8855
Generation: 295 70.7265 198.5544 59.7008 8.1166
Generation: 296 71.1281 198.9733 59.7799 8.5034
Generation: 297 71.3172 187.2612 61.8049 7.6187
Generation: 298 70.8445 186.7828 62.5389 6.3652
Generation: 299 70.6043 186.5537 61.2273 7.0623
Generation: 300 71.0246 198.8605 62.0605 7.1007
Generation: 301 71.1476 198.9748 62.1988 6.6273
Generation: 302 70.6514 186.6147 61.4519 6.7728
Generation: 303 71.0077 186.9647 61.2866 6.2136
Generation: 304 71.3788 199.2075 62.2336 5.9322
Generation: 305 71.9806 199.8034 62.6466 6.6201
Generation: 306 70.6060 186.5631 62.4132 5.7509
Generation: 307 70.8992 186.8152 60.8281 5.7880
Generation: 308 72.2411 200.0784 60.8349 7.4212
Generation: 309 71.0451 186.9784 61.8097 6.2822
Generation: 310 71.2638 199.1123 60.6520 7.1086
Generation: 311 72.1596 199.9936 61.6501 7.0984
Generation: 312 70.7667 186.7196 61.5409 7.1249
Generation: 313 72.2897 200.1253 62.0147 6.9053
Generation: 314 70.2839 186.2307 60.5523 7.6214
Generation: 315 72.1302 199.9262 62.3318 6.7868
Generation: 316 70.6204 186.5834 62.6400 5.8619
Generation: 317 70.7881 198.6208 61.3817 6.5161
Generation: 318 70.8077 186.7253 62.1011 5.7004
Generation: 319 71.6137 199.4654 61.7661 6.4007
Generation: 320 71.8221 199.6363 61.1485 7.6070
Generation: 321 70.4940 186.4377 62.6429 6.4813
Generation: 322 71.0986 198.9184 63.0284 5.6777
Generation: 323 71.2958 199.1167 62.7897 6.1766
Generation: 324 71.5760 199.3939 63.0982 5.2951
Generation: 325 71.2983 199.1310 63.5160 5.1376
Generation: 326 70.8713 186.8141 61.8603 6.6000
Generation: 327 70.0183 185.9657 62.1208 5.7540
Generation: 328 70.6459 186.5748 61.7641 6.0261
Generation: 329 70.7226 186.6686 62.5015 5.0174
Generation: 330 70.4954 186.4490 62.5750 5.8124
Generation: 331 70.9827 198.8389 64.1130 4.9096
Generation: 332 71.8013 199.6150 63.0543 5.3733
Generation: 333 71.1648 187.0826 63.2688 5.1894
Generation: 334 70.1494 186.0881 62.9361 6.0925
Generation: 335 70.9929 186.9485 64.1797 5.5487
Generation: 336 70.4916 186.4540 62.6518 5.6070
Generation: 337 71.2654 199.1022 63.8124 5.8831
Generation: 338 70.7292 186.6526 61.6540 6.1974
Generation: 339 70.8742 198.7225 62.4834 5.7536
Generation: 340 72.3875 200.2388 63.3675 5.6926
Generation: 341 71.1682 187.1166 63.1220 5.7218
Generation: 342 71.5057 199.3420 64.2589 4.5218
Generation: 343 71.7190 199.5762 63.6666 6.1749
Generation: 344 72.2493 200.0807 63.1858 6.9338
Generation: 345 70.8368 186.7953 63.8511 5.5514
Generation: 346 71.2511 199.1097 63.5506 5.0557
Generation: 347 71.0109 186.9476 63.2991 6.4476
Generation: 348 71.3421 187.2868 63.1987 5.7314
Generation: 349 72.0786 199.8988 64.5977 5.4565
Generation: 350 72.2064 200.0564 64.9822 4.1921
Generation: 351 70.8298 186.7904 63.9123 5.9235
Generation: 352 72.1020 199.9171 64.7721 4.6513
Generation: 353 70.7112 186.6643 63.3654 5.9340
Generation: 354 72.0907 199.9170 64.1224 5.2976
Generation: 355 71.3449 199.1794 64.3475 4.9323
Generation: 356 70.9598 198.8049 63.6917 5.6646
Generation: 357 71.7601 199.6125 64.3148 5.8986
Generation: 358 72.5365 200.3725 63.9987 4.7361
Generation: 359 70.8684 186.8265 63.9712 5.6525
Generation: 360 71.8612 199.6782 64.2085 5.1590
Generation: 361 70.7917 186.7484 64.6658 5.2691
Generation: 362 72.0086 199.8195 64.8331 4.6173
Generation: 363 72.0274 199.7698 63.4300 6.0524
Generation: 364 71.3208 199.1781 64.0770 5.6781
Generation: 365 71.6650 199.5149 65.0899 4.7069
Generation: 366 72.0175 199.8444 62.6581 6.3635
Generation: 367 71.3048 199.1527 63.6164 7.3020
Generation: 368 71.4356 199.2704 64.7727 6.9251
Generation: 369 72.0388 199.8674 64.5276 7.2339
Generation: 370 71.8386 199.6768 64.4335 4.8248
Generation: 371 71.8479 199.6563 64.5099 4.7654
Generation: 372 71.2829 199.1254 65.1267 4.6714
Generation: 373 71.9292 199.7791 65.2286 4.9365
Generation: 374 71.2919 199.1434 64.3964 5.4311
Generation: 375 71.7189 199.5295 65.4656 3.8340
Generation: 376 71.4565 199.2925 65.1123 4.8173
Generation: 377 71.2285 199.0851 64.7122 5.1199
Generation: 378 72.0794 199.9065 64.3215 5.0471
Generation: 379 72.0211 199.8688 64.9783 4.5230
Generation: 380 71.6365 199.4700 64.9932 4.5277
Generation: 381 71.8249 199.6491 63.5722 5.6815
Generation: 382 71.9698 199.8215 65.6813 4.5085
Generation: 383 71.5107 199.3211 65.7737 4.5083
Generation: 384 72.0042 199.8553 65.0210 5.7029
Generation: 385 72.0407 199.8678 65.0664 4.6246
Generation: 386 71.2368 199.0673 65.0553 4.9306
Generation: 387 71.9432 199.7944 64.7865 5.4641
Generation: 388 72.2568 200.0942 65.9639 3.7404
Generation: 389 72.2435 200.0994 64.2385 5.8718
Generation: 390 71.8461 199.6958 65.2969 4.6720
Generation: 391 71.7690 199.5949 65.1311 4.5898
Generation: 392 72.4187 200.1664 64.5540 4.9809
Generation: 393 72.4211 200.1692 65.1515 5.0539
Generation: 394 71.5963 199.4158 64.8562 5.2685
Generation: 395 71.9385 199.6642 65.7095 5.0389
Generation: 396 72.3415 200.1824 64.4208 6.0557
Generation: 397 71.9042 199.7339 64.6762 6.1462
Generation: 398 71.7940 199.6469 64.5182 6.7623
Generation: 399 72.0894 199.9395 65.2131 4.9376
Generation: 400 73.4513 201.1756 65.9856 4.9084
Generation: 401 72.3096 200.0277 65.0903 6.1677
Generation: 402 72.1917 200.0399 65.9491 5.0804
Generation: 403 71.7007 199.5547 64.5769 5.4880
Generation: 404 72.1604 200.0005 64.6526 6.4998
Generation: 405 72.1115 199.9384 64.6602 6.3845
Generation: 406 72.4453 200.1801 65.0340 6.3830
Generation: 407 72.6919 200.4163 63.6560 6.4051
Generation: 408 72.5047 200.3437 65.9688 5.0370
Generation: 409 72.3909 200.1289 65.1846 7.0449
Generation: 410 72.7683 200.4913 65.3662 5.5450
Generation: 411 72.7886 200.5325 65.7491 5.4463
Generation: 412 72.3244 200.1541 64.9693 5.9392
Generation: 413 72.4397 200.2685 65.0802 5.5386
Generation: 414 72.3438 200.0525 64.9183 5.6952
Generation: 415 73.2838 201.0051 65.7126 5.4884
Generation: 416 72.6765 200.3860 65.2855 5.1615
Generation: 417 72.2754 200.1128 66.1534 5.1140
Generation: 418 72.2841 200.0152 65.8069 5.3243
Generation: 419 73.3931 201.1214 66.7067 4.4604
Generation: 420 72.6185 200.3585 66.6245 5.0865
Generation: 421 72.4255 200.1620 66.2660 5.4755
Generation: 422 72.7709 200.5152 66.1341 4.3624
Generation: 423 73.0027 200.7202 66.4429 4.9785
Generation: 424 73.0498 200.7784 65.7922 5.1336
Generation: 425 73.1409 200.8695 66.3993 5.3318
Generation: 426 73.5814 201.3099 66.6340 5.8078
Generation: 427 73.0237 200.7507 66.6943 5.0308
Generation: 428 73.5792 201.3014 65.7501 6.3421
Generation: 429 73.2673 200.9977 65.8983 5.8643
Generation: 430 73.2859 201.0152 67.1385 4.3519
Generation: 431 73.4347 201.1512 67.2828 4.9486
Generation: 432 72.9778 200.7219 66.1804 5.6891
Generation: 433 73.0548 200.7779 67.0627 5.1616
Generation: 434 73.2720 201.0024 67.5321 4.5972
Generation: 435 73.1738 200.8954 66.6606 5.0784
Generation: 436 73.5076 201.2308 68.0100 5.0930
Generation: 437 73.5489 201.2560 67.1007 4.7956
Generation: 438 73.3313 201.0609 67.5506 5.6126
Generation: 439 73.3412 201.0646 67.1497 5.8867
Generation: 440 73.4841 201.2114 67.9263 4.8423
Generation: 441 73.5330 201.2584 67.5370 5.7672
Generation: 442 73.2717 200.9994 66.5928 6.7212
Generation: 443 73.2887 201.0203 66.7839 6.4292
Generation: 444 73.3604 201.0901 68.7237 4.5826
Generation: 445 73.3741 201.1044 68.0906 5.0848
Generation: 446 73.2441 200.9625 67.7503 5.2616
Generation: 447 73.3814 201.1047 68.1166 4.8335
Generation: 448 73.5515 201.2749 67.9164 5.4941
Generation: 449 73.4998 201.2292 67.6957 5.6532
Generation: 450 73.5821 201.3060 68.6754 4.7197
Generation: 451 73.5266 201.2542 68.4655 5.6018
Generation: 452 73.6036 201.3306 67.3104 6.1495
Generation: 453 73.4572 201.1769 67.0818 5.1786
Generation: 454 73.5067 201.2306 67.9526 5.5861
Generation: 455 73.4743 201.2057 67.8007 5.7322
Generation: 456 73.5556 201.2725 67.6217 5.6102
Generation: 457 73.5289 201.2593 67.1310 5.4634
Generation: 458 73.5667 201.2961 67.5534 5.4834
Generation: 459 73.5789 201.3016 67.9243 4.8043
Generation: 460 73.5149 201.2400 67.8888 4.9374
Generation: 461 73.5620 201.2881 65.9478 6.9871
Generation: 462 73.3702 201.0951 66.9180 6.1154
Generation: 463 73.4727 201.2014 66.9457 5.2693
Generation: 464 73.5237 201.2558 67.6959 4.4457
Generation: 465 73.6381 201.3709 66.4682 6.2029
Generation: 466 73.3386 201.0606 65.9517 7.3484
Generation: 467 73.3327 201.0574 67.3464 5.1649
Generation: 468 73.4834 201.2157 66.6805 6.1801
Generation: 469 73.4052 201.1304 65.9579 6.5968
Generation: 470 73.6712 201.3967 67.5980 5.6925
Generation: 471 73.2775 201.0086 67.2318 5.3829
Generation: 472 73.4446 201.1751 67.5064 4.8320
Generation: 473 73.3944 201.1244 67.6001 6.5401
Generation: 474 73.5328 201.2606 67.9556 5.2081
Generation: 475 73.3619 201.0931 67.7367 5.4041
Generation: 476 73.4045 201.1289 67.5058 5.1896
Generation: 477 73.6059 201.3324 68.0469 5.3539
Generation: 478 73.5482 201.2796 66.9910 6.2910
Generation: 479 73.6060 201.3313 68.1293 5.2794
Generation: 480 73.4183 201.1435 68.5367 5.8011
Generation: 481 73.4078 201.1299 67.6340 5.7126
Generation: 482 73.7492 201.4799 67.6233 6.4027
Generation: 483 73.5929 201.3202 67.2963 6.0123
Generation: 484 73.5490 201.2754 67.6456 6.2817
Generation: 485 73.4794 201.2047 67.1277 5.2538
Generation: 486 73.6743 201.4050 67.1336 6.1396
Generation: 487 73.6003 201.3292 67.2418 6.2843
Generation: 488 73.5005 201.2276 65.6717 7.2676
Generation: 489 73.6119 201.3382 67.2353 6.0243
Generation: 490 73.6632 201.3896 66.3335 6.3363
Generation: 491 73.3018 201.0339 65.7373 6.8982
Generation: 492 73.5940 201.3189 67.0970 6.2654
Generation: 493 73.4169 201.1479 66.4763 6.4704
Generation: 494 73.6545 201.3866 66.8685 6.6121
Generation: 495 73.8057 201.5315 67.4700 6.4217
Generation: 496 73.5794 201.3099 67.7140 5.7217
Generation: 497 73.6639 201.3916 66.2415 7.1650
Generation: 498 73.6435 201.3695 67.6783 6.3521
Generation: 499 73.3583 201.0877 67.7851 5.3764
Generation: 500 73.5407 201.2655 67.1424 6.2394
Generation: 501 73.5353 201.2605 67.9891 5.5678
Generation: 502 73.5968 201.3217 68.6588 4.9593
Generation: 503 73.6583 201.3841 68.4701 5.1871
Generation: 504 73.6627 201.3881 68.1625 5.1732
Generation: 505 73.5795 201.3077 68.1669 5.2296
Generation: 506 73.6067 201.3321 68.0821 6.0843
Generation: 507 73.5777 201.3068 67.9515 6.4519
Generation: 508 73.4950 201.2211 68.6680 5.4742
Generation: 509 73.4395 201.1649 67.2342 6.9210
Generation: 510 73.5603 201.2898 68.4877 5.7248
Generation: 511 73.6126 201.3382 68.4587 5.0757
Generation: 512 73.7619 201.4887 68.0650 5.5260
Generation: 513 73.7765 201.5057 67.6716 6.1196
Generation: 514 73.5966 201.3274 68.3575 5.8119
Generation: 515 73.8237 201.5505 67.3579 6.2506
Generation: 516 73.5464 201.2727 67.0650 6.5478
Generation: 517 73.4661 201.1917 68.1511 5.7434
Generation: 518 73.5645 201.2895 67.7515 5.9907
Generation: 519 73.4563 201.1861 67.3045 6.2393
Generation: 520 73.4409 201.1662 68.6155 6.0576
Generation: 521 73.5697 201.2918 69.0431 5.1634
Generation: 522 73.5454 201.2761 68.0221 5.8794
Generation: 523 73.6051 201.3262 68.8664 5.0861
Generation: 524 73.7001 201.4271 67.6260 6.3204
Generation: 525 73.8163 201.5443 67.9270 6.8786
Generation: 526 73.6141 201.3581 67.1357 5.8227
Generation: 527 73.8297 201.5547 67.8401 6.5000
Generation: 528 73.4032 201.1340 68.3529 5.5579
Generation: 529 73.7074 201.4315 69.0515 5.2545
Generation: 530 73.6378 201.3600 68.4357 5.1560
Generation: 531 73.8238 201.5488 69.0015 5.5276
Generation: 532 73.8621 201.5888 67.1738 6.0743
Generation: 533 73.7022 201.4325 67.3536 6.4533
Generation: 534 73.6816 201.4107 68.4812 5.3729
Generation: 535 73.6306 201.3535 68.6717 5.7288
Generation: 536 73.5492 201.2795 68.1729 5.4293
Generation: 537 73.5216 201.2491 68.6538 5.5327
Generation: 538 73.6078 201.3312 69.1735 5.5713
Generation: 539 73.5591 201.2891 69.0621 4.9784
Generation: 540 73.7479 201.4784 69.4241 4.4767
Generation: 541 73.6202 201.3516 68.7623 4.7702
Generation: 542 73.7238 201.4538 69.3509 4.7949
Generation: 543 73.7449 201.4710 68.9825 4.9201
Generation: 544 73.5710 201.2948 68.8239 5.7314
Generation: 545 74.0594 201.7889 69.2819 4.7703
Generation: 546 73.6579 201.3886 68.8357 5.5727
Generation: 547 73.5951 201.3265 67.8226 5.8728
Generation: 548 73.6624 201.3897 68.7127 5.5331
Generation: 549 73.5626 201.2944 69.5791 4.9573
Generation: 550 73.7194 201.4463 69.1541 5.4992
Generation: 551 74.1152 201.8398 70.0919 4.0718
Generation: 552 73.5129 201.2404 68.6710 5.8571
Generation: 553 74.0598 201.7853 69.3844 4.6316
Generation: 554 73.6923 201.4225 69.7740 4.7615
Generation: 555 73.5206 201.2437 69.0305 5.2628
Generation: 556 73.9387 201.6631 69.5132 5.1636
Generation: 557 73.9339 201.6594 69.7289 4.8852
Generation: 558 73.8267 201.5532 69.8881 4.5871
Generation: 559 73.9271 201.6516 70.3116 3.7663
Generation: 560 74.0139 201.7409 69.8474 4.2106
Generation: 561 73.7811 201.5087 69.5735 5.3567
Generation: 562 73.7202 201.4500 70.4154 4.3617
Generation: 563 74.1366 201.8599 69.9226 4.5933
Generation: 564 73.8361 201.5666 70.1806 4.3625
Generation: 565 73.7304 201.4568 70.0228 4.0518
Generation: 566 73.7522 201.4825 69.9053 4.2240
Generation: 567 73.7068 201.4321 70.4143 3.5456
Generation: 568 73.8891 201.6200 70.0285 4.0072
Generation: 569 73.8707 201.6016 70.5910 3.7998
Generation: 570 74.0313 201.7599 69.7478 5.0374
Generation: 571 74.1078 201.8347 70.2717 4.6893
Generation: 572 73.7781 201.5083 69.7179 4.1834
Generation: 573 73.6915 201.4220 70.0397 4.1806
Generation: 574 73.7935 201.5246 69.7506 4.9308
Generation: 575 74.1081 201.8324 69.1536 5.4752
Generation: 576 73.9661 201.6931 69.1561 5.7436
Generation: 577 74.0382 201.7647 69.6798 5.0132
Generation: 578 73.8636 201.5906 70.5427 3.5236
Generation: 579 74.1245 201.8554 70.0743 4.3718
Generation: 580 73.7664 201.4929 69.9587 4.9865
Generation: 581 73.9035 201.6282 69.9021 4.7603
Generation: 582 73.8369 201.5628 70.0700 4.2434
Generation: 583 73.6651 201.3941 70.5262 3.4707
Generation: 584 74.2707 202.0002 69.9411 4.5982
Generation: 585 74.1326 201.8583 69.6364 5.0447
Generation: 586 74.2042 201.9307 70.2079 4.5230
Generation: 587 74.0441 201.7681 70.5809 4.4803
Generation: 588 73.7510 201.4776 70.4041 4.4134
Generation: 589 73.7938 201.5187 69.9316 4.9458
Generation: 590 73.8072 201.5368 70.2591 4.8096
Generation: 591 73.6825 201.4266 70.7575 3.9208
Generation: 592 73.6806 201.4115 70.1348 4.4040
Generation: 593 74.1854 201.9135 70.4354 4.3380
Generation: 594 74.0073 201.7312 71.0056 3.2557
Generation: 595 73.9808 201.7064 70.0916 4.8697
Generation: 596 74.1240 201.8501 70.3818 4.6715
Generation: 597 73.8404 201.5709 70.6298 4.6666
Generation: 598 73.9180 201.6439 71.0182 3.6109
Generation: 599 74.0833 201.8102 70.0904 5.2597
Generation: 600 73.7495 201.4790 69.8468 5.3254
Generation: 601 74.0734 201.8037 71.0087 3.2936
Generation: 602 73.7856 201.5097 69.5145 5.1742
Generation: 603 73.8758 201.6019 70.8936 3.7456
Generation: 604 74.1153 201.8418 70.4681 3.7736
Generation: 605 73.9401 201.6709 69.3204 5.8638
Generation: 606 74.0783 201.8026 70.2376 4.6315
Generation: 607 74.0575 201.7807 70.8747 3.2314
Generation: 608 73.7819 201.5113 70.9256 4.1973
Generation: 609 73.9241 201.6527 71.0841 3.0517
Generation: 610 73.9746 201.7001 69.7248 5.1711
Generation: 611 73.8785 201.5967 70.5126 5.1936
Generation: 612 73.8843 201.6137 69.9751 4.7700
Generation: 613 74.1657 201.8840 70.4213 4.2911
Generation: 614 73.7580 201.4831 70.3897 3.9087
Generation: 615 73.8632 201.5922 70.3522 4.3745
Generation: 616 73.8718 201.5975 70.8775 3.6983
Generation: 617 73.9677 201.6979 70.4577 4.3027
Generation: 618 73.9829 201.7084 71.4275 3.3638
Generation: 619 74.3576 202.0754 70.0549 4.3626
Generation: 620 73.9975 201.7225 69.8528 5.1441
Generation: 621 73.9226 201.6523 71.1973 3.0838
Generation: 622 74.0318 201.7493 70.7583 3.9730
Generation: 623 73.8058 201.5318 70.1834 4.9859
Generation: 624 74.2054 201.9231 70.0977 3.8984
Generation: 625 73.8486 201.5890 70.0436 4.3350
Generation: 626 74.1624 201.8872 70.6158 4.0535
Generation: 627 73.9165 201.6370 70.4572 3.5571
Generation: 628 73.9542 201.6809 71.5483 2.8935
Generation: 629 74.4512 202.1721 70.3996 4.1738
Generation: 630 73.9280 201.6536 70.6853 3.7797
Generation: 631 74.2878 202.0106 71.4013 2.9128
Generation: 632 74.1313 201.8552 70.7942 3.9879
Generation: 633 73.8130 201.5434 71.2672 2.8698
Generation: 634 73.9856 201.7139 69.5636 5.3131
Generation: 635 74.0752 201.7997 69.5123 5.6250
Generation: 636 73.9887 201.7134 70.6174 3.7547
Generation: 637 74.0110 201.7300 69.9431 5.2127
Generation: 638 73.8386 201.5640 70.6739 4.2072
Generation: 639 74.2078 201.9303 70.3976 4.1071
Generation: 640 74.1399 201.8646 70.2854 5.0054
Generation: 641 74.1132 201.8393 70.7269 3.5361
Generation: 642 73.9281 201.6522 70.2779 4.4267
Generation: 643 74.1993 201.9290 70.7056 3.6166
Generation: 644 74.0459 201.7757 70.3450 4.9418
Generation: 645 73.8611 201.5894 69.7993 4.4762
Generation: 646 73.8905 201.6165 70.1863 3.5435
Generation: 647 74.1014 201.8258 70.1886 4.4386
Generation: 648 74.1638 201.8891 70.2701 3.8645
Generation: 649 74.2522 201.9772 71.0588 4.0929
Generation: 650 74.0977 201.8207 71.5695 2.8288
Generation: 651 74.1025 201.8288 69.7553 5.1186
Generation: 652 74.1702 201.8954 69.9840 4.5058
Generation: 653 74.0183 201.7455 71.3345 3.1115
Generation: 654 74.1166 201.8435 70.0093 4.9053
Generation: 655 74.2535 201.9770 70.4335 4.6265
Generation: 656 74.2863 202.0069 69.9329 4.9109
Generation: 657 74.0053 201.7350 70.0516 4.7965
Generation: 658 74.3547 202.0844 70.2134 4.8150
Generation: 659 74.3104 202.0336 69.8554 4.3174
Generation: 660 74.2729 201.9952 69.3461 5.1066
Generation: 661 74.0322 201.7759 69.5355 5.4489
Generation: 662 74.2794 202.0031 70.6217 3.7872
Generation: 663 74.0978 201.8170 70.2085 4.2290
Generation: 664 74.5024 202.2248 70.7525 4.0546
Generation: 665 74.1313 201.8543 70.1155 5.4139
Generation: 666 74.2233 201.9423 70.0383 5.0263
Generation: 667 74.1018 201.8295 70.9309 3.4429
Generation: 668 73.9782 201.7036 70.8885 4.0203
Generation: 669 74.0362 201.7624 71.1227 3.1947
Generation: 670 74.1280 201.8566 70.8686 3.1912
Generation: 671 74.3278 202.0560 70.6438 3.1512
Generation: 672 74.2510 201.9729 70.8219 3.3133
Generation: 673 74.2348 201.9598 70.8000 3.5342
Generation: 674 74.2437 201.9679 69.4075 4.9914
Generation: 675 74.3252 202.0502 70.2686 3.6816
Generation: 676 74.0832 201.8075 70.0665 4.4674
Generation: 677 74.1378 201.8637 70.7495 4.2772
Generation: 678 74.1847 201.9075 69.3250 5.1013
Generation: 679 74.1039 201.8243 70.1770 3.9595
Generation: 680 74.0828 201.8023 70.2935 4.4309
Generation: 681 74.2599 201.9861 70.2409 4.1255
Generation: 682 74.2415 201.9697 70.4539 4.3201
Generation: 683 74.1858 201.9133 70.1735 4.9677
Generation: 684 74.2024 201.9266 70.0634 4.7746
Generation: 685 74.3858 202.1077 70.0388 4.7961
Generation: 686 74.0446 201.7825 70.4857 4.1680
Generation: 687 74.0335 201.7577 70.4166 4.1025
Generation: 688 74.3295 202.0496 71.0986 4.0684
Generation: 689 74.0210 201.7439 71.1016 3.3348
Generation: 690 74.2318 201.9490 70.3026 4.7934
Generation: 691 74.4115 202.1373 70.7421 3.7997
Generation: 692 74.2109 201.9316 71.3858 3.2430
Generation: 693 74.2791 201.9987 70.6986 3.8207
Generation: 694 74.2227 201.9510 70.6499 4.2406
Generation: 695 74.3567 202.0787 71.2204 4.1073
Generation: 696 74.2270 201.9513 70.8156 3.8446
Generation: 697 74.2605 201.9781 70.8665 3.4959
Generation: 698 74.4263 202.1489 70.5324 4.5636
Generation: 699 74.1995 201.9202 71.1677 3.9881
Generation: 700 74.0462 201.7655 71.0491 3.7387
Generation: 701 74.0589 201.7862 70.1720 4.3356
Generation: 702 74.0324 201.7564 71.7767 2.9295
Generation: 703 74.2249 201.9446 71.1828 3.2202
Generation: 704 74.2880 202.0093 70.7257 4.1796
Generation: 705 74.2161 201.9421 71.1722 3.9719
Generation: 706 74.3102 202.0352 70.7724 4.8662
Generation: 707 74.3003 202.0237 71.3669 3.5626
Generation: 708 74.2279 201.9474 70.1355 4.3687
Generation: 709 74.3911 202.1178 71.2377 3.9409
Generation: 710 74.3515 202.0762 71.0789 3.6704
Generation: 711 74.1303 201.8543 71.4084 3.8790
Generation: 712 74.3128 202.0379 71.0677 3.8873
Generation: 713 74.1437 201.8661 71.5694 2.5232
Generation: 714 74.1917 201.9183 70.5875 4.9288
Generation: 715 74.0990 201.8244 70.6553 4.8512
Generation: 716 74.1353 201.8585 69.6453 4.9088
Generation: 717 74.2375 201.9615 70.9416 4.2609
Generation: 718 74.0596 201.7840 70.2819 4.5552
Generation: 719 74.3808 202.1007 69.8183 4.6653
Generation: 720 74.0942 201.8373 71.2044 3.7761
Generation: 721 74.1063 201.8327 70.5152 3.8987
Generation: 722 74.2952 202.0229 71.1161 3.0735
Generation: 723 74.3957 202.1212 70.7845 3.3894
Generation: 724 74.1583 201.8782 69.9496 4.3729
Generation: 725 74.3495 202.0710 70.1852 4.6276
Generation: 726 74.3621 202.0883 70.9903 3.3070
Generation: 727 74.2407 201.9675 70.2407 4.6326
Generation: 728 74.3409 202.0610 70.6905 3.8635
Generation: 729 74.2784 201.9993 70.8998 4.4704
Generation: 730 74.1447 201.8637 70.5555 4.1140
Generation: 731 74.1979 201.9238 71.1504 3.4218
Generation: 732 74.1760 201.9025 71.0841 4.0666
Generation: 733 74.0763 201.7972 71.1684 3.7335
Generation: 734 74.3005 202.0184 70.6304 3.6892
Generation: 735 73.9268 201.6448 70.2674 4.2916
Generation: 736 74.2716 201.9933 70.4250 4.0639
Generation: 737 73.9231 201.6649 69.7523 4.8627
Generation: 738 74.0785 201.8001 70.5371 4.1924
Generation: 739 74.0754 201.7990 70.3621 4.5439
Generation: 740 74.3274 202.0546 70.9533 3.9790
Generation: 741 74.3659 202.0860 70.5863 3.6978
Generation: 742 74.3675 202.0868 70.5801 4.3656
Generation: 743 74.1220 201.8453 71.3264 3.6331
Generation: 744 74.1935 201.9194 70.7922 3.5255
Generation: 745 74.3477 202.0731 70.9107 3.4665
Generation: 746 74.0855 201.8084 71.0709 3.2481
Generation: 747 74.2330 201.9552 71.3532 3.0165
Generation: 748 74.4587 202.1822 70.2014 4.4700
Generation: 749 74.1149 201.8413 70.4056 3.7230
Generation: 750 74.3353 202.0629 71.7947 2.6078
Generation: 751 74.2951 202.0195 70.4832 4.0779
Generation: 752 74.1695 201.8921 70.8502 3.8118
Generation: 753 74.4581 202.1845 70.7208 3.4717
Generation: 754 74.3999 202.1269 70.3899 4.0925
Generation: 755 74.4787 202.2054 70.7923 3.8126
Generation: 756 74.3645 202.0904 71.1983 3.3556
Generation: 757 74.2374 201.9556 70.7123 4.4947
Generation: 758 74.3190 202.0471 70.6728 3.9996
Generation: 759 74.1707 201.8906 71.0075 2.8938
Generation: 760 74.4224 202.1487 71.0229 3.4192
Generation: 761 74.2715 202.0007 70.8967 3.6687
Generation: 762 74.0938 201.8134 70.7397 3.7552
Generation: 763 74.2749 201.9987 71.2240 3.4591
Generation: 764 74.3858 202.1109 70.1387 4.9446
Generation: 765 74.3057 202.0325 71.0036 2.9639
Generation: 766 74.2558 201.9771 70.9537 3.1115
Generation: 767 74.1201 201.8448 70.7436 4.1489
Generation: 768 74.3577 202.0802 71.1643 4.5386
Generation: 769 74.2773 202.0038 71.2499 3.3176
Generation: 770 74.5165 202.2424 71.2604 3.7630
Generation: 771 74.1737 201.8918 71.8800 2.3008
Generation: 772 74.2008 201.9207 71.4188 3.6900
Generation: 773 74.3533 202.0770 71.3595 3.8143
Generation: 774 74.1652 201.8834 70.4762 4.2526
Generation: 775 74.4820 202.2012 71.2684 3.8169
Generation: 776 74.3648 202.0836 70.4919 4.1785
Generation: 777 74.4470 202.1664 71.3824 2.6093
Generation: 778 74.0507 201.7759 71.3840 3.0326
Generation: 779 74.2211 201.9456 71.3471 3.0127
Generation: 780 74.2815 202.0073 71.3180 3.4330
Generation: 781 74.3494 202.0773 70.9454 4.3096
Generation: 782 74.3499 202.0741 71.8330 3.3225
Generation: 783 74.2035 201.9255 70.6447 4.1220
Generation: 784 74.2476 201.9705 70.7904 3.9960
Generation: 785 74.2079 201.9293 71.4406 3.0335
Generation: 786 74.3346 202.0610 70.8447 4.1162
Generation: 787 74.2388 201.9646 71.0135 4.4081
Generation: 788 74.3727 202.0998 70.6727 4.6553
Generation: 789 74.1322 201.8577 71.1030 3.3582
Generation: 790 74.2811 202.0063 70.4856 4.3270
Generation: 791 74.3798 202.1068 70.5591 4.7410
Generation: 792 74.3525 202.0784 71.0348 4.1608
Generation: 793 74.2913 202.0199 72.2517 2.6146
Generation: 794 74.4349 202.1565 71.1791 3.7001
Generation: 795 74.4545 202.1815 71.2674 3.6957
Generation: 796 74.1427 201.8729 70.8045 3.7265
Generation: 797 74.4038 202.1276 71.5437 2.8298
Generation: 798 74.2283 201.9527 71.0669 3.6467
Generation: 799 74.2351 201.9618 69.3515 5.7933
Generation: 800 74.3206 202.0489 70.6577 4.2159
Generation: 801 74.3989 202.1252 71.4347 2.8953
Generation: 802 74.4005 202.1235 71.1277 4.3275
Generation: 803 74.4903 202.2171 71.1263 3.5504
Generation: 804 74.3437 202.0654 70.8360 4.9832
Generation: 805 74.2495 201.9673 71.1515 3.7962
Generation: 806 74.2574 201.9844 71.4233 4.2262
Generation: 807 74.3474 202.0739 70.2285 4.1278
Generation: 808 74.2642 201.9907 71.3291 3.3831
Generation: 809 74.4838 202.2100 70.3564 4.3502
Generation: 810 74.3593 202.0827 71.3907 3.0512
Generation: 811 74.1599 201.8883 70.9258 4.2822
Generation: 812 74.2447 201.9670 71.2887 3.5674
Generation: 813 74.2446 201.9676 71.9820 2.8045
Generation: 814 74.3166 202.0410 71.5570 3.3573
Generation: 815 74.2710 201.9957 71.4282 3.3607
Generation: 816 74.3333 202.0575 71.5121 3.2190
Generation: 817 74.4480 202.1755 71.4140 3.4787
Generation: 818 74.1156 201.8346 70.7505 5.5813
Generation: 819 74.5392 202.2657 71.0299 3.8101
Generation: 820 74.3879 202.1123 71.4349 4.2446
Generation: 821 74.4362 202.1582 71.6767 3.5574
Generation: 822 74.1973 201.9260 71.4357 3.3419
Generation: 823 74.2654 201.9906 71.2959 4.1049
Generation: 824 74.4782 202.2051 71.5193 3.5977
Generation: 825 74.4032 202.1282 71.6945 3.0499
Generation: 826 74.3476 202.0686 71.7301 2.8168
Generation: 827 74.4763 202.2001 71.6741 4.0255
Generation: 828 74.3954 202.1163 71.5313 3.6297
Generation: 829 74.3270 202.0540 71.6288 3.0862
Generation: 830 74.4318 202.1572 72.3355 2.4132
Generation: 831 74.4544 202.1817 71.6199 4.1409
Generation: 832 74.4746 202.1991 71.9049 3.3249
Generation: 833 74.4131 202.1396 72.1017 2.7588
Generation: 834 74.2749 202.0024 71.3400 3.6468
Generation: 835 74.3482 202.0763 72.0505 3.1545
Generation: 836 74.3441 202.0756 71.4747 3.0544
Generation: 837 74.3302 202.0590 72.1126 2.8285
Generation: 838 74.3504 202.0756 72.0493 3.3911
Generation: 839 74.3713 202.0973 71.6736 3.0426
Generation: 840 74.3619 202.0857 71.8298 3.4144
Generation: 841 74.4109 202.1368 72.4345 1.9840
Generation: 842 74.4316 202.1600 71.6481 3.2411
Generation: 843 74.5021 202.2285 71.9554 3.0143
Generation: 844 74.4395 202.1665 71.8248 3.0719
Generation: 845 74.4786 202.2053 72.0430 2.8621
Generation: 846 74.3978 202.1260 71.5964 3.3732
Generation: 847 74.3983 202.1262 71.6247 3.0377
Generation: 848 74.6108 202.3371 71.8052 3.0178
Generation: 849 74.3474 202.0725 71.8740 2.9713
Generation: 850 74.5050 202.2333 72.1881 2.6030
Generation: 851 74.5087 202.2350 71.5131 3.3993
Generation: 852 74.3905 202.1165 71.8779 2.8790
Generation: 853 74.3816 202.1062 71.7478 3.4569
Generation: 854 74.5334 202.2601 71.7897 2.4654
Generation: 855 74.4366 202.1632 71.5518 4.0474
Generation: 856 74.4836 202.2105 71.9488 3.4101
Generation: 857 74.4267 202.1538 71.2196 3.8617
Generation: 858 74.4025 202.1299 72.0786 2.6296
Generation: 859 74.3810 202.1081 71.6601 2.9612
Generation: 860 74.3083 202.0334 71.2121 2.9822
Generation: 861 74.3558 202.0795 71.3595 3.4780
Generation: 862 74.4523 202.1761 71.6366 3.1973
Generation: 863 74.5003 202.2263 71.7450 2.9627
Generation: 864 74.3928 202.1196 72.4179 2.3609
Generation: 865 74.4300 202.1562 72.2667 2.8489
Generation: 866 74.4929 202.2220 71.9346 3.6116
Generation: 867 74.4974 202.2241 72.0106 2.5021
Generation: 868 74.4491 202.1752 72.4160 2.0757
Generation: 869 74.4612 202.1864 72.5356 2.3131
Generation: 870 74.3411 202.0672 72.6861 2.4225
Generation: 871 74.4646 202.1910 72.5881 1.9084
Generation: 872 74.3857 202.1109 71.9548 3.6219
Generation: 873 74.5308 202.2570 72.1754 2.8260
Generation: 874 74.4474 202.1716 72.3277 3.2770
Generation: 875 74.5037 202.2279 71.8681 2.6864
Generation: 876 74.5386 202.2655 72.5089 2.7269
Generation: 877 74.4625 202.1902 71.7869 3.6134
Generation: 878 74.3999 202.1241 71.8349 3.8109
Generation: 879 74.3824 202.1084 71.3836 3.3062
Generation: 880 74.4214 202.1461 71.9870 2.6863
Generation: 881 74.3474 202.0728 72.1165 2.6010
Generation: 882 74.5019 202.2293 71.5493 3.7298
Generation: 883 74.4608 202.1825 71.8838 3.0052
Generation: 884 74.5078 202.2335 71.8584 3.6533
Generation: 885 74.4753 202.2010 71.3171 4.3065
Generation: 886 74.4562 202.1836 71.8009 3.6050
Generation: 887 74.3046 202.0310 71.3696 3.8975
Generation: 888 74.5186 202.2436 71.3835 4.4313
Generation: 889 74.5136 202.2409 71.9361 3.5150
Generation: 890 74.5475 202.2738 72.3851 2.7424
Generation: 891 74.5683 202.2917 71.7630 2.6115
Generation: 892 74.3624 202.0879 72.4051 2.3264
Generation: 893 74.3855 202.1069 72.1323 2.4088
Generation: 894 74.4891 202.2162 71.8083 3.2900
Generation: 895 74.4449 202.1693 71.9619 3.2649
Generation: 896 74.3978 202.1235 72.0727 3.0097
Generation: 897 74.4991 202.2257 72.1432 2.8957
Generation: 898 74.5359 202.2606 71.7726 3.1567
Generation: 899 74.5321 202.2585 70.7974 3.9955
Generation: 900 74.4058 202.1321 71.3877 4.2605
Generation: 901 74.3755 202.1043 72.2055 2.5068
Generation: 902 74.3261 202.0541 72.2290 2.8989
Generation: 903 74.4387 202.1627 71.3672 3.5812
Generation: 904 74.4817 202.2061 72.2971 2.3920
Generation: 905 74.5623 202.2894 71.8645 2.8860
Generation: 906 74.4080 202.1322 71.4465 4.1346
Generation: 907 74.6287 202.3539 72.0959 2.4080
Generation: 908 74.5924 202.3197 71.2978 3.8946
Generation: 909 74.4699 202.1950 71.7299 2.7603
Generation: 910 74.4157 202.1384 71.6782 2.9546
Generation: 911 74.4487 202.1729 71.8960 3.3482
Generation: 912 74.4966 202.2241 71.5946 2.8055
Generation: 913 74.4861 202.2128 72.0067 2.6328
Generation: 914 74.4565 202.1824 71.6081 3.3470
Generation: 915 74.4383 202.1637 71.5540 3.3404
Generation: 916 74.4602 202.1874 71.4356 4.5656
Generation: 917 74.4811 202.2070 72.1246 2.5058
Generation: 918 74.5445 202.2724 72.1013 2.8909
Generation: 919 74.4646 202.1910 72.3774 2.6595
Generation: 920 74.3953 202.1205 71.7794 3.7265
Generation: 921 74.3855 202.1162 71.8496 2.7867
Generation: 922 74.4851 202.2133 72.0667 2.8832
Generation: 923 74.5412 202.2667 71.9378 3.5529
Generation: 924 74.5383 202.2645 71.9032 3.1605
Generation: 925 74.5233 202.2464 71.5477 3.4527
Generation: 926 74.3958 202.1212 72.0351 3.0104
Generation: 927 74.4132 202.1387 71.7241 2.8825
Generation: 928 74.4377 202.1623 72.0481 2.7904
Generation: 929 74.5568 202.2802 71.3607 3.7682
Generation: 930 74.5246 202.2510 71.6709 3.2993
Generation: 931 74.5915 202.3174 71.7204 3.7890
Generation: 932 74.5670 202.2898 72.3294 3.0094
Generation: 933 74.4806 202.2075 72.8100 2.1689
Generation: 934 74.4904 202.2124 72.0937 2.9877
Generation: 935 74.4912 202.2186 72.0333 3.0794
Generation: 936 74.3708 202.0947 72.1941 2.5404
Generation: 937 74.4058 202.1329 72.1692 3.3387
Generation: 938 74.5474 202.2739 72.2474 2.6043
Generation: 939 74.4585 202.1820 71.9071 2.5854
Generation: 940 74.5932 202.3198 72.5656 2.6542
Generation: 941 74.4428 202.1677 71.8294 2.9816
Generation: 942 74.4437 202.1679 72.1795 2.6404
Generation: 943 74.3842 202.1107 72.2381 2.5289
Generation: 944 74.4457 202.1719 72.5303 2.5868
Generation: 945 74.5370 202.2631 72.3110 2.7536
Generation: 946 74.4316 202.1591 71.7472 2.8015
Generation: 947 74.4584 202.1863 71.9494 2.8315
Generation: 948 74.4079 202.1327 71.6715 3.1834
Generation: 949 74.5016 202.2283 71.8320 3.6419
Generation: 950 74.3826 202.1023 71.5828 3.1906
Generation: 951 74.5941 202.3173 71.9416 3.6393
Generation: 952 74.4374 202.1631 71.7160 3.3764
Generation: 953 74.4332 202.1598 71.7283 2.8120
Generation: 954 74.3954 202.1149 71.4368 4.0106
Generation: 955 74.4921 202.2182 71.8654 2.9074
Generation: 956 74.4596 202.1827 71.9661 3.0928
Generation: 957 74.5105 202.2318 72.4601 2.3743
Generation: 958 74.4559 202.1768 72.0686 3.1877
Generation: 959 74.3023 202.0302 72.1889 2.7241
Generation: 960 74.3837 202.1099 71.5252 3.5669
Generation: 961 74.4478 202.1750 71.9157 2.9230
Generation: 962 74.4526 202.1792 71.8957 3.4144
Generation: 963 74.4745 202.1950 71.8761 2.5699
Generation: 964 74.5305 202.2563 72.3615 2.6150
Generation: 965 74.5004 202.2234 72.2025 2.9909
Generation: 966 74.4975 202.2244 71.9939 2.8389
Generation: 967 74.3349 202.0606 71.6145 3.3687
Generation: 968 74.6013 202.3282 71.9211 2.8615
Generation: 969 74.4699 202.1943 72.0729 2.6482
Generation: 970 74.4794 202.2056 71.7900 2.9614
Generation: 971 74.5062 202.2314 72.2121 3.3782
Generation: 972 74.4755 202.2013 72.0740 3.0516
Generation: 973 74.4163 202.1421 71.4137 3.4357
Generation: 974 74.4438 202.1663 71.6295 3.0031
Generation: 975 74.3559 202.0825 71.4975 3.0937
Generation: 976 74.4826 202.2092 72.2654 3.0123
Generation: 977 74.4374 202.1636 71.9147 2.8627
Generation: 978 74.4511 202.1742 71.8594 3.1206
Generation: 979 74.3671 202.0909 71.8468 3.0897
Generation: 980 74.5344 202.2606 72.3661 2.2421
Generation: 981 74.5671 202.2918 72.2674 2.3057
Generation: 982 74.5012 202.2264 72.3517 2.4059
Generation: 983 74.4239 202.1509 71.5765 3.4548
Generation: 984 74.4341 202.1604 71.7507 2.8229
Generation: 985 74.3326 202.0577 71.7122 3.0560
Generation: 986 74.6074 202.3328 71.4971 3.4488
Generation: 987 74.5582 202.2839 71.8104 3.2051
Generation: 988 74.5637 202.2911 72.3033 2.5700
Generation: 989 74.3917 202.1120 71.5734 3.1781
Generation: 990 74.4175 202.1425 71.7619 2.9884
Generation: 991 74.5171 202.2437 72.2538 2.6302
Generation: 992 74.4291 202.1538 72.3620 2.8132
Generation: 993 74.5021 202.2285 71.8004 2.9949
Generation: 994 74.5086 202.2353 71.6098 3.4484
Generation: 995 74.4612 202.1864 71.9213 2.8566
Generation: 996 74.4627 202.1917 72.2912 2.8670
Generation: 997 74.5383 202.2664 71.8771 3.0274
Generation: 998 74.6283 202.3535 72.6628 2.2162
Generation: 999 74.2977 202.0234 71.0406 4.1864
