-5.633470258687056642e-02
8.610337884481493731e-01
-1.930568595729753589e-02
1.549135712831664902e-01
-4.736211758056955712e-01
-8.026085927780397533e-01
7.806735065753062086e-01
-5.182712480141593581e-02
4.627055016537278131e-01
9.196245693473499294e-01
-8.702571330722870258e-01
-2.754277014912630273e-02
-4.823621329651492373e-02
2.556503420637307178e-01
-1.000000000000000000e+00
1.000000000000000000e+00
2.463599771189470267e-01
-7.248049936218539102e-01
7.819768910773776671e-01
-4.101499623216067203e-01
-1.000000000000000000e+00
-6.411978439534423702e-01
-1.000000000000000000e+00
-1.000000000000000000e+00
3.220241018122460552e-01
-1.000000000000000000e+00
-2.702298291200767588e-01
3.920252818751634449e-01
-8.025865607070106211e-01
2.631503259800661021e-01
-4.321254332725337766e-01
9.878424632048780074e-01
6.842154027541453853e-01
-1.000000000000000000e+00
1.000000000000000000e+00
6.556962676997506456e-01
1.000000000000000000e+00
3.450822689104106056e-01
-1.000000000000000000e+00
-4.560751283205979889e-01
-1.000000000000000000e+00
-9.262220192791555951e-01
-2.679848033705084856e-02
1.659635313634030829e-02
5.792649007551686768e-01
-9.745764099842054717e-01
-9.217937691397866118e-01
1.000000000000000000e+00
1.000000000000000000e+00
1.000000000000000000e+00
5.263196253006758862e-01
6.575071209630007907e-01
-1.000000000000000000e+00
1.761112463393094962e-01
-5.550142498103260991e-02
1.092103127241254024e-01
-6.979950035001658559e-01
-5.575438253011885115e-01
1.218460911468356167e-01
-1.000000000000000000e+00
4.675407800013204884e-01
-1.012234260038608058e-01
-1.000000000000000000e+00
1.421924187391216954e-01
-1.000000000000000000e+00
-3.027588062491824994e-01
9.758895614293586762e-01
-1.000000000000000000e+00
-1.559723814371989925e-01
5.852389126407706588e-01
-1.000000000000000000e+00
-1.000000000000000000e+00
-5.446663687582165014e-02
-3.301693912205458936e-01
7.383501694020526696e-01
1.000000000000000000e+00
6.859646116940216753e-01
5.364871481083055560e-01
-6.160393546173820178e-02
1.000000000000000000e+00
1.000000000000000000e+00
8.623769798264790953e-03
-8.291562984706319916e-01
1.000000000000000000e+00
1.000000000000000000e+00
1.000000000000000000e+00
-1.997119765949747494e-01
-1.000000000000000000e+00
1.000000000000000000e+00
-8.115358352397705755e-02
1.745543786740464398e-01
-7.329501119913127694e-01
-1.000000000000000000e+00
5.314324677688359033e-03
4.250287749345418864e-01
4.875813590826742483e-01
5.606673771496641923e-01
-4.178444864357133137e-01
2.801109525039674475e-01
-1.000000000000000000e+00
7.574625956432601281e-02
1.987292674720489427e-02
1.000000000000000000e+00
-4.750783223232841745e-01
8.911391467903138075e-01
4.703917392787976270e-02
-1.000000000000000000e+00
-1.000000000000000000e+00
9.065577234117460081e-01
1.000000000000000000e+00
-3.207368992090569026e-01
-7.591469297588901988e-01
6.297356983783051199e-01
-1.000000000000000000e+00
5.449222141150060761e-01
1.843026645961795898e-02
8.304814033675816942e-01
-9.252430553042418904e-01
1.000000000000000000e+00
3.849248895662144565e-01
-2.933721365795555203e-02
-9.054229865487171125e-01
-3.017266663000841009e-01
-1.000000000000000000e+00
3.074226696670748216e-01
2.358720509403953655e-02
3.083936942947845261e-01
-6.906479896324602130e-01
8.335571686563039151e-01
-5.549839379606464895e-01
-1.000000000000000000e+00
5.434835542190071811e-01
-8.000777780612693402e-01
9.676501435297346632e-02
7.946219032712170671e-01
-1.000000000000000000e+00
1.000000000000000000e+00
-2.052119210116034598e-01
-1.000000000000000000e+00
-5.537478920517742154e-01
-7.798665901444440385e-01
-6.987357422721408584e-01
6.492935856333607036e-01
4.998224186004702752e-01
9.276216126656539052e-01
-9.113138709896545508e-01
-1.000000000000000000e+00
-6.569641082537301946e-01
1.000000000000000000e+00
-1.000000000000000000e+00
1.000000000000000000e+00
2.470600460507711427e-01
1.000000000000000000e+00
-8.046606249204214523e-01
1.000000000000000000e+00
6.211600029121605582e-01
6.650042786106484805e-01
1.000000000000000000e+00
-1.807966710457575843e-04
7.851478321486483614e-01
1.578095627908865928e-01
1.578910133113645836e-02
-3.311978438929509827e-01
8.548176422301296817e-01
3.017725354893827094e-01
-7.047248193907185154e-01
-1.000000000000000000e+00
-6.810959345646845631e-02
6.997444363356386532e-01
-3.308078980402382463e-01
-5.283604118742184497e-01
7.270902448306797439e-01
-3.880602470067169296e-01
-4.632054610234720426e-01
5.667122576765444286e-01
-1.000000000000000000e+00
-8.733431262423445585e-01
-7.934520538547440438e-01
-2.159959570859404931e-01
-2.867311359848528918e-01
6.314371751866046933e-01
-1.856127728397588550e-01
7.547495785056784756e-02
1.000000000000000000e+00
-5.158498230009428420e-01
1.000000000000000000e+00
-8.406782767777054577e-01
2.761720838663826449e-01
9.389800543448078018e-01
-1.000000000000000000e+00
-1.000000000000000000e+00
-1.000000000000000000e+00
-1.000000000000000000e+00
8.092112433360973967e-01
5.698886958935867053e-01
9.238572515648496575e-02
1.000000000000000000e+00
3.909581903005358017e-01
-4.462643019074351569e-01
-1.000000000000000000e+00
-1.000000000000000000e+00
-1.209067444708793460e-01
1.820874226361355319e-01
8.900425698336467129e-01
-1.000000000000000000e+00
2.546507274859454717e-01
1.000000000000000000e+00
3.042302872333545460e-01
1.000000000000000000e+00
6.916543834606353469e-02
1.000000000000000000e+00
-1.000000000000000000e+00
6.233528225943321122e-01
7.836939165641404470e-01
2.640591711365860572e-01
-1.389151651620813555e-01
-7.750415825089089772e-01
1.000000000000000000e+00
8.684433639159885310e-01
-2.128512923362717579e-01
-1.000000000000000000e+00
9.359535413984205743e-01
-9.727576268250831548e-01
-7.498851927487899527e-01
-2.128683700373569243e-01
1.000000000000000000e+00
3.279053701630003093e-01
5.831627236910154055e-01
-5.319767545619289439e-01
-7.787411625402507198e-01
7.931808231613390880e-01
5.089886610169297443e-02
6.418042756131792093e-01
-8.102062564710952319e-01
-4.690794683391719122e-02
-1.000000000000000000e+00
1.000000000000000000e+00
3.536548752880716018e-01
1.000000000000000000e+00
-3.083530315062636973e-01
1.000000000000000000e+00
1.000000000000000000e+00
-2.630610867189314694e-01
-1.000000000000000000e+00
1.866488393788349187e-01
-3.679586780688444692e-01
1.000000000000000000e+00
9.032205741094857521e-01
1.000000000000000000e+00
3.076978167096277444e-02
2.696064539408092875e-01
-1.000000000000000000e+00
1.070936606285618486e-01
-1.000000000000000000e+00
1.000000000000000000e+00
-1.325612269009006083e-01
-3.035951248984394280e-01
-1.513045178212983344e-01
5.427538700909689817e-01
6.298481186139477384e-01
-1.000000000000000000e+00
-1.658582110879214255e-02
9.073099319329599455e-01
-5.351348398627807645e-01
1.162552352614862894e-01
6.642104709432641307e-01
3.303396711805078323e-01
5.047467297362334682e-01
8.608287790804042272e-01
5.816298658463843196e-01
1.000000000000000000e+00
1.988231310250362927e-01
8.030386466383518940e-01
9.864446610299442142e-01
3.556647105550877486e-01
1.542718562656444914e-01
2.154293286887595249e-01
6.033639639593201265e-01
3.273638766368199282e-01
7.784935339944749622e-01
5.095412198584590158e-01
3.020762589889727234e-01
1.622612784086057136e-01
6.406115593674040209e-02
8.608003966761501591e-01
1.000000000000000000e+00
1.225750919056495941e-01
7.783082239264389468e-01
8.841037550220366414e-01
1.400131691220218855e-01
8.037582285403112037e-01
9.436924360771609122e-01
1.996539460369477492e-01
8.711201032573745451e-01
1.096603912941595815e-01
8.021805753991061438e-01
7.848982332568911202e-01
3.274584877015676021e-01
4.778441115926699845e-01
1.000000000000000000e+00
1.989875280576739458e-01
8.052677601537229224e-01
1.239885563810213948e-01
2.032578664266805057e-01
4.006803348155832944e-01
3.481631267596383972e-01
6.518750814363770685e-01
2.672826030496708860e-01
1.000000000000000000e+00
2.095213592277780368e-01
1.000000000000000000e+00
4.331076623486751487e-01
1.000000000000000000e+00
1.000000000000000000e+00
9.602192817210574161e-01
9.602168144348627310e-02
1.258093807653821450e-01
5.459291965162352822e-01
4.464133941885025103e-01
7.149640765841874801e-01
7.094423077659177679e-01
5.290054024952647316e-01
4.132314200931356818e-01
2.217933090355103110e-01
2.573480414656766913e-01
8.869307442940992381e-01
5.943186287456868611e-01
5.943864890357342112e-01
6.919302080104772212e-01
7.105933781940327876e-01
6.102116128061909617e-01
1.095557132119666377e-01
6.702636145026835690e-01
1.000000000000000000e+00
4.505373567483254016e-01
9.977441745269489681e-01
1.000000000000000000e+00
2.959352884829524744e-01
1.502258027857843736e-01
3.345946494880199656e-02
8.316907845790261211e-01
3.570546326325276243e-01
4.647565564369593449e-01
9.297926217066188048e-01
6.253058352738982695e-01
1.000000000000000000e+00
9.633139003484865182e-01
6.949080534929089614e-01
2.779293457530509492e-01
2.945840820995394016e-01
1.031855976745778558e-01
1.379776321090612767e-01
5.453146756244655613e-01
1.165968885712246328e-01
1.000000000000000000e+00
5.944689004821682721e-01
8.164639361832760622e-01
9.727089463952253157e-01
2.036151313053229106e-01
5.357503592711974072e-01
1.172374463509864573e-01
7.024738557818067664e-01
7.726058711537077128e-01
5.626068328013040798e-01
5.117469298901640151e-01
7.627453345792364336e-01
4.601893876704113429e-01
8.475271734341486285e-01
4.676669385605425333e-01
1.000000000000000000e+00
1.390523192996078461e-01
1.000000000000000000e+00
1.000000000000000000e+00
8.788500452587267864e-01
9.385480606915116430e-01
1.812682036050038137e-01
4.525759811435938196e-01
2.136635146806412922e-01
4.160650924023528430e-01
4.529327570794959290e-01
1.147829670997950191e-01
6.393142351726566197e-01
1.037266059097123050e-01
3.347576373369902658e-01
3.117199748352609823e-01
4.129057451782251476e-01
3.394551945517364500e-01
4.032831475333632509e-01
3.609549451568783707e-01
1.304090601719601616e-01
2.845623029695500406e-01
6.810771173489674757e-01
1.000000000000000000e+00
5.282517988532258180e-01
6.752271575851883645e-01
6.273642271651214131e-01
3.865573137070938969e-01
5.482740920796137507e-01
9.581945916041026967e-01
2.347499051943338355e-01
6.391065850058800235e-01
8.654201456586074759e-01
2.216128337276089544e-01
8.026356598830354239e-01
1.758895314645853303e-01
7.809316626812160544e-01
3.680048103622336475e-01
8.108669216955496362e-01
1.000000000000000000e+00
8.268887459363066794e-01
2.970755040472725650e-01
5.895525443180213987e-01
4.787466263309986259e-01
1.000000000000000000e+00
5.175785349667441082e-01
8.668128968995716388e-01
4.753259807406488568e-01
4.519708001309904466e-01
2.252241785662151830e-01
6.545525140218602100e-01
1.000000000000000000e+00
7.505557196507578466e-01
4.455731563461119982e-01
1.000000000000000000e+00
1.000000000000000000e+00
2.056807418380870722e-01
4.836610890865844503e-01
4.675618337150450610e-01
6.726579147457896202e-01
3.344250701768579637e-01
1.710959905065189413e-01
1.000000000000000000e+00
1.626360636809040527e-01
9.959150313617366468e-01
9.138069090939814343e-01
3.124657979017704257e-01
9.857983355193392638e-01
5.841743687461727896e-01
4.558327509331425165e-01
3.209575230838787041e-01
1.000000000000000000e+00
1.845015410614017637e-01
9.847437357938831903e-01
5.793331330680673297e-01
7.444321395102686534e-01
2.938019640611977956e-01
5.195981230141157869e-01
7.820292064732611292e-01
5.824248141867954809e-01
6.424281153914319642e-01
2.765216353079435474e-01
4.119421185752106251e-01
1.000000000000000000e+00
4.280189033267975396e-01
1.000000000000000000e+00
1.000000000000000000e+00
1.000000000000000000e+00
8.604936216049912101e-01
4.448868745213490627e-01
4.162085471941414649e-01
4.501745804372911386e-01
8.773672474953718714e-01
7.275874711140951634e-01
4.714055518123111965e-01
1.000000000000000000e+00
5.623470420767979761e-01
4.271178475717401501e-01
4.475948685434956165e-01
6.457162127057709533e-01
1.000000000000000000e+00
2.162047731562418695e-01
1.000000000000000000e+00
2.398892576984388569e-01
8.709844116423043348e-01
2.528648080315062385e-01
8.734502774730348307e-01
4.708366190766598569e-01
8.344683108509870495e-01
7.623351969211031864e-01
7.490199306056248840e-01
2.910904527770161176e-01
6.245947277059801239e-01
7.579862322562986865e-01
9.016606533913471555e-01
6.323432279836828096e-01
9.270056647988285103e-01
1.015098012841378766e-01
4.796864481320874951e-01
6.672180290177753825e-01
7.987846029614709131e-01
1.000000000000000000e+00
4.652548470832062466e-01
3.016219100041691026e-01
2.032371411508281933e-01
8.701057183954247209e-01
8.030024088449981834e-01
6.772924695582380750e-01
2.990947675507152348e-01
9.182985615123996359e-01
9.492127200871431913e-01
3.956807464744258596e-01
7.313080284790169916e-01
9.673999935678854190e-01
2.239680432183196179e-01
7.887989906179803112e-01
1.000000000000000000e+00
4.050614201380578483e-01
2.431637102007812856e-01
1.000000000000000000e+00
8.773600277870977626e-01
3.273022513444410753e-01
6.958364355921923261e-01
8.074424252789765832e-01
7.294559428135214407e-01
7.490054840352869947e-01
9.843399760352625760e-01
1.000000000000000000e+00
5.480223072673333640e-01
2.147996202787998965e-01
4.170978418696708601e-01
4.508968460496605157e-01
4.995608003144020315e-01
8.029845088381715179e-01
1.706413289147150070e-01
1.000000000000000000e+00
4.220043820142157509e-01
2.505741525793475089e-01
1.000000000000000000e+00
1.000000000000000000e+00
7.574367091055267398e-01
