1.000000000000000000e+00
9.862472328835569790e-01
9.018914282999020982e-01
9.809167381571906041e-01
-7.499979523399838977e-01
8.755429747018330655e-01
-9.121347096790874964e-01
-8.558494564297595142e-01
-9.913291131069352780e-01
9.748508528148365215e-01
1.000000000000000000e+00
-9.695338745798554037e-01
-8.377213787467880923e-01
-9.780447429379303115e-01
-9.727534681472700395e-01
1.000000000000000000e+00
-9.973349684212182709e-01
-6.578824460845914546e-01
9.744330745231939428e-01
9.010097312285094695e-01
9.756675767144444844e-01
-1.000000000000000000e+00
-9.297896063609841777e-01
-6.184202102731677364e-01
9.794045043083039470e-01
-9.821485495921561393e-01
9.871354497740464362e-01
1.000000000000000000e+00
9.850236361219409931e-01
-6.867614729251630967e-01
9.782828541299454228e-01
-1.000000000000000000e+00
-8.664968386569300574e-01
-9.067560009224933104e-01
-9.755030143210647875e-01
1.000000000000000000e+00
9.184178215790190780e-01
9.780790178828429049e-01
-9.408370551137319460e-01
9.270075271172621978e-01
9.681803946823666074e-01
1.000000000000000000e+00
-9.880472535937354639e-01
8.168899595842065153e-01
-9.986651820417082881e-01
9.868598884891413014e-01
-1.000000000000000000e+00
-9.706973875982847222e-01
-9.860391799345422648e-01
-1.000000000000000000e+00
9.773084772176887647e-01
1.000000000000000000e+00
1.000000000000000000e+00
-1.000000000000000000e+00
-9.084208785102191319e-01
1.000000000000000000e+00
-9.860558109763861712e-01
9.056697732749534602e-01
9.965739748896011996e-01
-8.771233349830789283e-01
-8.842814905814810889e-01
-1.000000000000000000e+00
9.870589112086105565e-01
1.000000000000000000e+00
9.763082136355893947e-01
-9.854654757122506270e-01
9.150788636620628136e-01
-9.252422947376333084e-01
-8.613849388680911989e-01
-8.636817514342947089e-01
-1.000000000000000000e+00
-1.000000000000000000e+00
9.695256621842186506e-01
1.000000000000000000e+00
1.000000000000000000e+00
6.107522944961476519e-01
8.796105732643879627e-01
1.000000000000000000e+00
-1.000000000000000000e+00
-8.468889951607416755e-01
-9.939426607986955320e-01
1.000000000000000000e+00
-9.914397175283118369e-01
-9.803858711367895440e-01
-7.984494617950088635e-01
-9.877520433738458117e-01
-9.978992157061693513e-01
5.807178657883727002e-01
-9.844975873982680925e-01
-9.955609198775156043e-01
8.798860465823639121e-01
9.877459876716703224e-01
7.076244109735491117e-01
9.798530538687498792e-01
-9.310031690822782036e-01
-8.670829652796179232e-01
-9.002186064624311257e-01
-9.924278275381570591e-01
9.433467550211518393e-01
-1.000000000000000000e+00
-1.000000000000000000e+00
1.000000000000000000e+00
9.814842630874907048e-01
9.687453359896731619e-01
9.999986314944732113e-01
9.893363210245154082e-01
-1.000000000000000000e+00
-9.535174870962412896e-01
-9.083691467877873515e-01
8.919592817472772328e-01
-9.818605484108879899e-01
-1.000000000000000000e+00
-9.426068204657332972e-01
1.000000000000000000e+00
1.000000000000000000e+00
-9.024888080819168934e-01
9.772591481717727291e-01
1.000000000000000000e+00
1.000000000000000000e+00
1.000000000000000000e+00
-8.707224551018839520e-01
-9.645354807948387510e-01
8.275060317765737805e-01
8.471987708233519321e-01
9.747331210287686343e-01
8.801749675201244738e-01
7.135693644160611138e-01
1.000000000000000000e+00
-9.910336322842046020e-01
-6.402890371955066717e-01
9.784287630075926279e-01
-9.564653658421558013e-01
8.651673023035417742e-01
9.927666326188513413e-01
9.858696346785192910e-01
-1.000000000000000000e+00
-8.871499322648301877e-01
-9.828488262325049130e-01
9.797573684296341234e-01
-9.953884067701096461e-01
-9.850266905543756391e-01
9.326761426023298940e-01
-1.000000000000000000e+00
5.082181967419332480e-01
1.000000000000000000e+00
-1.000000000000000000e+00
9.869098835128332636e-01
9.989501071580918490e-01
9.930081465201978652e-01
9.043433327063872262e-01
-1.000000000000000000e+00
-9.012432903175684462e-01
-8.117844344576446991e-01
6.742499389745808536e-01
9.843020112391682730e-01
-9.754678381700601086e-01
-1.000000000000000000e+00
-9.975359368799531223e-01
9.645893257285886868e-01
-9.860276083755454835e-01
-8.448587327573356953e-01
-9.885279657031335043e-01
9.811419875845072136e-01
-9.806804081875137857e-01
-9.721639193892264164e-01
1.000000000000000000e+00
8.989622473223304322e-01
8.643931663109399866e-01
1.000000000000000000e+00
-9.272903203085653967e-01
-1.000000000000000000e+00
9.630540835004967049e-01
9.350923963774241399e-01
-1.000000000000000000e+00
9.868741307898749593e-01
8.836813374974628044e-01
1.000000000000000000e+00
-9.971341707992040782e-01
1.000000000000000000e+00
-9.790136376515705674e-01
9.060260232311796447e-01
9.003292822052193500e-01
9.976829274953015192e-01
7.769967752653101911e-01
9.547519802925003019e-01
9.430379974371201346e-01
-9.856020814357800974e-01
9.919088136618235962e-01
9.929943752904369925e-01
9.934559066007445649e-01
9.790469916857761357e-01
-1.000000000000000000e+00
-6.106292417372450876e-01
-9.220872688275685292e-01
8.702923575288390445e-01
-9.853668390087784168e-01
-9.252880455417629157e-01
9.656897485437027084e-01
9.778918773966540634e-01
-8.404224898040930647e-01
-9.794214010008288618e-01
-9.854563124433023402e-01
-1.000000000000000000e+00
-7.800461417618518301e-01
9.898356203270890497e-01
-8.749096769432871401e-01
-8.947985115059866601e-01
1.000000000000000000e+00
-8.579486384082694039e-01
-9.901044401822212127e-01
8.638357328410403158e-01
-7.820433220623912440e-01
-9.769824028844267261e-01
-8.768385993702839665e-01
-9.891340841089061309e-01
9.971483842217636617e-01
9.998210402611649172e-01
6.951228806259827087e-01
-9.926171197582034367e-01
-9.583496951949928011e-01
9.600499744644771516e-01
1.000000000000000000e+00
-8.776936206338525892e-01
-9.897916727161961692e-01
-9.734851607155189379e-01
-9.826839020482072140e-01
-1.000000000000000000e+00
-9.747344522308942771e-01
9.478806546397205990e-01
-9.124112694405188684e-01
9.493627512850726369e-01
-1.000000000000000000e+00
9.893920167518486242e-01
-1.000000000000000000e+00
9.710096863697386116e-01
-9.712233275670241195e-01
-9.876993466745075390e-01
9.814427319592275989e-01
1.000000000000000000e+00
8.844252600048678747e-01
-1.000000000000000000e+00
-9.603629984350574578e-01
8.822717742741084113e-01
9.542250180456942621e-01
1.000000000000000000e+00
9.796729537137665034e-01
-7.090675742044967311e-01
-1.000000000000000000e+00
-9.982460292789439027e-01
-6.419621305491080010e-01
-1.000000000000000000e+00
-9.872769630883718728e-01
9.866674736152531988e-01
9.835950747706683206e-01
-8.985338390767078076e-01
-1.000000000000000000e+00
-8.504468953971782152e-01
-8.140439984514225014e-01
-1.000000000000000000e+00
8.866646077568363093e-01
8.962865663595460664e-01
8.279044828855464111e-01
9.782788580280027402e-01
9.295012086911222937e-01
-9.577091525124045157e-01
