1.000000000000000000e+00
-9.998000873854233639e-01
-9.917591848086291240e-01
9.997958309294601165e-01
1.000000000000000000e+00
-9.999658497129189083e-01
-9.999884067587605507e-01
-9.999868370586527666e-01
-9.998891825746460960e-01
-9.994045283698309579e-01
9.945066024505375690e-01
9.998960874643432195e-01
-9.998650058901901172e-01
9.998668211322228050e-01
-9.983485470280036855e-01
9.998009970648835676e-01
9.998869758846163913e-01
9.997943920069456425e-01
9.998151689627520211e-01
9.999866810322775024e-01
-9.998570609473138582e-01
-9.998093665077232295e-01
9.998229867393296777e-01
9.999365532831228087e-01
9.998055739973396028e-01
9.998033558458278014e-01
-9.997992127368178217e-01
9.998723930443759178e-01
-9.999815599182257930e-01
9.998105325422839140e-01
-9.998834538208729583e-01
-9.999953004632669007e-01
9.998381203804967976e-01
-9.998131226839577224e-01
-9.999857485070111629e-01
-9.999866747102376108e-01
9.998340655901605256e-01
9.996222508187799782e-01
9.998343765108517189e-01
9.999431521928617839e-01
9.998928512664402302e-01
-9.998289337622491280e-01
-9.998083980314890207e-01
9.997862955284773090e-01
-9.999328609583585381e-01
-9.998490144881284625e-01
-9.997958509822471029e-01
9.999091749413733243e-01
9.998264715795235347e-01
-9.999855065336265003e-01
9.998137777743513199e-01
9.998280116482582969e-01
9.999850028845264083e-01
9.998450293057985494e-01
-9.998204871311234809e-01
-9.999483742835939548e-01
-9.998078890007486841e-01
9.987170750554892340e-01
-9.999890098546508899e-01
-9.998035279699768463e-01
-9.999138487114491713e-01
9.998803981437156541e-01
-9.999859452247648051e-01
9.999589896466158923e-01
9.998238663041691954e-01
-9.978794888872186686e-01
9.999765618189045968e-01
9.999072073834894825e-01
9.999396572289751539e-01
-9.989274625558337561e-01
9.998220489439078040e-01
1.000000000000000000e+00
-9.998316406774419018e-01
-9.997894179933198844e-01
-9.998200774635983556e-01
9.999338032794264919e-01
9.998098094600473829e-01
-9.997700315132700410e-01
9.998457146052460720e-01
-9.997994239611428524e-01
9.998031191605998291e-01
-1.000000000000000000e+00
9.999301113423596510e-01
-9.995926271099037086e-01
-4.363840043068515362e-01
9.999106615530271025e-01
-9.997754783791463762e-01
9.998897699648339188e-01
-9.999360551612694881e-01
-9.998111276370315048e-01
9.939940969272595961e-01
9.998181051452317281e-01
9.998951138115272919e-01
-9.998501745543775243e-01
9.997913804828783002e-01
-9.999791102220808581e-01
-9.999898430343454603e-01
9.998611582825948085e-01
9.998292059209679117e-01
9.996977377381860430e-01
-9.998597961261425082e-01
9.998401832349164131e-01
9.999307006221687111e-01
9.999432197924940091e-01
-9.999939158829509456e-01
-9.999971935010769641e-01
-9.998591820311841794e-01
9.999657710198598393e-01
9.998181694751038240e-01
-9.997722158892952127e-01
-9.998320034818279911e-01
-9.998455172840721161e-01
-9.997704404935726652e-01
-9.998903378633168249e-01
-9.945238087359806745e-01
9.998248089542833839e-01
9.958364837854492002e-01
9.999891226360244634e-01
-9.999826537244551616e-01
-9.998113552173315544e-01
9.999649598831916730e-01
9.999495580587340893e-01
9.998272618272268097e-01
-9.997976592831925302e-01
-9.999747543203171274e-01
-9.994604447148971449e-01
-9.999811348312266368e-01
9.997819800801547308e-01
-9.998255112033731518e-01
-9.945442954420465886e-01
-9.998312422093093010e-01
9.997483168006912058e-01
9.973166078224187103e-01
9.997890345203810369e-01
-1.000000000000000000e+00
-9.998431558777933770e-01
9.998636448594732107e-01
9.999845448629545164e-01
-9.998548207955302303e-01
9.998047554596846132e-01
-9.998075739953571350e-01
-9.998455612471577325e-01
-9.999003675373906441e-01
9.998513470541944281e-01
-9.999858755824454493e-01
-9.997932120752126561e-01
-9.998183752588635231e-01
1.000000000000000000e+00
9.998043383204687773e-01
-9.998386719838583403e-01
9.999947056235429788e-01
-9.998200782775057416e-01
9.998128428578532123e-01
9.998165803702518950e-01
9.999088837616083580e-01
9.999914619382125336e-01
9.998295777824709463e-01
-9.999882770573519375e-01
9.999504897501398926e-01
9.997579084382254289e-01
-9.998403643554767406e-01
9.999699829653532213e-01
9.998581144476373916e-01
-9.998194350986164824e-01
-9.998654161591769007e-01
9.998694048062876094e-01
9.998394621638674318e-01
9.998351958767582870e-01
-9.998026825253055749e-01
-9.998120805475858575e-01
-9.998174345939816465e-01
9.998862063975172410e-01
-9.998487899275734225e-01
-9.998482350207240632e-01
-1.000000000000000000e+00
-9.999760638026469195e-01
-9.998803225015202578e-01
-9.998279347856589006e-01
-9.999813392886811592e-01
-9.998139938036122443e-01
9.999858886879975373e-01
-9.962969053795207586e-01
9.999931009157205786e-01
9.997295090674911400e-01
9.998077834247569573e-01
-9.999648154227447350e-01
9.998290727760137386e-01
9.999909151523633799e-01
-9.998677502082435886e-01
9.998150098656151119e-01
-9.998878772840955609e-01
-9.998288215104755849e-01
-9.997732403784809208e-01
9.998739107592368169e-01
-9.999579666507638631e-01
-9.999812216303358703e-01
-9.998178928446045388e-01
9.998459638707714037e-01
9.998325412285153924e-01
9.998228760261171910e-01
9.999038436119768170e-01
-9.998090164667361446e-01
-9.999821724537993894e-01
9.998252631556134862e-01
9.998282260968944790e-01
-9.998081696335001656e-01
9.999856721460376185e-01
9.998783968795448285e-01
-9.998643944648730741e-01
9.943762158962576869e-01
-9.998490685910434994e-01
9.991251498267730291e-01
-9.998999412550328980e-01
-9.998240301090574045e-01
-9.997230294472100320e-01
9.998257705359220315e-01
-9.998205554240902071e-01
9.999961777917560912e-01
-9.998568600486665847e-01
9.998110425253350364e-01
-9.999200926192990391e-01
-9.998876142213424245e-01
-9.998785946442394490e-01
9.997870138159841158e-01
-9.999742086692661180e-01
-9.998179449374777761e-01
-9.997991117411282325e-01
-9.999186781666202783e-01
9.998195945208889768e-01
9.998369453378519456e-01
9.958786539136320615e-01
-9.997544391939880981e-01
9.998040173227976668e-01
9.998299644724595314e-01
-9.999811270515701622e-01
-9.998765453862290542e-01
-1.000000000000000000e+00
-9.998645898307392255e-01
-1.000000000000000000e+00
-9.999706043848129999e-01
-9.998773090582779854e-01
9.686612526078952623e-01
9.998316600468484250e-01
9.999610776865056616e-01
-9.747535695968518876e-01
9.979398955957858863e-01
-9.997075884140924629e-01
9.999792249609686934e-01
9.999811517968552055e-01
-9.998665485361747374e-01
-9.999962739069019335e-01
-9.999757833685665176e-01
9.998063152897757044e-01
9.998062374281921905e-01
9.998735143941426262e-01
-9.998513901330852160e-01
-9.998401589191190375e-01
9.998439893380561827e-01
-9.998603823097933496e-01
-9.999832916375406278e-01
-9.998723402045932573e-01
-9.998268192565042956e-01
9.998281048868922216e-01
9.995176431722032628e-01
-9.914707115970887719e-01
