-3.248788025194556117e-01
-6.791073847919451012e-01
-1.000000000000000000e+00
3.490540381464004582e-01
1.000000000000000000e+00
6.181492599290725476e-01
1.440433637160984104e-01
1.920001940753996439e-01
-1.680887705686765488e-01
2.244822447624904571e-01
-4.907154768060961736e-01
-1.000000000000000000e+00
-1.481764883405505273e-01
7.408766126250829198e-02
-6.166175094234400689e-01
-2.535944614064912228e-01
-3.373844207171453058e-01
-7.181998526835779995e-01
-1.820362603338619989e-01
-4.388559691334254498e-01
-2.861037757030467921e-01
-8.111027414509581757e-01
5.265013776048581284e-02
5.793779925313391477e-01
1.948764052082614662e-01
-1.644961534961150162e-01
4.242469528178277605e-02
5.457836070238045734e-01
1.000000000000000000e+00
1.000000000000000000e+00
-2.835191447068730053e-01
4.357296400929746572e-01
-1.920907998713618503e-01
-1.467718030711216426e-01
-3.395660339129037419e-01
-5.647106174600942108e-01
2.535332738385634999e-01
6.596756188474096616e-01
-8.050572684680846747e-01
-2.421649315827695825e-01
5.416019422180156084e-01
6.727212676460775365e-01
-1.000000000000000000e+00
7.297922037846109600e-01
1.418291028343226512e-01
3.435586101825249261e-01
1.000000000000000000e+00
1.000000000000000000e+00
-6.720806075912731936e-01
1.064580160084926119e-01
-8.869513107847686317e-01
4.414836316433485841e-01
9.440692249312183926e-02
-5.696670036730427933e-02
-3.744643955522630741e-02
9.904349897676512082e-01
-1.000000000000000000e+00
-9.864407219790638504e-01
-5.763932223892527240e-01
-1.000000000000000000e+00
-7.641571875937600566e-01
-6.663052526138244502e-01
-4.854145307806664866e-01
6.697946051123087052e-01
1.966227382598073614e-01
-4.038913247893181624e-01
-3.783012409363650796e-01
1.846050588652208280e-01
-4.541561467284501719e-01
6.394404297760769573e-01
6.110053419461314306e-01
4.012317832410698393e-01
3.824019467709675602e-01
-1.000000000000000000e+00
-1.527490281840779840e-01
-1.723526664180971002e-01
-1.000000000000000000e+00
1.085947671697909955e-01
-8.138025148985298385e-01
-4.621076816303631984e-01
-7.072036295387666982e-01
-1.000000000000000000e+00
3.863053312922515303e-02
-1.000000000000000000e+00
-1.237546487303902709e-01
-1.000000000000000000e+00
-7.787393244714334584e-01
7.385997164041886442e-01
2.417819911775695441e-01
6.864662986834136893e-01
-7.319592728149043603e-01
-5.436915742082727432e-01
1.000000000000000000e+00
5.499575702272672117e-01
-2.853110196890061845e-01
-2.400577368014524815e-01
-1.000000000000000000e+00
3.450152792052416650e-01
-6.717350187568624786e-01
-2.903936025622201947e-02
-4.219044192482842570e-01
5.592573109693473876e-01
-4.309443449431367146e-01
7.215169700865609048e-01
1.000000000000000000e+00
-1.897281559705129850e-01
-1.000000000000000000e+00
4.341065387760482119e-01
2.215242871860415019e-01
5.157575243139753685e-01
-3.423790228920503553e-01
9.322338006059394111e-01
2.909757649739618257e-01
-9.155751608988895729e-01
3.363607794838942011e-01
-2.015063885220326756e-01
-5.328768802539100014e-01
-6.068841315291255700e-01
1.000000000000000000e+00
3.580408003040339571e-01
-1.000000000000000000e+00
-1.229199099655275407e-01
6.182240242458747481e-01
-4.867359224781807048e-01
-2.707163213985552819e-02
-1.000000000000000000e+00
5.368520003433103760e-01
1.000000000000000000e+00
5.680366940433114742e-01
-9.210860293554434808e-01
-5.467230751357208263e-01
-1.000000000000000000e+00
4.764432957142354930e-01
-3.268198430147912781e-01
4.957720099154994675e-01
6.072373472363976621e-01
-6.078515366741972237e-01
-5.218412073182244759e-01
4.257037145232306918e-01
-6.739021414791783737e-01
9.455202663019698361e-01
6.054958799034032557e-01
-8.193384886978016812e-02
-2.429550639678315638e-02
7.635904736463132725e-01
2.542903199350121657e-01
-2.827343298038836883e-01
3.717203037906761653e-01
-1.000000000000000000e+00
5.898356953887813336e-01
5.475142037272026641e-02
5.450408086601897795e-01
-4.521312554550457330e-01
2.689830644470055376e-01
-4.892079556506544469e-01
-3.823845858418015164e-02
-2.205585070398848324e-01
8.459119371838907941e-03
3.928224097230663681e-01
1.065491918250998093e-01
2.301860568691155295e-01
1.164071029736398755e-01
-5.996070001508372327e-01
-2.922387248009600258e-01
-6.026611096145002566e-01
1.677604347331300705e-01
-2.996449381923232402e-01
1.830963525776260481e-01
8.011309523718854742e-01
-4.156578035121213377e-01
-1.000000000000000000e+00
9.797074831500016678e-01
4.166210167045094614e-01
2.130363237696665246e-01
-6.668481329845390437e-01
2.018919066548734431e-01
2.041092133816102827e-01
3.410019516085904812e-01
6.557036071844964953e-01
-9.361250153145788122e-01
7.743251549794586408e-01
4.036930949268864866e-01
9.854918696894715557e-02
1.505075783136698708e-02
-6.989346335664673449e-01
5.661094581252200664e-01
-3.184547574525720126e-01
-6.302516086210894208e-01
-2.520916445983488186e-01
-1.351454307155211532e-01
4.284041062537896072e-01
-8.606698121542046831e-01
-1.202548927026076825e-01
-1.000000000000000000e+00
-1.000000000000000000e+00
-2.388045033266417150e-02
-8.970350202046166732e-01
-1.000000000000000000e+00
-6.205356393184663366e-02
4.573595109418820415e-01
2.754346015852092711e-01
-7.354799265894007565e-02
-3.729610181420641712e-01
-5.179221885751418286e-01
-5.009205104147427257e-01
1.000000000000000000e+00
-1.000000000000000000e+00
-1.000000000000000000e+00
-4.996099724361620087e-01
6.116608602584332477e-01
-1.570192076880760623e-01
9.206858519158023224e-01
2.920699042383950172e-01
4.262086100868869853e-01
-1.000000000000000000e+00
3.082913993292555332e-01
3.112358403743323843e-01
7.736499209600511406e-02
1.000000000000000000e+00
1.262719815020487690e-01
1.000000000000000000e+00
-4.967736588313492740e-02
6.630998644874093184e-01
-8.558674930176424223e-02
-2.795239787875742343e-01
-8.020990207042197895e-01
-5.293526251740324762e-01
-6.895386063176370817e-01
-1.000000000000000000e+00
1.000000000000000000e+00
-3.421840868971561811e-01
5.793276818292583119e-01
1.000000000000000000e+00
5.383753234568215973e-01
-8.913821244013759859e-01
-4.661142691441988450e-02
-3.899736275635944383e-01
1.000000000000000000e+00
2.528382686040784311e-01
-5.666690667990197383e-01
2.776467974073929534e-01
9.094108517107457601e-02
2.699036531257359428e-01
-1.000000000000000000e+00
-3.270116707231258690e-01
1.000000000000000000e+00
-9.491261548515768087e-01
-1.000000000000000000e+00
-1.000000000000000000e+00
3.597805500731144357e-01
-8.495566730691415103e-01
1.744020262584071168e-01
-4.948977215313137279e-01
1.613302171666667340e-01
-9.808399404801853017e-01
-5.989685527901308926e-02
4.950127543523827334e-01
-1.909497370586115128e-01
1.000000000000000000e+00
2.681544025977933288e-01
3.882706041550577081e-01
2.295688575569214129e-01
6.758299163789091013e-01
5.702334374958741847e-01
-7.042325204979544839e-01
4.675421609848410265e-01
4.342917082433337406e-01
6.379785183241452051e-01
5.067027429714189291e-01
4.135156887125029379e-01
4.176973994580306382e-01
6.677063018716490328e-01
4.712713399999415853e-01
4.946837179337897905e-01
4.089507010876877180e-01
3.840166509635698500e-01
4.875344775143894416e-01
5.612349403517822299e-01
7.056975371466819302e-01
5.820208195130643913e-01
3.590896510650049001e-01
4.995053962968176164e-01
6.872412311780794480e-01
4.801920917753798590e-01
5.921962333156413072e-01
4.068925904455829579e-01
7.081221329841718148e-01
3.843462811960234871e-01
6.248220682057330500e-01
4.591195256222025400e-01
5.502582852505883970e-01
3.587114229434697488e-01
5.380359903003182342e-01
4.511900040171377135e-01
4.367856373665523484e-01
4.891838956204348499e-01
3.658818228853598642e-01
4.231471086793628378e-01
5.750416134245548427e-01
5.360404065623576297e-01
5.629284350929579794e-01
5.941165525597879027e-01
6.318256367719362609e-01
6.695617389071920611e-01
4.723836683369597167e-01
4.673999826956773962e-01
4.998604833716966955e-01
3.627409774080618265e-01
4.998608609509748724e-01
7.151705115517610345e-01
4.974052294540458607e-01
7.367967531853801821e-01
8.235906734197149248e-01
3.094761684295327386e-01
3.447727444366317506e-01
3.633305747643430506e-01
3.533340814457935353e-01
4.747256965799681594e-01
5.429427265644434231e-01
3.009474332787281381e-01
5.479311139206238801e-01
5.994407805029401404e-01
5.201040907947852565e-01
4.937741870436391234e-01
5.415529304984563197e-01
6.377341418610851242e-01
4.962409642935606269e-01
3.487461207151533737e-01
3.695913553087449288e-01
4.301999226860487302e-01
4.387481594519548889e-01
3.422624360809423671e-01
5.452697834507865826e-01
4.753698495357071008e-01
4.004538826394785644e-01
4.945254037938603964e-01
7.288201434234979903e-01
3.691544116971283152e-01
5.124350922407764353e-01
5.030728319260083792e-01
5.345605716789294526e-01
4.867625432972587096e-01
5.713293438256925594e-01
6.249091418263584830e-01
4.443704119010657982e-01
3.348907002806699174e-01
5.127779114471150423e-01
6.928316207319920039e-01
4.116099720969685904e-01
4.639119457793038359e-01
4.400676606321460294e-01
4.625977502218671655e-01
4.483584252921842261e-01
4.563913101845679665e-01
4.211253554418401546e-01
4.402710589657843343e-01
4.818357888390256694e-01
4.147414710308359176e-01
7.313909633283214307e-01
6.001845222236271704e-01
5.821401305428697270e-01
5.627532210223216147e-01
4.684799377906974094e-01
5.321011444952830072e-01
4.859054168622402581e-01
7.075511750389037458e-01
4.196945976081080665e-01
7.391160414091368924e-01
2.740658531025893518e-01
6.293548660253197591e-01
5.024548313856419535e-01
8.687149325029815961e-01
3.509480981289094803e-01
4.300729215333942701e-01
4.172397156737232549e-01
4.005349553762875825e-01
5.451419917246349556e-01
4.226262600026521876e-01
5.488764102369111386e-01
3.225589289721735864e-01
3.336452039402981185e-01
6.280168865514770271e-01
3.544814496360174094e-01
3.565236975363454963e-01
4.028771485893424265e-01
6.155278236549307502e-01
4.925114549313949763e-01
4.756605586843819511e-01
5.206714265457814683e-01
5.262973225150542333e-01
6.345633106622617925e-01
5.011067120506940142e-01
3.679334957824996200e-01
3.418964311953120450e-01
4.740219150433925277e-01
5.713333194492368206e-01
4.760196286109606434e-01
4.476323506165503230e-01
3.591654650901129897e-01
5.244349488633006651e-01
6.135331362314155879e-01
2.575568446509264864e-01
5.572108226990626356e-01
4.251929819741233629e-01
4.794182378464619809e-01
7.198045697975896662e-01
4.593779650014258031e-01
4.285995026371466898e-01
2.691776788226396544e-01
5.680314048775410019e-01
6.238932754168614592e-01
4.682526327784966580e-01
5.129314167220814236e-01
8.118059871249646564e-01
6.906783586315103918e-01
3.520838650221777000e-01
6.876089390987052408e-01
4.964627815309883840e-01
4.173482790924648023e-01
5.610890678594978587e-01
6.195022997746856275e-01
5.485524163319449586e-01
4.911524544548455107e-01
4.690463957609364853e-01
6.255395887792327692e-01
3.538375564578766230e-01
5.882554716030992115e-01
5.180884926444537797e-01
8.640852344185593337e-01
3.369071620248393906e-01
9.019952926799004178e-01
4.397562088132879188e-01
4.987806858734679105e-01
6.742974265738577166e-01
6.297835577594586010e-01
4.993550058549657278e-01
6.148906159795554105e-01
5.291500223938756520e-01
4.001773240553836986e-01
4.993226221705521217e-01
4.395584973867031620e-01
4.262682989422020285e-01
4.719333908327417171e-01
2.946171813499644521e-01
7.315077257344205774e-01
5.328057076067895803e-01
6.497088553817991219e-01
4.097817109409242486e-01
4.918444345213699442e-01
4.505729600873974450e-01
5.708840888129524949e-01
4.974078795558536381e-01
4.536682401613159610e-01
5.841167367295987400e-01
3.184007950241097840e-01
7.511681258630388269e-01
5.755464005318341458e-01
3.452760576749984711e-01
5.250270509841681310e-01
3.474010879400201146e-01
5.586166854450883568e-01
5.333963203110942963e-01
5.156743326894636104e-01
5.356605740106078484e-01
5.457035130251779442e-01
3.945849838880967075e-01
4.381962186208407384e-01
4.034932249828029893e-01
3.401613508038481282e-01
5.048331504836515160e-01
7.445071848794951874e-01
3.985699792727938062e-01
4.839673121659627819e-01
5.867830234031187198e-01
5.375127729691975276e-01
4.105627829309893007e-01
4.535241979470170381e-01
3.333396344156731028e-01
3.753361315662458453e-01
4.415580294556494256e-01
6.247422018954301715e-01
4.995770858223141930e-01
4.160748198770793937e-01
4.222586784477550537e-01
5.592002492331372698e-01
4.768197515347194493e-01
3.582545673671476139e-01
5.094944904578277978e-01
5.095121520631731293e-01
4.236917946905864873e-01
6.045902991288368833e-01
6.020692037367938454e-01
5.959678566787596221e-01
5.524614000490528642e-01
6.376015335637443826e-01
5.102435116427672668e-01
5.057677200202130852e-01
6.295139152836158880e-01
4.673640424917838154e-01
6.696662656309148032e-01
2.607214586384014043e-01
3.527604071839378630e-01
6.657600255355696772e-01
3.270995278941736251e-01
3.903294857705686405e-01
4.567023487183469732e-01
6.058691394052764245e-01
4.219028496561338382e-01
5.869368948210230696e-01
4.397485514145498264e-01
3.688789750101336140e-01
3.986859080154411261e-01
5.194414384088464898e-01
3.998216802284836890e-01
4.907422089049268132e-01
3.523711132782363364e-01
4.044082520945071479e-01
6.037744644469722477e-01
2.898939325917460619e-01
7.345711543154800349e-01
3.272178223746244896e-01
3.031625468625382958e-01
4.910109283300145289e-01
7.062412323975427730e-01
6.550831836863297841e-01
5.905199886635329465e-01
4.709438918404096897e-01
3.825834380276019742e-01
4.902966751023097869e-01
6.170500986980069769e-01
