1.354584597065939811e+00
-1.603239179772422585e+00
-4.123607739926414828e-01
1.337705923290373855e+00
-2.567837174166691105e-01
6.158678180052381546e-01
2.161629024800301391e+00
-2.603939648658777806e+00
-1.554211198222599788e-01
2.194508252345661159e+00
8.327600190630526367e-01
-2.244066907295305224e+00
-1.166066915243738844e+00
1.009995702753269997e+00
-1.627155879634647195e-01
1.175742818219060792e+00
9.415254005074875643e-01
-8.469769093939800708e-01
4.876492485836155799e-01
-4.961280237522042169e-01
1.040883758695999584e+00
-3.776039410177310929e-01
1.772544753086316538e+00
2.346425320649344393e+00
3.468417342610140564e-01
-1.793502786033055685e+00
-3.925287723958023611e-01
5.687969462335542570e-01
-1.418715297983372148e+00
2.987915533252595068e+00
-1.152052468257569684e+00
1.201980597218325064e+00
-2.687690716241649902e+00
-1.198874937945163310e+00
1.413688700669760046e+00
-1.384376915105320904e+00
1.329103143706511503e+00
-1.151721109630864825e+00
1.595944628434381007e+00
-3.828787133196934200e-02
2.720502099999018153e+00
1.569351346794565227e-01
-1.020880311554316355e+00
-1.334423223774019895e+00
-8.399781653145371729e-01
-3.019232581249950420e-01
1.852440119857263756e+00
2.574167953081317739e-01
7.066367125051962184e-01
-1.835545008518978172e+00
1.027618627361496895e+00
3.332889527073393809e-01
-1.207508781269384102e+00
3.453225596814424314e-02
-1.696663724071759471e+00
2.780183956951556734e+00
1.481397548165290790e+00
-2.856646594032670627e+00
2.096942917838751530e+00
1.722515907942903990e+00
-1.667885952166424657e-01
-4.025506007651785123e-01
1.508726593252515791e+00
-1.274791982813113345e+00
3.566915077393042921e+00
-1.765989827591601280e+00
-2.972133928401089253e+00
1.604166566560805807e+00
-2.517517246183389457e+00
-1.292512621419458663e+00
8.886858368490325732e-01
-5.526328303454816071e-01
-1.549604135455845411e+00
-1.835346395188280022e+00
2.307743195139905890e+00
1.019689770082575497e-01
1.394409340398358399e+00
-7.485273104150682588e-01
-1.925351806274291366e-01
1.385943105416591381e+00
-1.917078035783056578e+00
-4.680351135954343156e-01
-2.807293199490046298e-01
-1.067034853230725222e+00
-4.672639824332603942e-01
1.009402622535408023e+00
-2.303888020181900309e+00
9.577021311231314060e-01
-5.260095296838999124e-01
-1.227440015569256637e+00
-7.216356433652023616e-01
9.809087604489779011e-01
-1.414763452294893198e-01
8.489525416354221088e-01
-2.381685229991094221e+00
7.677868697433867240e-01
5.234399372187551469e-01
-6.706112720243806447e-01
1.390441981423178042e-03
-1.793008746172997991e+00
-3.995715114321311545e-01
-1.790084734866804306e+00
7.827121533823409028e-01
-1.356348077201456004e+00
1.071197389859586568e+00
2.413943998347892084e+00
-7.102393431301505800e-01
2.917747916181493428e-01
2.126988988961807436e+00
4.502752820657335286e-01
-3.573892998091345419e+00
-1.607622828506782620e+00
2.049801456045720338e-01
-2.882932645721381082e-02
6.601245928038116384e-01
1.848462140217553284e-01
-1.604545810762918912e+00
1.229806283258295663e+00
-1.585360425181715938e+00
4.189668948623703204e-01
-1.807816369613498120e+00
-1.234005381548912927e+00
-7.551052732448788607e-01
6.297068562174856776e-02
-9.344504405465831054e-01
-3.870954507361187846e-01
3.985512927104618575e-01
2.065501210102063112e-01
-1.558796090742288420e+00
-1.617443113754390982e-01
-9.610691484978490795e-01
1.141411449380761667e+00
-2.074896468182735043e-01
-6.155027077974999788e-02
-8.696482229966522315e-01
-1.545285677625055420e+00
2.493598662047067371e+00
-7.926360074334504180e-01
1.650926910406936399e+00
-2.138390715377544549e+00
2.897730569308259452e-01
-1.130907998820610993e+00
2.104139276156347105e+00
-5.363080985800150469e-01
2.097449295191471386e-01
6.805825638566280755e-01
-6.677713994929256325e-01
1.361519975987415254e+00
5.914804958258335077e-01
-1.616342056930677895e+00
-5.210059645929915328e-01
-4.577933449044066516e-01
1.013145011176726396e+00
-8.015379819580353837e-01
-1.814867747989491187e-01
-3.281917454744815998e+00
1.190142110607835813e+00
4.941318532959516063e-01
1.490704802877900859e+00
-2.549878892718902890e+00
4.046806065349631831e-01
1.202474688269606018e+00
-9.534332667176963483e-01
-1.898603866153458497e-01
-9.858237566039768085e-01
7.935383441254548753e-01
-1.199777813953647243e+00
-2.224790617340798304e-01
2.997599957136340976e-01
5.865029117584105167e-01
-1.581303497076864018e+00
1.826023073500206539e+00
-1.261119186754269483e+00
5.833116938984088673e-01
1.017158611884198649e+00
-5.409554833655225714e-01
-2.564688911865408372e+00
7.980508976568337354e-02
1.166857024857255842e+00
6.830832019395520760e-01
1.229726211675481906e+00
2.915448697723447502e+00
5.323949509008056857e-01
1.978039303695974471e+00
-9.970783452670957114e-01
-2.687717956780220629e-01
-6.349157885211871299e-01
-9.594589323237181500e-01
-4.981055672906926635e-01
-6.062936938859602165e-01
-2.294817281438815471e+00
3.254169587143426412e+00
7.082234861423474248e-01
-1.508689215915490989e+00
-1.105455939331739135e+00
-5.296899545865924042e-01
-9.507341623589624646e-01
2.802092248979856759e+00
-1.308597785881076447e+00
7.531326614051089274e-01
2.239014837005817715e-02
3.027997040998899325e-01
-7.602207410524033926e-02
-3.271950040373774016e+00
1.452205961970180592e+00
-5.716546957302495180e-01
-1.413691171187697604e+00
1.729048765063240900e+00
-1.642669819334015568e-01
-1.395038311633454597e+00
1.399536509472488199e-01
-2.114791409701368696e+00
1.315682754405438581e+00
2.221920921720564657e+00
-1.729431601586278289e+00
-6.261519345526830316e-01
-1.340256300982453297e+00
-5.459401246984655343e-01
9.249671523672798878e-01
-1.354931630493823036e+00
-7.314662017164476060e-01
-3.550759163480774472e-01
1.308662207911273967e+00
6.842240681240846500e-01
1.983617624280671343e+00
-3.269570344867021916e+00
7.476519226333053769e-01
-1.702781110900362549e+00
-6.499541688432017295e-02
8.890944861241338870e-01
8.339185292575072017e-01
-1.101610276973702174e+00
8.625971417347000347e-03
-5.211959243248466545e-02
-8.452955952055796196e-01
-1.135473846836894340e+00
-8.323849507393243918e-01
1.128529882229357240e+00
-1.361735962946713840e+00
1.599524561868715056e+00
-9.705573578469685325e-02
8.178501477120584395e-01
1.973472174989181038e+00
-2.596708534417292435e-01
-1.444317894897911403e+00
-8.741861516798414833e-01
-1.314682165251531143e-01
6.843444643811671391e-01
3.152013258873913149e+00
-3.123684428227341492e+00
-1.186914553223761409e-01
3.589272382364347425e-01
2.287272768804012313e-01
-4.387287726077833128e-01
2.488644876492181801e+00
-6.626537408393637918e-01
-9.425268664524077966e-01
-1.422969740197773447e+00
3.180071098074118030e+00
-2.594105325694576525e+00
-1.777038459833855555e+00
-7.743889571183172338e-01
-1.634322353316558507e+00
6.350134425060010024e-01
-2.584555806579361459e+00
