Generation: 0 71.9532 102.8126 10.1961 24.7357
Generation: 1 71.9532 102.8126 22.9693 28.7832
Generation: 2 75.0604 128.7039 36.9545 31.7861
Generation: 3 68.5722 122.5729 50.6198 26.6251
Generation: 4 71.9532 102.8126 57.1073 23.3587
Generation: 5 73.7821 127.4139 57.6632 24.2533
Generation: 6 74.5416 105.1864 63.0364 19.0935
Generation: 7 70.8432 124.6808 64.1556 16.5322
Generation: 8 75.1242 128.5347 62.8806 20.6377
Generation: 9 75.1327 128.5422 58.0119 25.5200
Generation: 10 75.2603 128.6698 59.1064 25.2418
Generation: 11 76.4013 106.7943 52.4172 30.2025
Generation: 12 74.9726 128.6100 60.3988 23.1959
Generation: 13 81.1095 111.0833 65.7448 19.3832
Generation: 14 83.0395 112.8240 63.4558 19.1495
Generation: 15 71.9573 102.8169 63.2033 19.4165
Generation: 16 72.8650 126.4898 65.6160 16.8444
Generation: 17 80.8172 110.7984 66.4700 15.0558
Generation: 18 71.9532 102.8126 64.7652 19.4137
Generation: 19 75.8763 106.2678 67.7155 12.5872
Generation: 20 78.3800 108.5595 68.0432 13.1185
Generation: 21 72.7428 126.3660 62.5007 18.7623
Generation: 22 72.0320 102.8531 62.5732 15.8579
Generation: 23 84.5346 137.0888 63.8917 18.9396
Generation: 24 78.8048 109.0061 64.4072 18.5103
Generation: 25 83.6956 136.6566 68.0468 11.6227
Generation: 26 74.1991 104.8439 66.4448 13.2223
Generation: 27 74.2478 127.8900 67.2942 15.1413
Generation: 28 74.2032 104.8464 67.5443 13.8481
Generation: 29 86.5449 156.0768 66.7228 17.0957
Generation: 30 78.7201 108.9315 67.4932 11.2786
Generation: 31 80.6683 110.6364 65.5284 13.4802
Generation: 32 86.2190 155.7564 66.8385 13.2571
Generation: 33 79.8015 131.7531 63.5405 15.6596
Generation: 34 85.6293 155.1704 65.5260 13.1479
Generation: 35 86.4107 155.9477 66.1279 12.4177
Generation: 36 86.4922 156.0254 65.4449 13.8732
Generation: 37 76.3987 130.0203 60.1383 16.8114
Generation: 38 59.3693 113.2518 63.5405 16.0677
Generation: 39 86.9088 156.4542 64.8627 14.5665
Generation: 40 85.6296 155.1609 63.6798 14.0525
Generation: 41 86.3137 155.8484 65.4233 14.8757
Generation: 42 86.2022 155.7260 65.8441 13.0901
Generation: 43 86.6848 156.2089 63.2440 15.3248
Generation: 44 89.8547 182.1395 66.2133 14.6131
Generation: 45 86.1970 155.7280 61.3936 16.7612
Generation: 46 86.0792 155.6148 66.4342 12.9039
Generation: 47 86.2549 155.7940 66.3703 13.7789
Generation: 48 86.5173 156.0593 64.9013 14.8297
Generation: 49 86.8102 156.3271 66.8947 16.7512
Generation: 50 86.4788 156.0317 68.7568 12.8294
Generation: 51 86.4387 155.9825 64.9763 15.8367
Generation: 52 86.4004 155.9432 67.0225 15.1248
Generation: 53 88.2113 180.5516 67.9367 14.6665
Generation: 54 86.8093 156.3337 65.1193 15.2351
Generation: 55 86.5417 156.0644 66.2374 15.5908
Generation: 56 86.5734 156.1024 66.1369 15.0325
Generation: 57 86.3355 155.8720 67.1971 15.0005
Generation: 58 86.7896 156.3281 65.3976 15.5457
Generation: 59 86.7017 156.2325 68.1295 17.6316
Generation: 60 86.6746 156.2140 64.2888 17.7748
Generation: 61 86.6754 156.2148 67.9099 16.2938
Generation: 62 86.4411 155.9803 68.9580 16.4326
Generation: 63 86.2539 155.7878 65.4522 15.8414
Generation: 64 86.5561 156.0818 65.8545 16.6580
Generation: 65 86.7699 156.2993 67.5437 16.3288
Generation: 66 86.5679 156.1047 71.6982 12.8081
Generation: 67 86.5781 156.1257 68.2201 15.8518
Generation: 68 90.1742 182.4522 69.4402 16.7411
Generation: 69 86.5740 156.1059 67.6211 18.6638
Generation: 70 86.7853 156.3266 68.9816 15.3778
Generation: 71 90.4042 182.6886 67.4559 16.6066
Generation: 72 86.6668 156.2110 67.6368 18.2134
Generation: 73 86.6783 156.2193 71.4515 14.2238
Generation: 74 90.4061 182.6782 64.8389 19.1227
Generation: 75 86.7723 156.2767 67.7723 19.1663
Generation: 76 91.3839 183.6542 67.9154 17.5258
Generation: 77 90.3180 182.6075 70.6009 17.5012
Generation: 78 90.7479 183.0283 71.8235 14.1730
Generation: 79 86.5909 156.1167 69.5110 16.4173
Generation: 80 90.2497 182.5345 70.4529 15.6865
Generation: 81 90.2747 182.5530 69.6107 16.2345
Generation: 82 90.0562 182.3684 72.4231 14.0682
Generation: 83 90.1843 182.4655 72.6241 16.4089
Generation: 84 90.1866 182.4723 75.6833 12.1715
Generation: 85 90.5178 182.7948 74.4954 12.9081
Generation: 86 90.1111 182.3999 73.3530 13.1856
Generation: 87 90.5878 182.8648 74.7730 12.4952
Generation: 88 90.7347 183.0130 74.2665 14.2951
Generation: 89 91.2310 183.5395 73.1809 13.3810
Generation: 90 90.8710 183.1795 71.2732 17.2684
Generation: 91 90.7138 182.9907 71.9889 17.1148
Generation: 92 90.4623 182.7390 72.9525 14.1182
Generation: 93 90.1279 182.4083 72.1649 17.0932
Generation: 94 90.3047 182.5895 73.3425 14.0349
Generation: 95 90.5838 182.8854 73.0068 18.8723
Generation: 96 90.6578 182.9348 70.8336 16.3489
Generation: 97 91.0928 183.3698 71.5566 16.9782
Generation: 98 91.1417 183.4307 73.4002 15.8746
Generation: 99 90.5696 182.8489 74.7206 13.7340
Generation: 100 90.7878 183.0648 75.8215 12.9755
Generation: 101 90.6450 182.9230 74.4335 13.2350
Generation: 102 90.8673 183.1440 74.9547 13.3968
Generation: 103 91.0592 183.3469 76.0063 14.0730
Generation: 104 90.1148 182.3964 73.7504 14.7250
Generation: 105 90.7073 182.9840 75.2796 14.0551
Generation: 106 91.0501 183.3513 75.0777 12.9697
Generation: 107 90.4658 182.7512 74.5158 13.3565
Generation: 108 90.8197 183.0980 74.1262 14.3769
Generation: 109 90.6416 182.9273 72.9077 16.5440
Generation: 110 90.7842 183.0622 75.7761 13.0493
Generation: 111 90.6166 182.9023 74.1974 14.1295
Generation: 112 90.6297 182.9080 76.0189 14.1726
Generation: 113 91.4135 183.6942 76.6314 12.7040
Generation: 114 90.7711 183.0599 76.3294 13.9572
Generation: 115 90.7040 183.0145 77.8730 11.0554
Generation: 116 91.1042 183.3840 77.8559 12.1183
Generation: 117 90.6083 182.8848 75.4405 13.0679
Generation: 118 90.5511 182.8399 71.2954 15.2767
Generation: 119 90.3852 182.6703 73.8013 13.9151
Generation: 120 91.2616 183.5704 75.6682 12.6060
Generation: 121 91.1430 183.4299 70.8075 15.6870
Generation: 122 90.8992 183.1836 75.3961 13.9430
Generation: 123 90.5135 182.7942 73.2375 14.0371
Generation: 124 90.7277 183.0025 71.6994 17.5693
Generation: 125 90.8243 183.1055 73.6269 16.8262
Generation: 126 90.7756 183.0555 73.3383 15.3832
Generation: 127 91.1611 183.4383 75.0285 14.2372
Generation: 128 90.7261 183.0149 72.6659 16.3886
Generation: 129 91.0588 183.3390 72.0987 16.9087
Generation: 130 90.8735 183.1633 73.5370 15.2672
Generation: 131 90.5583 182.8348 73.9866 14.7371
Generation: 132 90.6373 182.9140 71.2439 18.4541
Generation: 133 90.8583 183.1460 75.0551 17.1304
Generation: 134 90.7028 182.9783 77.0178 12.6590
Generation: 135 90.9917 183.2807 77.9811 12.9966
Generation: 136 91.2017 183.4907 77.2762 11.9162
Generation: 137 90.8184 183.1014 77.9842 12.8021
Generation: 138 91.0903 183.3722 74.9252 16.5386
Generation: 139 90.8631 183.1441 76.5148 11.8153
Generation: 140 91.3804 183.6564 78.2139 10.5774
Generation: 141 90.8945 183.1705 76.0830 12.4989
Generation: 142 91.0085 183.2892 76.4791 13.2243
Generation: 143 90.8228 183.0998 79.3997 10.9355
Generation: 144 90.7250 183.0030 78.3479 11.0617
Generation: 145 90.9917 183.2807 77.7315 13.1641
Generation: 146 91.1405 183.4197 77.4816 13.1423
Generation: 147 90.5880 182.8775 76.0515 13.2629
Generation: 148 91.1622 183.4522 75.5239 14.1619
Generation: 149 90.9392 183.2157 74.7742 14.8785
Generation: 150 91.1850 183.4614 76.2646 17.5442
Generation: 151 91.1442 183.4157 78.8366 10.9391
Generation: 152 91.2849 183.5899 76.2772 13.6910
Generation: 153 91.0589 183.3666 77.4249 13.4639
Generation: 154 90.9317 183.2207 78.4733 12.3514
Generation: 155 91.4946 183.7707 74.5128 14.0677
Generation: 156 91.6216 183.9054 76.9764 11.4480
Generation: 157 90.8657 183.1751 75.9190 13.1035
Generation: 158 91.2085 183.4983 75.6575 14.6567
Generation: 159 90.9423 183.2190 76.1161 12.4753
Generation: 160 90.7943 183.0755 77.8292 12.6507
Generation: 161 90.9728 183.2498 78.3634 12.7863
Generation: 162 90.5852 182.8703 78.3110 11.7561
Generation: 163 90.8932 183.1945 77.2619 11.5409
Generation: 164 91.5698 183.8791 77.9834 13.4928
Generation: 165 90.9728 183.2498 77.2881 13.6435
Generation: 166 91.2078 183.4848 80.3053 11.0812
Generation: 167 91.1519 183.4241 80.2229 12.3442
Generation: 168 90.8300 183.1080 79.0856 12.4965
Generation: 169 91.0033 183.2798 77.1565 14.8977
Generation: 170 90.7752 183.0608 79.2816 11.7023
Generation: 171 91.1616 183.4377 80.7099 10.5934
Generation: 172 91.1212 183.4030 78.5549 11.9713
Generation: 173 91.0630 183.3525 81.1408 11.0091
Generation: 174 90.8857 183.1575 79.1814 11.5880
Generation: 175 91.0778 183.3521 79.8604 9.8149
Generation: 176 90.7283 183.0041 77.5548 12.3406
Generation: 177 91.2297 183.5080 80.5456 11.5415
Generation: 178 91.0295 183.3055 79.3729 11.6510
Generation: 179 91.0204 183.2964 79.8394 12.9750
Generation: 180 91.4709 183.7423 82.0436 9.4151
Generation: 181 91.0724 183.3525 81.1841 10.4631
Generation: 182 91.1401 183.4214 79.1840 11.1276
Generation: 183 91.2688 183.5704 81.3198 11.4509
Generation: 184 91.1047 183.3830 82.0274 8.3994
Generation: 185 91.3367 183.6257 79.9955 11.2445
Generation: 186 90.4588 182.7368 81.3543 8.7117
Generation: 187 91.2439 183.5180 81.1694 9.4363
Generation: 188 91.3076 183.5690 81.2078 11.1825
Generation: 189 90.9829 183.2633 78.1362 13.4641
Generation: 190 91.3744 183.6642 82.9598 8.7310
Generation: 191 91.4504 183.7571 82.2441 8.8541
Generation: 192 91.1789 183.4592 83.0272 8.4110
Generation: 193 91.9306 184.2368 79.8017 11.2711
Generation: 194 91.2737 183.5596 80.1048 11.6446
Generation: 195 90.9979 183.2783 81.5863 9.3213
Generation: 196 91.2688 183.5583 83.8586 9.7016
Generation: 197 91.1688 183.4457 83.9263 8.3766
Generation: 198 91.5368 183.8454 82.9886 8.8539
Generation: 199 90.9492 183.2272 77.9815 14.5579
Generation: 200 91.0744 183.3642 83.9086 6.7287
Generation: 201 90.9733 183.2498 79.1675 13.0560
Generation: 202 91.0709 183.3505 81.8281 8.9712
Generation: 203 91.2898 183.5963 80.6081 11.8005
Generation: 204 90.9840 183.2609 80.0462 15.6622
Generation: 205 91.1632 183.4645 81.7920 12.6551
Generation: 206 91.6372 183.9444 82.3417 9.5514
Generation: 207 91.1329 183.4133 81.4199 9.9579
Generation: 208 91.1329 183.4133 81.9301 10.1659
Generation: 209 90.8828 183.1598 81.5157 8.5474
Generation: 210 91.3664 183.6421 81.3640 12.0807
Generation: 211 91.6821 183.9250 82.3263 10.7942
Generation: 212 91.2824 183.5625 83.5681 8.3214
Generation: 213 91.5072 183.7784 80.5742 11.9711
Generation: 214 91.0193 183.3005 81.4754 7.6818
Generation: 215 91.1874 183.4764 83.1497 11.5298
Generation: 216 91.2167 183.5057 84.4458 7.2957
Generation: 217 91.0333 183.3098 82.4379 9.7782
Generation: 218 91.1329 183.4133 80.7749 9.7109
Generation: 219 91.2882 183.5328 83.9731 8.2005
Generation: 220 91.4726 183.7616 82.7310 9.4985
Generation: 221 91.0648 183.3464 83.3126 7.3756
Generation: 222 91.2695 183.5813 83.8259 8.2666
Generation: 223 91.3453 183.6486 83.0830 7.3281
Generation: 224 91.5025 183.8113 82.7027 8.9425
Generation: 225 91.5617 183.8507 82.7776 8.6651
Generation: 226 90.9992 183.2772 85.2633 5.9260
Generation: 227 91.2374 183.5175 84.1729 8.3351
Generation: 228 91.1228 183.3998 85.0609 6.7062
Generation: 229 91.3409 183.6137 83.7644 8.3060
Generation: 230 91.2985 183.5883 83.0569 8.8612
Generation: 231 92.2721 184.5775 82.1839 9.9675
Generation: 232 91.0097 183.2880 82.3963 8.9290
Generation: 233 91.9370 184.2444 84.4597 8.2925
Generation: 234 91.2326 183.5060 82.1255 9.4021
Generation: 235 91.3674 183.6564 84.1465 7.7819
Generation: 236 91.2889 183.5769 83.8476 7.3908
Generation: 237 91.2689 183.5569 83.2770 8.6684
Generation: 238 91.2786 183.5762 84.8284 7.8299
Generation: 239 91.3853 183.6539 83.6179 8.0193
Generation: 240 91.2978 183.5684 83.4259 8.2748
Generation: 241 91.4079 183.6947 84.6053 7.3908
Generation: 242 91.3347 183.6115 82.4995 10.6843
Generation: 243 91.4009 183.6737 85.2170 7.9658
Generation: 244 91.2792 183.5507 82.8380 9.1737
Generation: 245 91.4455 183.7319 83.6887 9.0388
Generation: 246 91.5316 183.8154 84.1377 7.7579
Generation: 247 91.6616 183.9414 84.3388 9.0736
Generation: 248 91.1431 183.4121 83.3538 9.6134
Generation: 249 91.3028 183.5771 83.3595 7.8129
Generation: 250 91.4878 183.7748 83.3044 9.9947
Generation: 251 91.1642 183.4654 85.2766 6.7395
Generation: 252 91.4193 183.6919 83.5499 9.1603
Generation: 253 91.2198 183.4928 81.6790 9.8296
Generation: 254 91.3694 183.6500 84.9960 7.9969
Generation: 255 91.1615 183.4380 84.2886 8.8091
Generation: 256 91.7953 184.0704 83.4674 9.3756
Generation: 257 91.4333 183.7086 85.0954 7.1165
Generation: 258 91.3574 183.6375 84.6690 7.4649
Generation: 259 91.3866 183.6528 83.4868 8.2745
Generation: 260 91.4590 183.7357 84.3461 8.1089
Generation: 261 91.2934 183.5733 83.6425 9.3538
Generation: 262 91.4136 183.6883 85.0278 6.2598
Generation: 263 91.8053 184.1064 82.9184 10.2183
Generation: 264 91.4121 183.7007 84.0691 8.9792
Generation: 265 91.3145 183.6144 84.5624 8.2747
Generation: 266 91.3333 183.6204 83.2323 9.2874
Generation: 267 91.3293 183.6149 85.3421 6.0513
Generation: 268 91.9783 184.2735 82.9929 8.6841
Generation: 269 91.2933 183.5698 81.3049 10.2386
Generation: 270 91.2986 183.5985 84.3403 8.0295
Generation: 271 91.2334 183.5036 84.4774 7.3494
Generation: 272 91.5930 183.8753 82.6273 10.4195
Generation: 273 91.3299 183.6029 84.5948 6.7600
Generation: 274 91.3136 183.5883 84.2762 7.9109
Generation: 275 91.1673 183.4440 83.1642 9.7199
Generation: 276 91.2433 183.5198 83.2861 8.5551
Generation: 277 91.4103 183.6922 84.5997 6.6096
Generation: 278 91.7671 184.0513 84.9069 6.3263
Generation: 279 91.4637 183.7439 85.5088 5.7120
Generation: 280 91.5239 183.7942 86.9178 3.2627
Generation: 281 91.8271 184.1113 84.6363 7.1745
Generation: 282 91.4794 183.7455 85.6415 6.9001
Generation: 283 91.6577 183.9413 84.8510 6.8749
Generation: 284 91.6976 183.9866 84.5296 7.6832
Generation: 285 91.3956 183.6756 86.2951 7.4349
Generation: 286 91.8721 184.1563 85.5936 6.2676
Generation: 287 91.6275 183.8990 86.6887 5.3697
Generation: 288 91.6387 183.9096 85.4379 7.3725
Generation: 289 91.6289 183.8946 84.5456 8.9021
Generation: 290 91.3614 183.6473 86.0524 5.7275
Generation: 291 92.0301 184.2922 85.1850 7.3040
Generation: 292 91.4036 183.6707 85.7813 8.1393
Generation: 293 91.4971 183.7707 84.7587 7.0686
Generation: 294 91.9287 184.2007 85.2253 6.0612
Generation: 295 91.6592 183.9280 84.0301 9.0894
Generation: 296 91.5912 183.8722 85.4723 6.3926
Generation: 297 91.9225 184.1921 86.1429 5.7465
Generation: 298 91.6836 183.9530 85.4383 6.3093
Generation: 299 91.5762 183.8572 86.0276 5.0128
Generation: 300 91.7641 184.0392 86.5213 6.2047
Generation: 301 92.0253 184.2981 85.7802 6.4468
Generation: 302 91.4639 183.7342 85.2711 6.2059
Generation: 303 91.6053 183.8787 86.3533 5.7298
Generation: 304 91.7829 184.0640 85.9468 7.6591
Generation: 305 91.5928 183.8671 84.8337 7.2314
Generation: 306 91.7735 184.0631 85.8725 7.4051
Generation: 307 91.5037 183.7746 85.7796 5.5599
Generation: 308 91.8932 184.1796 86.4562 5.7276
Generation: 309 91.6732 183.9483 87.0960 5.1188
Generation: 310 91.9310 184.2059 85.3093 6.5616
Generation: 311 91.5367 183.8075 87.0609 5.2308
Generation: 312 91.4636 183.7307 85.7148 6.2205
Generation: 313 91.7344 184.0242 86.1572 6.2702
Generation: 314 91.6439 183.9096 86.5462 5.6818
Generation: 315 91.4794 183.7501 85.3619 6.3695
Generation: 316 91.6374 183.9181 86.7024 4.6328
Generation: 317 91.6816 183.9904 86.5683 5.7634
Generation: 318 91.6128 183.8871 86.8643 4.8578
Generation: 319 91.4417 183.7307 86.4315 6.1463
Generation: 320 91.6524 183.9331 86.9362 5.0476
Generation: 321 91.4486 183.7157 87.0821 4.6113
Generation: 322 91.4432 183.6936 87.4154 4.3113
Generation: 323 91.5897 183.8614 87.4653 4.6160
Generation: 324 91.6445 183.9509 86.3417 5.2440
Generation: 325 91.7246 184.0325 87.3534 4.0215
Generation: 326 91.7444 184.0179 87.5730 4.2941
Generation: 327 91.3492 183.6257 85.9814 6.6265
Generation: 328 91.5400 183.8104 86.6897 5.5496
Generation: 329 91.5378 183.8037 86.5948 5.2232
Generation: 330 91.6233 183.8980 87.6733 4.1849
Generation: 331 91.6339 183.9042 86.9762 4.6230
Generation: 332 91.9332 184.2172 87.0264 5.1096
Generation: 333 91.4194 183.6901 86.3341 5.6809
Generation: 334 91.6250 183.8998 86.9347 4.8926
Generation: 335 91.7821 184.0663 85.8963 6.4279
Generation: 336 91.8505 184.1132 86.9770 5.6414
Generation: 337 91.8191 184.0866 85.7255 6.4778
Generation: 338 91.7566 184.0654 85.3888 6.7544
Generation: 339 91.7571 184.0307 86.2913 5.3392
Generation: 340 91.7439 184.0142 85.1843 7.7135
Generation: 341 91.7726 184.0616 85.3209 6.0534
Generation: 342 91.6936 183.9607 87.2239 6.0162
Generation: 343 91.8406 184.1222 86.4115 5.9710
Generation: 344 91.7037 183.9649 85.4147 6.7960
Generation: 345 91.8258 184.0872 87.2121 5.5867
Generation: 346 91.8721 184.1563 86.8427 5.3109
Generation: 347 91.6294 183.9001 86.0321 6.5669
Generation: 348 91.6366 183.9164 86.2014 5.8486
Generation: 349 91.5494 183.8239 87.5192 4.2077
Generation: 350 91.6837 183.9696 85.9731 6.3059
Generation: 351 91.6186 183.8857 86.8572 5.3162
Generation: 352 92.2863 184.5928 87.3918 5.0914
Generation: 353 91.8871 184.1713 87.6870 4.5142
Generation: 354 91.6233 183.8980 86.4009 5.3759
Generation: 355 91.8571 184.1413 86.9080 5.4316
Generation: 356 91.6306 183.9122 86.6876 5.7836
Generation: 357 91.7290 183.9986 86.6602 5.5736
Generation: 358 91.5842 183.8557 87.4208 4.7802
Generation: 359 91.7454 184.0183 87.5254 5.4922
Generation: 360 91.5694 183.8401 86.4952 4.9767
Generation: 361 91.5560 183.8288 86.3000 5.3998
Generation: 362 91.9482 184.2322 87.1798 4.8125
Generation: 363 91.9932 184.2772 86.6557 5.6429
Generation: 364 91.5843 183.8473 87.9346 4.0974
Generation: 365 91.7646 184.0263 86.6481 5.1995
Generation: 366 91.8121 184.0963 86.9857 5.0970
Generation: 367 91.5055 183.7881 85.3758 7.1366
Generation: 368 91.6892 183.9580 86.5596 5.3650
Generation: 369 91.6216 183.9304 86.7041 5.2269
Generation: 370 91.8924 184.1731 86.0600 6.7943
Generation: 371 91.6667 183.9557 86.6026 5.5067
Generation: 372 91.6793 183.9649 87.0271 6.2081
Generation: 373 91.8547 184.1349 86.6737 5.7626
Generation: 374 91.8271 184.1113 86.6412 5.5486
Generation: 375 91.8271 184.1113 86.9016 5.1819
Generation: 376 91.5739 183.8470 86.8243 4.9474
Generation: 377 91.6674 183.9348 86.5020 5.5332
Generation: 378 91.5878 183.8584 87.8085 4.3393
Generation: 379 91.6667 183.9557 87.2765 4.8721
Generation: 380 91.6217 183.8963 86.8278 4.4378
Generation: 381 91.7111 183.9857 87.2227 5.4761
Generation: 382 91.6300 183.9039 86.4984 5.1084
Generation: 383 91.7368 184.0181 87.0086 5.7807
Generation: 384 91.6794 183.9501 86.2904 6.5037
Generation: 385 91.4789 183.7492 87.1239 4.3358
Generation: 386 91.5894 183.8601 87.7746 4.5747
Generation: 387 91.6844 183.9589 87.4926 4.3191
Generation: 388 91.7489 184.0146 87.3029 4.4042
Generation: 389 91.8121 184.0963 88.4732 3.4946
Generation: 390 91.6694 183.9439 87.6054 4.7757
Generation: 391 91.8871 184.1713 87.5675 4.0520
Generation: 392 91.8172 184.1001 87.3266 5.3930
Generation: 393 91.8571 184.1413 86.7027 5.2018
Generation: 394 91.8721 184.1563 87.2255 5.7136
Generation: 395 92.0102 184.3209 86.6601 5.4796
Generation: 396 91.6606 183.9422 86.9628 5.0581
Generation: 397 91.7111 183.9942 87.4894 4.6838
Generation: 398 91.6794 183.9501 87.4369 4.9506
Generation: 399 91.8871 184.1713 88.2610 3.5533
Generation: 400 91.8871 184.1713 87.4704 4.3493
Generation: 401 92.1541 184.4587 86.8472 5.2083
Generation: 402 91.7049 183.9819 87.5438 4.8381
Generation: 403 91.9032 184.1872 87.7178 4.3779
Generation: 404 91.7056 183.9872 88.3748 3.6915
Generation: 405 92.1106 184.4175 88.0121 4.3897
Generation: 406 91.4536 183.7283 86.7220 5.2472
Generation: 407 91.7181 184.0099 86.8213 4.3786
Generation: 408 91.8945 184.1645 87.8049 3.5905
Generation: 409 91.9010 184.2080 86.6584 5.0383
Generation: 410 91.7411 184.0242 86.7299 4.6697
Generation: 411 92.0869 184.3953 86.3991 5.6897
Generation: 412 91.6694 183.9439 87.1197 4.5230
Generation: 413 91.7516 184.0178 87.4518 5.2465
Generation: 414 91.9332 184.2172 87.2428 4.9420
Generation: 415 91.6202 183.8895 86.3928 6.5143
Generation: 416 91.9520 184.2395 87.9690 3.6776
Generation: 417 92.3228 184.6294 86.9502 4.1571
Generation: 418 91.7422 184.0251 87.2775 5.2418
Generation: 419 91.7781 184.0699 87.2376 4.9387
Generation: 420 91.5979 183.8683 87.3633 4.5831
Generation: 421 92.1403 184.4447 86.5941 6.1848
Generation: 422 91.6844 183.9589 87.9777 3.7424
Generation: 423 91.7382 184.0246 87.1455 5.9539
Generation: 424 91.5884 183.8620 87.3610 5.0431
Generation: 425 91.9182 184.2022 86.4570 5.9441
Generation: 426 92.0229 184.3040 86.7939 5.7686
Generation: 427 91.9393 184.2255 86.6041 6.2028
Generation: 428 91.7561 184.0392 86.1703 6.4668
Generation: 429 91.6899 183.9669 86.6874 5.3282
Generation: 430 91.8922 184.1751 87.7664 4.1951
Generation: 431 91.8582 184.1422 86.9054 6.1750
Generation: 432 92.2167 184.5234 87.0939 4.8651
Generation: 433 91.8775 184.1636 87.5320 4.1358
Generation: 434 91.5739 183.8470 87.6883 4.2218
Generation: 435 91.6215 183.8942 87.0442 8.3872
Generation: 436 91.6586 183.9257 86.3617 6.2493
Generation: 437 91.8472 184.1301 86.9260 6.2167
Generation: 438 91.8475 184.1336 86.7256 5.4221
Generation: 439 91.6394 183.9139 87.1068 4.9001
Generation: 440 91.5552 183.8356 86.1216 4.5618
Generation: 441 92.1541 184.4587 86.7159 4.9024
Generation: 442 91.6899 183.9669 86.9845 4.4283
Generation: 443 91.7111 183.9942 86.8584 4.9401
Generation: 444 91.6906 183.9722 87.1562 5.6212
Generation: 445 91.6814 183.9677 86.6310 5.8782
Generation: 446 91.7568 184.0381 86.3571 5.2587
Generation: 447 91.5271 183.8007 87.1042 4.0478
Generation: 448 92.0071 184.2873 86.7863 5.7564
Generation: 449 91.7861 184.0692 87.5651 4.5058
Generation: 450 91.6998 183.9733 87.8373 4.0471
Generation: 451 92.0953 184.3997 87.7552 4.1076
Generation: 452 91.9075 184.1936 87.3515 6.3019
Generation: 453 91.5482 183.8216 86.6943 5.2950
Generation: 454 91.7221 184.0063 87.2535 4.4894
Generation: 455 91.5967 183.8792 86.8979 5.2735
Generation: 456 91.7571 184.0413 86.2994 5.6614
Generation: 457 91.7671 184.0513 87.4457 4.8784
Generation: 458 91.7714 184.0577 88.2847 3.6701
Generation: 459 91.8472 184.1301 86.7966 6.0427
Generation: 460 91.8456 184.1272 87.4661 4.0290
Generation: 461 91.6922 183.9787 87.2594 4.5274
Generation: 462 91.8234 184.0936 87.1685 5.7532
Generation: 463 91.7137 183.9846 87.7293 4.0928
Generation: 464 91.7586 184.0257 87.8825 4.3507
Generation: 465 91.8772 184.1601 85.5380 10.6965
Generation: 466 91.7467 184.0357 86.4577 5.9784
Generation: 467 91.9798 184.2891 86.5667 5.4093
Generation: 468 91.8325 184.1186 88.0603 4.3515
Generation: 469 92.1306 184.4027 87.6944 5.2042
Generation: 470 91.8618 184.1431 86.5016 6.2987
Generation: 471 91.7611 184.0357 87.4709 5.9085
Generation: 472 91.9832 184.2672 87.4685 4.7453
Generation: 473 91.7368 184.0181 88.0755 4.9296
Generation: 474 91.6847 183.9564 86.3504 6.3757
Generation: 475 91.9536 184.2395 87.4516 4.7075
Generation: 476 91.9222 184.2051 87.7639 4.4289
Generation: 477 91.8700 184.1770 87.1937 5.6309
Generation: 478 91.6294 183.9060 87.2463 5.1789
Generation: 479 91.6590 183.9292 87.2382 4.9519
Generation: 480 92.2915 184.5956 87.2494 4.9404
Generation: 481 91.6811 183.9557 88.1930 4.4239
Generation: 482 91.5794 183.8599 87.3951 5.1805
Generation: 483 91.5703 183.8437 87.6191 5.0386
Generation: 484 91.9128 184.1951 88.2650 3.5603
Generation: 485 91.7890 184.0586 86.9760 5.1566
Generation: 486 91.9529 184.2340 87.0844 5.7170
Generation: 487 91.8147 184.0864 87.8217 3.9815
Generation: 488 91.6689 183.9392 87.7950 3.8162
Generation: 489 91.5609 183.8342 86.7263 6.0113
Generation: 490 92.2465 184.5506 88.0246 5.0485
Generation: 491 91.5198 183.8140 87.3985 5.5901
Generation: 492 91.6741 183.9473 87.3229 6.0108
Generation: 493 91.7086 183.9757 87.1098 6.5201
Generation: 494 91.9052 184.2159 87.2601 5.8487
Generation: 495 91.6702 183.9400 88.8525 5.2843
Generation: 496 91.6843 183.9575 87.9592 4.4727
Generation: 497 92.1568 184.4654 88.0873 4.6631
Generation: 498 91.9871 184.2977 87.0020 6.4097
Generation: 499 92.1883 184.4682 87.5815 5.6007
Generation: 500 92.2915 184.5956 87.4228 5.4420
Generation: 501 91.7950 184.0689 87.2803 5.7762
Generation: 502 91.6647 183.9364 88.0594 5.2980
Generation: 503 92.3215 184.6256 87.7889 4.8091
Generation: 504 91.7041 183.9773 87.8489 5.6292
Generation: 505 91.7109 183.9775 87.0149 6.5109
Generation: 506 92.2753 184.5797 88.7319 4.3742
Generation: 507 91.9086 184.1945 87.4526 5.8024
Generation: 508 92.1461 184.4568 87.5762 5.5019
Generation: 509 91.7432 184.0160 87.0684 5.8424
Generation: 510 91.9697 184.2554 86.9107 6.2608
Generation: 511 91.8922 184.1751 87.6593 6.3736
Generation: 512 91.7725 184.0586 88.9041 3.7291
Generation: 513 91.7641 184.0373 87.0723 6.8306
Generation: 514 91.9686 184.2545 86.9781 6.2199
Generation: 515 91.9352 184.2459 87.6712 5.4094
Generation: 516 91.7622 184.0559 87.7759 5.9235
Generation: 517 91.9943 184.2781 88.4416 5.0042
Generation: 518 91.8637 184.1523 87.6467 5.7512
Generation: 519 91.9842 184.2578 87.9962 5.1014
Generation: 520 91.7711 184.0542 88.1983 4.8368
Generation: 521 91.9811 184.2918 86.9339 7.0554
Generation: 522 92.1697 184.4601 87.9983 4.6503
Generation: 523 91.7561 184.0392 88.4194 4.3206
Generation: 524 92.0579 184.3390 87.1008 5.7159
Generation: 525 91.7872 184.0701 86.9666 5.9928
Generation: 526 92.0264 184.3092 88.0404 5.2178
Generation: 527 91.9383 184.2463 88.6805 3.3224
Generation: 528 91.8936 184.1795 86.1471 7.2071
Generation: 529 91.7575 184.0436 86.9316 6.7967
Generation: 530 91.5890 183.8586 87.2199 5.9018
Generation: 531 91.9834 184.2660 87.9644 4.9710
Generation: 532 91.8325 184.1186 88.7287 4.0019
Generation: 533 91.8725 184.1577 87.6400 5.4648
Generation: 534 91.9690 184.2386 88.4094 5.0382
Generation: 535 91.6178 183.8884 88.0965 5.2463
Generation: 536 91.7956 184.0772 88.0347 5.0772
Generation: 537 91.7575 184.0436 87.2918 6.1887
Generation: 538 91.8625 184.1486 87.6951 5.7024
Generation: 539 92.0429 184.3240 87.8672 5.0796
Generation: 540 91.8175 184.1036 87.7184 4.7778
Generation: 541 91.8175 184.1036 87.8811 5.6197
Generation: 542 91.9222 184.2051 87.4306 4.8138
Generation: 543 91.8785 184.1546 87.5153 5.6446
Generation: 544 91.8625 184.1486 86.7594 6.3171
Generation: 545 91.7205 183.9969 86.8083 6.6213
Generation: 546 91.8322 184.1151 87.3333 5.8466
Generation: 547 91.9924 184.2753 86.4649 8.5674
Generation: 548 91.5216 183.7878 86.7411 7.2326
Generation: 549 91.9919 184.2831 87.2132 5.3645
Generation: 550 91.9834 184.2660 87.8270 6.0423
Generation: 551 91.7766 184.0573 87.6465 5.2916
Generation: 552 91.8925 184.1786 86.6965 7.0576
Generation: 553 92.1585 184.4413 86.2582 7.3155
Generation: 554 92.1094 184.4049 86.9257 6.2396
Generation: 555 91.9834 184.2660 86.2121 8.3388
Generation: 556 91.8625 184.1486 88.3638 5.0123
Generation: 557 91.8175 184.1036 86.1405 7.8433
Generation: 558 91.8540 184.1457 86.8983 6.5139
Generation: 559 92.1053 184.3858 85.3689 8.3547
Generation: 560 92.0434 184.3260 85.8822 8.4328
Generation: 561 92.0584 184.3410 85.0915 7.5935
Generation: 562 91.7267 183.9806 86.2831 6.9483
Generation: 563 91.4969 183.7662 86.4320 7.7064
Generation: 564 91.8925 184.1786 86.8112 6.8703
Generation: 565 91.8322 184.1151 87.8993 5.5962
Generation: 566 91.6528 183.9351 86.6847 7.7461
Generation: 567 92.0224 184.3053 87.3264 6.8283
Generation: 568 91.5564 183.8396 86.4883 6.5975
Generation: 569 91.8175 184.1036 86.8448 5.7527
Generation: 570 91.7031 183.9886 85.7662 7.0268
Generation: 571 92.0221 184.3023 86.3224 6.4743
Generation: 572 91.7491 184.0223 85.9055 8.2172
Generation: 573 91.7339 183.9996 87.6572 5.7899
Generation: 574 91.7275 184.0136 87.0452 5.8988
Generation: 575 91.7290 183.9986 86.4509 6.5693
Generation: 576 91.5381 183.8071 87.7902 4.1695
Generation: 577 91.9072 184.1901 87.0258 6.2894
Generation: 578 92.0597 184.3454 86.5653 6.6248
Generation: 579 91.5609 183.8342 87.2639 5.3658
Generation: 580 91.8925 184.1786 86.0808 6.7195
Generation: 581 91.5170 183.8045 86.7536 6.5951
Generation: 582 92.2328 184.5414 87.8259 4.3313
Generation: 583 92.0134 184.2960 86.8858 6.3327
Generation: 584 91.8775 184.1636 86.2408 6.7886
Generation: 585 91.7275 184.0136 85.7252 7.5319
Generation: 586 92.0284 184.3110 86.0594 7.1581
Generation: 587 91.8775 184.1636 87.8881 5.3476
Generation: 588 92.0284 184.3110 86.9883 5.8208
Generation: 589 92.1184 184.4010 85.7327 7.3024
Generation: 590 91.6594 183.9360 87.6794 6.0203
Generation: 591 91.6190 183.8886 86.7670 5.8038
Generation: 592 91.9384 184.2210 85.5696 8.6439
Generation: 593 91.9372 184.2201 86.4996 6.1794
Generation: 594 91.7130 184.0004 86.4052 6.5022
Generation: 595 91.9773 184.2832 87.0153 6.0112
Generation: 596 91.8475 184.1336 86.9784 5.6790
Generation: 597 91.6665 183.9395 87.0439 6.1996
Generation: 598 91.9222 184.2051 86.5493 6.5009
Generation: 599 91.9534 184.2360 87.3203 5.3399
Generation: 600 92.2760 184.5730 86.7120 6.1954
Generation: 601 91.8025 184.0886 86.8167 5.5547
Generation: 602 91.9408 184.2290 86.4407 5.3604
Generation: 603 91.7572 184.0401 86.8604 6.8228
Generation: 604 92.0308 184.3044 86.5841 6.4069
Generation: 605 91.6953 183.9836 86.6974 6.6050
Generation: 606 91.8772 184.1601 86.8796 6.7128
Generation: 607 92.0645 184.3716 86.9093 6.3193
Generation: 608 91.9411 184.2475 86.6671 5.5948
Generation: 609 91.9774 184.2603 86.5574 6.2195
Generation: 610 91.8622 184.1451 86.4840 7.6033
Generation: 611 91.9834 184.2660 86.6618 6.2990
Generation: 612 92.0134 184.2960 87.3907 5.6110
Generation: 613 91.7521 184.0363 87.3943 5.5835
Generation: 614 91.9838 184.2882 87.2935 5.3650
Generation: 615 91.9536 184.2395 87.2436 5.6861
Generation: 616 91.8994 184.1655 86.5713 5.9183
Generation: 617 92.0366 184.3460 87.2084 5.5377
Generation: 618 92.1583 184.4382 88.0825 4.6352
Generation: 619 91.9372 184.2201 87.2321 5.0942
Generation: 620 91.8775 184.1636 88.0484 5.2415
Generation: 621 91.8172 184.1001 87.3527 4.7778
Generation: 622 91.5187 183.8130 88.0302 4.2433
Generation: 623 91.7806 184.0622 86.8992 5.9455
Generation: 624 91.8175 184.1036 87.9320 6.3865
Generation: 625 91.7044 183.9705 87.4396 5.1317
Generation: 626 91.9984 184.2810 87.5175 5.6364
Generation: 627 91.9536 184.2395 87.2214 6.3450
Generation: 628 91.9097 184.1981 87.8090 4.7349
Generation: 629 91.8475 184.1336 88.5751 4.1513
Generation: 630 91.8175 184.1036 87.6789 5.6159
Generation: 631 91.9193 184.2055 87.7677 5.3706
Generation: 632 91.9929 184.2740 87.4665 4.7980
Generation: 633 91.9694 184.2420 88.5210 4.3082
Generation: 634 91.8418 184.1231 88.1542 4.9666
Generation: 635 92.0059 184.2864 86.3294 6.2624
Generation: 636 91.7491 184.0223 88.0870 4.6787
Generation: 637 91.8325 184.1186 87.7831 5.3847
Generation: 638 91.9629 184.2440 87.8754 5.6009
Generation: 639 91.7789 184.0446 88.6128 3.8249
Generation: 640 91.9686 184.2545 86.9742 5.3938
Generation: 641 91.9222 184.2051 88.3707 4.8612
Generation: 642 91.8004 184.0857 88.4299 4.6171
Generation: 643 91.8947 184.1831 87.1604 5.9094
Generation: 644 91.8268 184.1081 88.6344 4.3014
Generation: 645 91.9372 184.2201 87.4376 6.2260
Generation: 646 92.1507 184.4328 87.9179 4.9751
Generation: 647 91.8772 184.1601 88.0842 5.3884
Generation: 648 91.9530 184.2353 88.8536 4.1574
Generation: 649 91.9759 184.2564 88.5113 4.0931
Generation: 650 92.0284 184.3110 89.5120 3.0587
Generation: 651 91.9140 184.2057 89.3157 3.4692
Generation: 652 91.8020 184.0895 88.6030 4.3969
Generation: 653 91.9372 184.2201 89.0359 3.3942
Generation: 654 91.7875 184.0736 88.4695 4.2893
Generation: 655 91.9384 184.2210 89.0871 3.5416
Generation: 656 91.7875 184.0736 89.2437 4.0001
Generation: 657 91.8325 184.1186 88.6885 4.3158
Generation: 658 92.2035 184.4863 87.8349 5.1325
Generation: 659 92.0434 184.3260 87.9377 5.5079
Generation: 660 91.9836 184.2695 88.7916 4.0082
Generation: 661 91.9984 184.2810 88.5735 5.1528
Generation: 662 91.8772 184.1601 89.1345 3.7232
Generation: 663 91.9984 184.2810 88.4671 4.4261
Generation: 664 92.0747 184.3604 88.5960 5.2288
Generation: 665 91.9072 184.1901 89.3968 3.3625
Generation: 666 91.9072 184.1901 89.1053 4.0500
Generation: 667 92.1657 184.4478 88.1167 5.0271
Generation: 668 91.8947 184.1831 88.8726 4.5132
Generation: 669 91.8772 184.1601 89.0733 3.8110
Generation: 670 92.0147 184.3004 89.1834 4.0234
Generation: 671 91.7725 184.0586 88.4637 4.3641
Generation: 672 92.0286 184.3145 88.4904 4.9627
Generation: 673 91.9393 184.2255 89.1879 3.8348
Generation: 674 92.0297 184.3154 88.9689 4.4819
Generation: 675 91.9222 184.2051 88.6877 3.8504
Generation: 676 92.0421 184.3527 88.1042 5.0073
Generation: 677 92.0147 184.3031 88.0691 4.7325
Generation: 678 91.9986 184.2845 88.3519 4.8706
Generation: 679 92.1334 184.4160 88.4136 4.6870
Generation: 680 92.0284 184.3110 87.2992 6.2086
Generation: 681 91.7125 183.9986 88.5726 4.6877
Generation: 682 92.0897 184.3754 88.6491 4.9776
Generation: 683 91.7213 183.9925 88.3497 5.0418
Generation: 684 92.0447 184.3304 88.6560 3.8249
Generation: 685 92.0308 184.3190 89.4823 2.8243
Generation: 686 92.0584 184.3410 88.2286 5.6944
Generation: 687 91.9534 184.2360 88.5673 4.8969
Generation: 688 92.1045 184.3869 88.9434 4.5580
Generation: 689 91.8253 184.0981 88.6112 4.7746
Generation: 690 92.0447 184.3304 89.0011 3.7081
Generation: 691 91.8780 184.1603 88.4484 5.0203
Generation: 692 92.3140 184.6222 88.0213 5.3570
Generation: 693 92.0134 184.2960 88.6993 4.5419
Generation: 694 92.0747 184.3604 87.9105 5.6237
Generation: 695 92.2346 184.5172 88.1424 4.7536
Generation: 696 91.9097 184.1981 88.2498 4.3350
Generation: 697 92.0147 184.3031 88.8469 4.2776
Generation: 698 92.0584 184.3410 88.9497 4.9704
Generation: 699 92.2830 184.5837 89.2597 3.9351
Generation: 700 92.0136 184.2995 88.5588 4.4674
Generation: 701 92.0447 184.3304 88.6919 5.3040
Generation: 702 92.0884 184.3710 89.4849 3.2428
Generation: 703 92.0147 184.3031 89.1521 4.3630
Generation: 704 92.0147 184.3031 88.7051 4.6782
Generation: 705 92.0147 184.3004 88.8898 4.0100
Generation: 706 92.0147 184.3004 89.1127 5.0451
Generation: 707 92.0747 184.3604 89.2731 4.2788
Generation: 708 92.0147 184.3004 89.0840 3.6965
Generation: 709 92.1047 184.3904 89.0662 3.9402
Generation: 710 92.0136 184.2995 88.2762 5.2088
Generation: 711 92.0543 184.3381 88.7052 4.4302
Generation: 712 91.9547 184.2431 89.3311 3.6461
Generation: 713 92.0134 184.2960 88.6095 5.1563
Generation: 714 91.9997 184.2881 88.6320 4.8167
Generation: 715 92.1334 184.4160 89.0191 5.0143
Generation: 716 91.8103 184.0789 88.9041 4.5883
Generation: 717 91.9704 184.2428 88.3687 5.0521
Generation: 718 91.9097 184.1981 88.4302 5.1232
Generation: 719 91.8271 184.1113 87.6291 5.9051
Generation: 720 92.0295 184.3119 88.3732 4.9521
Generation: 721 92.1121 184.3923 88.9450 4.6851
Generation: 722 91.9836 184.2695 88.7526 4.6983
Generation: 723 92.1421 184.4223 88.6561 4.8769
Generation: 724 91.9984 184.2810 88.9129 4.9053
Generation: 725 92.4237 184.7140 89.5263 3.4102
Generation: 726 92.0595 184.3419 88.2863 5.3236
Generation: 727 92.1645 184.4692 88.4206 5.9384
Generation: 728 92.0447 184.3304 88.8476 4.8982
Generation: 729 92.0908 184.3763 88.3614 4.7461
Generation: 730 91.9997 184.2854 88.8442 5.0991
Generation: 731 92.1615 184.4700 88.7840 4.9034
Generation: 732 92.1146 184.3995 88.3236 5.2742
Generation: 733 92.0597 184.3454 88.2547 5.3036
Generation: 734 92.2113 184.4715 89.7124 3.1005
Generation: 735 91.9493 184.2331 87.4390 6.1795
Generation: 736 92.2208 184.5195 88.7861 4.3631
Generation: 737 91.9701 184.2314 88.4030 5.2294
Generation: 738 91.8203 184.0954 88.7788 4.1096
Generation: 739 91.8175 184.1036 88.5937 4.4578
Generation: 740 92.0165 184.2887 88.4562 5.3848
Generation: 741 92.4128 184.7194 88.2058 4.8303
Generation: 742 92.0447 184.3304 88.8152 4.2850
Generation: 743 92.0895 184.3719 88.7562 5.0872
Generation: 744 92.0434 184.3260 89.4082 4.4755
Generation: 745 91.9397 184.2281 88.3947 4.5962
Generation: 746 91.7904 184.0633 88.7588 4.7878
Generation: 747 91.7505 184.0269 89.2445 3.7539
Generation: 748 92.0074 184.2903 88.4331 5.0245
Generation: 749 92.0369 184.3452 89.0541 4.4081
Generation: 750 91.9984 184.2810 88.0718 5.1187
Generation: 751 92.0093 184.2955 87.1539 6.5498
Generation: 752 92.0908 184.3763 88.6220 4.9282
Generation: 753 92.0147 184.3004 88.0405 5.9354
Generation: 754 92.3213 184.6278 89.4783 3.2122
Generation: 755 92.0999 184.3769 86.9824 6.1222
Generation: 756 92.0229 184.3040 87.3249 5.7354
Generation: 757 92.0691 184.3499 88.8730 4.8174
Generation: 758 92.0567 184.3290 89.3166 4.0714
Generation: 759 91.9932 184.2772 88.5116 4.5591
Generation: 760 92.0595 184.3419 88.7693 4.7670
Generation: 761 92.2563 184.5628 89.1744 3.6467
Generation: 762 92.0353 184.3435 88.4626 5.1266
Generation: 763 91.8337 184.1223 88.6432 4.7341
Generation: 764 92.2333 184.5132 88.2440 5.7084
Generation: 765 92.2013 184.4844 88.6841 5.1044
Generation: 766 92.2574 184.5654 87.9462 6.0073
Generation: 767 92.0996 184.3845 88.6438 4.8337
Generation: 768 91.9834 184.2660 88.9837 4.1742
Generation: 769 92.1135 184.3963 87.8052 5.7451
Generation: 770 92.1207 184.4028 89.6401 3.6327
Generation: 771 92.0391 184.3199 89.3460 3.8059
Generation: 772 92.0529 184.3340 89.8050 2.8752
Generation: 773 91.9793 184.2631 89.5223 3.9991
Generation: 774 91.9834 184.2660 89.3426 3.4535
Generation: 775 91.8772 184.1601 90.0256 2.5343
Generation: 776 92.1357 184.4178 88.9442 4.3789
Generation: 777 92.0093 184.2931 89.8259 3.0186
Generation: 778 92.0284 184.3110 89.5554 3.2838
Generation: 779 92.0229 184.3040 89.5011 4.2556
Generation: 780 92.2633 184.5432 89.1204 4.4538
Generation: 781 91.9986 184.2845 90.0102 2.8509
Generation: 782 91.9779 184.2590 89.6690 3.0031
Generation: 783 92.0985 184.3813 89.3755 4.1767
Generation: 784 92.0991 184.3799 89.7103 3.6031
Generation: 785 92.1883 184.4682 89.5520 2.9064
Generation: 786 92.1141 184.3949 90.2457 2.0097
Generation: 787 92.0704 184.3540 89.0271 4.8827
Generation: 788 92.0079 184.2890 89.1678 3.9347
Generation: 789 91.9247 184.2131 88.1452 6.0324
Generation: 790 91.9236 184.2095 89.4615 3.4463
Generation: 791 91.9547 184.2431 90.4327 2.0828
Generation: 792 92.1339 184.4213 89.8311 3.5783
Generation: 793 92.0914 184.3604 89.7797 2.8397
Generation: 794 92.2933 184.5732 89.4664 3.9133
Generation: 795 91.9779 184.2590 89.7048 3.4840
Generation: 796 92.3244 184.6041 89.8080 3.5909
Generation: 797 92.3683 184.6482 90.6947 1.7481
Generation: 798 92.0991 184.3799 89.8226 2.4065
Generation: 799 92.2783 184.5582 89.6004 3.6372
Generation: 800 92.1296 184.4145 90.1729 2.1925
Generation: 801 92.1746 184.4595 89.8441 3.6686
Generation: 802 92.1435 184.4263 89.8720 2.7401
Generation: 803 92.2196 184.5022 89.2483 3.7282
Generation: 804 92.0524 184.3353 90.3635 2.4925
Generation: 805 92.2346 184.5172 89.5667 3.8748
Generation: 806 92.0284 184.3110 89.4108 3.9535
Generation: 807 92.1733 184.4532 90.4159 2.9338
Generation: 808 92.0974 184.3803 90.3658 2.3944
Generation: 809 92.2183 184.4982 89.8021 3.0334
Generation: 810 92.0386 184.3236 90.5205 2.0998
Generation: 811 92.1195 184.4019 89.9557 3.1390
Generation: 812 92.0704 184.3540 90.1053 2.6097
Generation: 813 92.1896 184.4722 90.1943 2.3756
Generation: 814 92.0458 184.3313 89.9644 3.0795
Generation: 815 92.1756 184.4604 89.6027 4.0981
Generation: 816 92.2333 184.5132 90.2812 2.3492
Generation: 817 92.0253 184.3114 90.6507 1.7480
Generation: 818 92.0584 184.3410 90.3639 2.1685
Generation: 819 92.2046 184.4872 90.0848 3.4297
Generation: 820 92.2033 184.4832 90.1274 2.9238
Generation: 821 92.2346 184.5172 90.0785 3.3910
Generation: 822 92.0608 184.3490 89.7206 3.1178
Generation: 823 92.1739 184.4503 90.2343 2.7497
Generation: 824 91.9534 184.2360 89.8190 3.8836
Generation: 825 92.0134 184.2960 89.7801 3.9608
Generation: 826 92.0445 184.3269 90.3249 2.5679
Generation: 827 92.1896 184.4745 90.5853 2.0560
Generation: 828 92.2196 184.5022 90.7142 1.7353
Generation: 829 91.9984 184.2810 90.6283 2.4317
Generation: 830 92.0597 184.3454 90.0248 3.0941
Generation: 831 92.2183 184.4982 90.3813 2.7825
Generation: 832 92.0846 184.3695 90.2550 2.8493
Generation: 833 92.2033 184.4832 90.5550 2.4147
Generation: 834 92.0447 184.3304 90.3733 2.0894
Generation: 835 92.1596 184.4445 90.0658 3.7432
Generation: 836 92.2046 184.4872 90.6324 2.0008
Generation: 837 92.2807 184.5631 90.3641 2.8622
Generation: 838 92.0434 184.3260 90.6486 2.0224
Generation: 839 92.0696 184.3545 90.5503 3.3399
Generation: 840 92.2333 184.5132 90.6438 1.6438
Generation: 841 92.2606 184.5675 90.5246 2.0317
Generation: 842 92.0434 184.3260 89.9201 3.3284
Generation: 843 92.0908 184.3763 90.5907 2.6130
Generation: 844 92.2794 184.5591 90.9214 1.3734
Generation: 845 92.2033 184.4832 90.7625 1.5916
Generation: 846 92.1583 184.4382 90.7669 1.7501
Generation: 847 92.0986 184.3836 90.7483 1.6562
Generation: 848 92.1596 184.4445 90.5633 2.5472
Generation: 849 92.2646 184.5472 90.5503 2.1350
Generation: 850 92.3094 184.5891 90.6581 1.7942
Generation: 851 92.2357 184.5181 90.9637 1.4595
Generation: 852 92.1446 184.4295 90.9703 1.4008
Generation: 853 92.1489 184.4363 91.0388 1.3345
Generation: 854 92.2046 184.4895 90.6773 2.0270
Generation: 855 92.1606 184.4454 90.8213 2.4374
Generation: 856 92.1596 184.4445 90.8571 1.7059
Generation: 857 92.0897 184.3754 90.7613 1.9413
Generation: 858 92.0829 184.3640 90.4851 2.6323
Generation: 859 92.2346 184.5172 90.8252 1.7787
Generation: 860 92.2056 184.4904 90.8369 2.6234
Generation: 861 92.2496 184.5322 90.7629 2.4955
Generation: 862 92.2357 184.5181 90.4910 2.8457
Generation: 863 92.2507 184.5331 91.0286 1.1349
Generation: 864 92.2033 184.4832 90.6636 2.4593
Generation: 865 92.2807 184.5631 90.9180 1.8096
Generation: 866 92.0806 184.3686 90.6484 2.0379
Generation: 867 92.1339 184.4213 90.5291 2.3640
Generation: 868 92.0597 184.3454 90.5734 3.0643
Generation: 869 92.2496 184.5322 90.9986 1.3993
Generation: 870 92.2496 184.5322 90.3140 2.9455
Generation: 871 92.2646 184.5472 90.6351 2.1511
Generation: 872 92.2646 184.5472 90.4564 2.3148
Generation: 873 92.0739 184.3613 90.3745 2.7648
Generation: 874 92.2496 184.5322 90.6228 2.1373
Generation: 875 92.2297 184.5285 90.5246 2.2886
Generation: 876 92.1296 184.4145 90.7158 1.9965
Generation: 877 92.2796 184.5645 91.1828 0.9056
Generation: 878 92.0447 184.3304 90.8036 1.6492
Generation: 879 92.0758 184.3640 91.1250 1.3340
Generation: 880 92.2346 184.5172 91.0031 1.5363
Generation: 881 92.1746 184.4595 90.8831 1.3848
Generation: 882 92.2183 184.4982 91.0023 1.2312
Generation: 883 92.1746 184.4595 91.0374 1.2985
Generation: 884 92.1746 184.4595 90.7832 1.8352
Generation: 885 92.0758 184.3613 91.0187 1.2403
Generation: 886 92.2646 184.5472 90.9896 1.4430
Generation: 887 92.1948 184.4821 90.9129 1.7366
Generation: 888 92.2957 184.5781 90.8072 1.7514
Generation: 889 92.2957 184.5781 91.0497 1.2242
Generation: 890 92.2796 184.5645 90.9739 1.3016
Generation: 891 92.1453 184.4258 90.6556 2.3735
Generation: 892 92.1446 184.4295 90.8079 1.5906
Generation: 893 92.2656 184.5504 90.8783 1.3852
Generation: 894 92.2796 184.5645 90.7775 2.1163
Generation: 895 92.2496 184.5322 90.9897 1.5100
Generation: 896 92.0985 184.3813 90.8248 2.3798
Generation: 897 92.2646 184.5472 90.9008 2.0393
Generation: 898 92.1896 184.4745 90.7915 2.3591
Generation: 899 92.2807 184.5631 90.8281 1.9026
Generation: 900 92.2196 184.5045 90.8529 1.7015
Generation: 901 92.2807 184.5631 90.7534 2.2167
Generation: 902 92.1906 184.4754 90.9521 1.6371
Generation: 903 92.2646 184.5472 90.8571 1.9091
Generation: 904 92.2196 184.5022 91.1186 1.1388
Generation: 905 92.1746 184.4572 90.6390 2.2453
Generation: 906 92.2796 184.5645 90.7452 2.0694
Generation: 907 92.1446 184.4295 90.7870 2.0867
Generation: 908 92.1435 184.4263 90.9579 1.8638
Generation: 909 92.2957 184.5781 91.1617 1.1234
Generation: 910 92.2496 184.5322 90.9904 1.8238
Generation: 911 92.1789 184.4663 90.7874 2.6968
Generation: 912 92.2206 184.5054 90.9266 1.9071
Generation: 913 92.1446 184.4295 90.8104 1.8428
Generation: 914 92.2807 184.5631 90.8204 2.0239
Generation: 915 92.2346 184.5172 90.8915 1.6531
Generation: 916 92.2346 184.5172 90.7436 2.5288
Generation: 917 92.1596 184.4445 91.0637 1.0660
Generation: 918 92.2046 184.4895 90.9847 1.3127
Generation: 919 92.2496 184.5322 90.8870 1.4642
Generation: 920 92.2346 184.5195 91.1628 1.3876
Generation: 921 92.2656 184.5504 91.0351 1.7069
Generation: 922 92.2346 184.5172 90.9835 1.4588
Generation: 923 92.2807 184.5631 91.1820 0.9659
Generation: 924 92.2356 184.5204 90.9505 1.7849
Generation: 925 92.2807 184.5631 91.0441 1.4474
Generation: 926 92.2346 184.5172 91.0193 1.3545
Generation: 927 92.2356 184.5204 91.1116 1.2825
Generation: 928 92.0908 184.3763 90.9696 1.4300
Generation: 929 92.0758 184.3613 91.0427 1.6361
Generation: 930 92.2046 184.4895 91.0315 1.4247
Generation: 931 92.2807 184.5631 91.0974 1.0931
Generation: 932 92.2166 184.5078 90.8353 2.2046
Generation: 933 92.2506 184.5354 90.8398 1.5733
Generation: 934 92.2357 184.5181 90.9409 1.7383
Generation: 935 92.1896 184.4722 91.0778 1.1943
Generation: 936 92.2507 184.5331 91.0444 1.2583
Generation: 937 92.2657 184.5481 91.0224 1.2538
Generation: 938 92.2807 184.5631 90.8901 1.3159
Generation: 939 92.2356 184.5204 91.2120 0.9653
Generation: 940 92.2346 184.5172 91.2194 0.8090
Generation: 941 92.2807 184.5631 90.9890 1.2741
Generation: 942 92.1435 184.4263 90.8154 2.0959
Generation: 943 92.2046 184.4872 90.9301 1.3685
Generation: 944 92.2046 184.4895 90.4492 2.4621
Generation: 945 92.2807 184.5631 90.4104 2.0966
Generation: 946 92.1596 184.4445 90.6575 1.8227
Generation: 947 92.1648 184.4521 90.9617 1.2911
Generation: 948 92.2657 184.5481 90.8828 1.7489
Generation: 949 92.2356 184.5204 90.8798 2.2747
Generation: 950 92.2807 184.5631 90.5411 2.0053
Generation: 951 92.2356 184.5204 90.9446 1.3310
Generation: 952 92.1896 184.4745 90.8278 1.6181
Generation: 953 92.2346 184.5172 90.9446 1.2762
Generation: 954 92.2946 184.5772 90.6969 2.2616
Generation: 955 92.2046 184.4895 90.7185 1.7118
Generation: 956 92.2807 184.5631 91.0260 1.3660
Generation: 957 92.2807 184.5631 90.9510 1.5862
Generation: 958 92.2206 184.5054 91.1777 1.0517
Generation: 959 92.2956 184.5804 90.9121 1.6663
Generation: 960 92.0747 184.3631 90.8457 1.5102
Generation: 961 92.2656 184.5504 90.7065 1.6233
Generation: 962 92.2346 184.5172 90.2964 2.6426
Generation: 963 92.3683 184.6482 90.9808 1.5726
Generation: 964 92.3683 184.6482 91.0172 1.6607
Generation: 965 92.2807 184.5631 91.2101 0.8909
Generation: 966 92.2807 184.5631 90.9345 1.4409
Generation: 967 92.2356 184.5204 91.1848 1.1584
Generation: 968 92.2807 184.5631 90.7876 1.8419
Generation: 969 92.2356 184.5204 90.9311 1.4904
Generation: 970 92.2807 184.5631 91.0800 1.1223
Generation: 971 92.2807 184.5631 91.1353 1.4022
Generation: 972 92.2346 184.5172 90.9103 1.6680
Generation: 973 92.2356 184.5204 90.9361 1.8135
Generation: 974 92.2807 184.5631 91.1849 1.1292
Generation: 975 92.2807 184.5631 91.1294 1.1838
Generation: 976 92.2356 184.5204 91.1045 1.4558
Generation: 977 92.2356 184.5204 91.2428 1.2315
Generation: 978 92.2657 184.5481 91.3716 1.0690
Generation: 979 92.2206 184.5054 91.3100 0.8822
Generation: 980 92.2356 184.5204 91.1959 1.2526
Generation: 981 92.2356 184.5204 91.1123 1.2510
Generation: 982 92.2807 184.5631 91.1750 1.1902
Generation: 983 92.2507 184.5331 90.9863 1.9917
Generation: 984 92.2807 184.5631 91.1966 1.6533
Generation: 985 92.2496 184.5345 91.1298 1.1786
Generation: 986 92.2807 184.5631 91.3198 1.0340
Generation: 987 92.2807 184.5631 91.1815 1.0526
Generation: 988 92.2807 184.5631 91.0230 1.2946
Generation: 989 92.2807 184.5631 91.3638 1.0885
Generation: 990 92.2807 184.5631 91.3463 0.9064
Generation: 991 92.2807 184.5631 91.3377 1.0041
Generation: 992 92.2807 184.5631 91.2969 0.9144
Generation: 993 92.2807 184.5631 91.3249 0.9744
Generation: 994 92.2807 184.5631 91.1765 1.2044
Generation: 995 92.2807 184.5631 91.1964 1.0148
Generation: 996 92.2507 184.5331 91.3875 0.5941
Generation: 997 92.2196 184.5022 91.3504 0.8129
Generation: 998 92.2807 184.5631 91.1177 1.4923
Generation: 999 92.2196 184.5045 90.9604 1.4231
