4.213444109972743212e-01
-1.065711847499230647e+00
-8.522880615491794654e-01
-7.458267949488001092e-01
2.558997470942877328e+00
-1.551075186400663775e+00
1.070692732857767782e+00
1.483752495928700288e+00
-2.740303213716507980e+00
1.220607572150549158e+00
-1.795125312091033098e+00
1.920424884631411588e+00
-1.725821129723131175e+00
4.867437613984599842e-01
-2.304511171164327910e-01
-4.791657244332117038e-01
6.737639427681191284e-02
-6.413199973847156787e-01
8.571973110784856242e-01
-5.476028484285724307e-01
-1.047486826945660976e+00
4.718557536205860714e-01
-1.175298106998850622e+00
1.843554422951087401e+00
-5.656428536310363908e-01
1.079756223452791541e+00
-1.133865368669313839e-01
-2.518110789564836693e+00
2.150488454027799534e+00
1.697171589043804163e+00
1.561579798938004693e+00
-8.211308552588418574e-02
-1.107561280019260658e-01
-1.856429528529515371e+00
-1.148009295212770287e+00
2.163055464260053851e-01
-3.717820888794003131e-02
3.409454967622502775e-01
1.743876891917015559e+00
6.108858191421734363e-01
-2.220181584469573810e-01
2.266991740406059552e+00
4.441543767718915681e-01
1.182723560850832134e-01
-6.354104380668652574e-01
1.648102050635902593e-01
2.097805825401266588e+00
-5.066451071025962483e-01
3.094730880884659641e+00
-4.851224143485143026e-02
2.831486901684782120e-01
-1.287082696648335300e+00
-1.140547731554393929e+00
7.997354159572378496e-01
4.017473464954151030e-01
-4.394973339114961741e-02
1.172788072650234437e+00
4.448531954598243798e-01
-1.179330974959194034e+00
-7.439389835113641158e-01
1.055914402771160332e-01
-2.136269437451888464e+00
-3.062658562157081765e-01
8.446653977412825753e-01
8.781191116963721344e-01
-1.153039800932207593e+00
5.629691684493028092e-02
-1.743237380390012081e+00
-6.667855003431156780e-01
-9.188385060858781372e-01
-2.389783556720865842e-01
5.826290423265066964e-01
1.857454958464973549e+00
1.673070027500312973e+00
2.434982878511206206e+00
1.835512021937246163e-01
7.432134938721642881e-01
3.602234638556151558e-01
-2.209638825929316042e+00
3.941493922664282001e-01
9.076393840965797377e-01
1.213784267384328874e+00
-1.457651635571300952e-01
-2.954721242697007644e-01
-1.221706693763784379e+00
2.274298279365820630e+00
-4.228136628051754053e-01
1.100599786889884663e-01
1.353825492653041085e+00
5.193179488677788225e-01
5.736177182647017592e-01
-1.786212721243265245e+00
7.684200886629637128e-02
-2.464076763980206641e-01
1.706439550860398668e+00
-1.591899046521250138e-01
1.942886736846287654e-01
-8.296573032032489303e-01
-1.281399813438300450e+00
-9.844358784636436654e-01
-6.220123212722810102e-01
1.957238823638646208e-01
2.026446525527949127e+00
3.762572013447789132e-01
5.894093985135558100e-02
7.734744872097900625e-01
-2.095015340102279300e+00
-8.147376966658885777e-01
1.086315696536556574e+00
8.608843552287853695e-02
-4.573699169698020039e-01
3.015492626451327318e+00
1.423410101455669263e+00
-1.114567557880208337e+00
9.715995773026910864e-01
-1.270706303529491876e+00
3.099347333649234981e-01
2.360633572942982816e-01
8.356450954891088134e-01
-1.382211239950685844e+00
9.873565806597175420e-01
2.236790681253800983e+00
-8.205796553116910808e-01
1.539842622753962553e+00
-2.129053834383562160e-01
-2.001039274971752047e+00
-1.318581874121558029e+00
-5.277188043096199266e-01
3.243258020001407171e-01
-1.539674107817169180e+00
2.421277442245514666e-02
-1.091773513188654121e+00
5.652124207558285596e-01
-5.272577202889158210e-01
-8.159176965571230955e-01
1.041811903319531885e+00
-1.185466609835088780e+00
-6.451197023316479484e-01
-1.680995637491494998e-01
-4.235337048740594468e-01
8.685747678535035154e-01
-9.925491740144573027e-01
-6.926795272611637744e-01
-1.300831296457081843e+00
-8.147290863737336464e-01
1.618051686791741828e+00
-2.043813935518946356e-01
-6.784626757557611354e-01
5.934936734065822117e-01
1.605955296951675493e+00
6.912394763692077948e-01
-1.277789583384119521e+00
-7.038640767656474395e-01
1.618048388120884251e+00
4.671761589264212255e-01
-1.373173051042045345e-01
1.264855254955603137e+00
2.611455489609459502e+00
-8.800932186531974510e-01
-2.335376615112556287e-01
5.743698989537340815e-02
-4.331078005249815455e-01
-2.840509563672002802e+00
9.634875762818193579e-01
-4.610639595873898822e-01
7.013761024556856016e-01
-1.588193627665041685e+00
8.717228059090718073e-01
-1.183821532826848655e+00
-1.574161785595384222e+00
-1.530843162628414467e+00
2.141057091720646177e+00
-1.506903695771485141e-01
5.818862235069879318e-01
-1.800164225668421158e+00
1.176096186966069101e+00
3.152808161604666592e-01
-1.716774236773002782e+00
8.798146864309086546e-02
-1.151278902152311545e+00
6.326006934550533201e-01
-1.868761912283480209e+00
-1.977632973676260175e-01
4.482709339467375598e-01
-1.776841945786125643e-01
1.238962928106706496e+00
-3.051500973263993610e-01
-2.402386929301451313e-01
-4.338830345414458611e-02
-6.849504885744434057e-01
-2.953963800343078372e+00
-2.875382956447624094e-01
-1.483127684948011948e+00
-7.883010451445698896e-01
1.102743610653625472e+00
-5.143678163613709664e-01
-1.768639937318751576e+00
9.075558266390076900e-01
2.706717969496672538e-01
-5.921563806650316231e-01
-1.106617565334787612e+00
-1.119962985429488578e+00
-6.946611556208710792e-02
5.403110313042253088e-01
-2.211205693689144436e+00
-2.404425981726155126e-01
-2.043540550834394232e+00
9.059264946160070497e-01
-5.982652349065671338e-01
-2.271748177119452095e+00
8.569583241890526004e-01
-2.170281672112083893e+00
-2.029651693474757490e+00
-2.849194009023248153e-01
1.417768754962776878e+00
-1.098739626089692889e+00
-1.794659277187838464e+00
1.062377906430954644e+00
5.529022039146112011e-01
-1.289017295621726733e+00
-1.372932336045631585e+00
9.389261572027596259e-01
1.406749647689962801e+00
6.203714254667531680e-01
1.133831200174783227e+00
-6.382537327483303047e-01
-4.515982178692740101e-01
1.087255161430070061e+00
-3.415141566112418481e-01
-3.839276660486057313e-01
-2.081873359405906676e+00
5.419784949099324400e-01
2.708418270064342215e-01
5.120659924019328457e-01
-2.403550060430525159e-01
-1.634244401254612677e+00
-1.135831966059825060e+00
2.717831533841873703e+00
5.257588451785805139e-01
7.625349139309464119e-01
-7.075644145592701051e-01
1.264891988826511326e+00
1.521043669993667469e-01
2.144930171107206629e+00
1.674483287819705346e+00
-1.226253188905566338e+00
-2.864058254406059323e+00
1.731841521799898587e+00
3.136250508369070600e-01
1.825621769520773263e+00
5.801086785524244283e-01
-2.346529611260455006e+00
9.760839387183432025e-01
4.809711347305182239e-01
2.792449792280977672e-01
-1.073963557715481798e+00
2.903467660480859358e+00
3.126037832719657517e-01
-3.949449415627382942e-01
8.369445885036473909e-01
-6.164548482238150218e-01
-2.984353399613596247e-01
1.364744847104022440e+00
9.301394356865566593e-01
-1.488948465173043356e+00
