Generation: 0 45.8183 82.8989 4.4625 15.2254
Generation: 1 49.9925 104.7588 11.5446 17.3591
Generation: 2 55.8488 133.0831 21.7653 17.7037
Generation: 3 55.4531 132.7998 29.9473 13.7752
Generation: 4 56.7508 133.8873 31.4246 14.9148
Generation: 5 52.5732 125.1207 34.2695 13.4733
Generation: 6 51.4943 106.1776 36.9777 12.8742
Generation: 7 58.7204 135.6319 34.8949 17.3037
Generation: 8 50.0099 82.8119 40.5909 10.9359
Generation: 9 57.3576 111.5022 42.1067 9.3324
Generation: 10 54.8681 132.2327 43.0914 8.8520
Generation: 11 56.4790 115.6019 43.3047 6.2910
Generation: 12 54.7133 132.0371 43.4579 7.4180
Generation: 13 51.7740 129.3301 43.0553 9.4660
Generation: 14 61.0172 137.7224 40.6402 12.4490
Generation: 15 60.4868 114.3043 40.4639 12.7168
Generation: 16 54.6749 132.0084 43.1447 7.3655
Generation: 17 51.9714 129.5306 39.9207 11.9289
Generation: 18 59.3661 136.2905 43.1505 6.9504
Generation: 19 59.1747 136.0916 39.9642 13.0301
Generation: 20 59.6429 136.4368 41.2521 11.4896
Generation: 21 50.9400 128.6004 40.1483 12.8877
Generation: 22 61.0448 137.7501 38.0476 15.0898
Generation: 23 58.1691 135.1755 40.9491 11.1700
Generation: 24 58.3627 135.3815 42.7339 8.5233
Generation: 25 61.3054 138.0039 43.0230 9.9547
Generation: 26 65.4534 141.7106 43.7969 8.0515
Generation: 27 61.4172 138.1152 40.6505 11.4232
Generation: 28 60.1950 136.9911 41.2423 11.6751
Generation: 29 63.8986 140.3898 43.1763 10.2369
Generation: 30 65.1486 141.5105 42.9349 9.2834
Generation: 31 61.4503 138.1501 42.8987 10.1822
Generation: 32 63.3571 139.8435 42.7258 8.7659
Generation: 33 57.5464 146.5722 43.3865 7.8560
Generation: 34 62.7461 179.3231 43.4518 11.0487
Generation: 35 62.3069 138.8983 45.5022 8.2537
Generation: 36 65.7917 142.0641 43.7257 8.6666
Generation: 37 62.0465 138.6302 43.6151 9.8944
Generation: 38 64.5861 140.9652 44.8587 8.6049
Generation: 39 62.1346 138.7203 45.6029 8.5691
Generation: 40 66.2703 142.5465 44.8943 10.0274
Generation: 41 64.6421 141.0233 45.8473 8.2913
Generation: 42 61.2677 177.9572 47.1661 9.1589
Generation: 43 62.9478 139.5520 45.8778 10.8850
Generation: 44 63.5387 140.0268 46.7128 10.1300
Generation: 45 63.9112 140.4059 48.4099 6.9407
Generation: 46 67.4232 143.5831 47.2799 9.6803
Generation: 47 62.8203 151.4068 47.5813 10.5848
Generation: 48 67.4112 143.5707 49.8680 10.0859
Generation: 49 68.2987 144.3523 49.4795 8.7836
Generation: 50 63.1980 151.6712 49.7019 9.2870
Generation: 51 71.8351 159.5590 48.6656 10.1035
Generation: 52 67.1448 143.3017 46.4401 13.6893
Generation: 53 72.8222 148.4241 50.2133 11.5282
Generation: 54 67.2489 143.4152 51.0435 10.3985
Generation: 55 67.2024 143.3667 51.1309 8.2693
Generation: 56 60.7985 149.4992 49.6471 11.9372
Generation: 57 63.1461 151.6321 51.1832 9.5652
Generation: 58 63.6251 152.1002 51.2737 7.9546
Generation: 59 62.0764 150.6577 51.6516 8.3851
Generation: 60 60.9261 149.6168 50.8350 7.9858
Generation: 61 62.0270 150.6087 51.1501 11.1345
Generation: 62 68.3818 144.4345 50.9381 13.1304
Generation: 63 63.1440 151.6172 51.8995 7.4241
Generation: 64 68.3768 144.4302 50.9869 8.9556
Generation: 65 60.9483 149.6398 52.4645 7.5728
Generation: 66 68.0756 144.1155 52.0346 8.8373
Generation: 67 62.0285 150.6102 51.7691 8.9542
Generation: 68 65.7239 181.9975 52.0806 9.7849
Generation: 69 67.4754 143.6381 51.1236 11.9954
Generation: 70 60.9344 149.6248 52.9019 8.0144
Generation: 71 60.9019 149.5923 52.2660 8.6937
Generation: 72 63.1552 151.6291 52.1304 9.5004
Generation: 73 62.0410 150.6242 54.2139 9.7711
Generation: 74 62.1082 150.6912 54.9930 5.7903
Generation: 75 61.0254 149.7168 53.8565 6.5802
Generation: 76 67.2779 143.4413 54.1930 6.9229
Generation: 77 70.5739 146.3898 54.1848 6.6784
Generation: 78 62.0620 150.6452 54.0412 7.3325
Generation: 79 65.1056 141.4903 52.7124 7.2432
Generation: 80 60.9303 149.6203 54.9634 7.1756
Generation: 81 63.1894 151.6627 54.8031 6.9580
Generation: 82 68.5736 144.6082 54.0378 8.2439
Generation: 83 62.0743 150.6557 54.9591 7.2192
Generation: 84 63.1436 151.6182 55.0587 6.7573
Generation: 85 63.6687 152.1530 55.2577 6.4436
Generation: 86 63.1220 151.5952 55.6334 6.7576
Generation: 87 62.5575 151.1407 54.9159 6.5970
Generation: 88 64.0884 152.5790 54.8308 6.8085
Generation: 89 64.1541 152.6446 54.4423 7.1120
Generation: 90 62.5177 179.0932 56.1833 5.5762
Generation: 91 69.4726 145.4021 53.8941 7.4065
Generation: 92 63.2022 151.6781 54.3670 6.8977
Generation: 93 62.0640 150.6452 55.4449 5.4364
Generation: 94 63.1899 151.6647 53.2501 7.0533
Generation: 95 60.9495 149.6388 54.4458 7.2863
Generation: 96 69.4770 145.4082 54.2801 6.6623
Generation: 97 62.0504 150.6332 55.4241 6.4498
Generation: 98 63.2038 151.6792 54.3038 6.8740
Generation: 99 63.2635 151.7523 54.6836 6.8161
Generation: 100 63.9124 152.4013 55.3517 6.7175
Generation: 101 63.7154 152.1932 54.2557 6.7550
Generation: 102 67.3210 143.4823 55.7744 6.3290
Generation: 103 63.9845 152.4772 54.4139 6.5788
Generation: 104 69.5806 145.5273 54.4578 6.3673
Generation: 105 63.9955 152.4843 54.0477 6.5023
Generation: 106 64.1020 152.5833 55.5487 6.1739
Generation: 107 60.9216 149.6113 56.0054 6.2312
Generation: 108 69.4846 145.4102 54.5408 6.5668
Generation: 109 60.9257 149.6163 54.4153 6.0837
Generation: 110 66.2720 154.5509 54.8842 5.8919
Generation: 111 63.9000 152.3893 54.4899 7.7985
Generation: 112 62.2912 178.8841 55.3075 6.9023
Generation: 113 63.1881 151.6632 55.6521 5.7960
Generation: 114 62.0633 150.6520 55.2979 5.9319
Generation: 115 60.9011 149.5918 55.8463 5.9491
Generation: 116 64.4320 152.8042 56.2669 5.6511
Generation: 117 66.8774 143.0206 54.3565 5.9713
Generation: 118 61.3425 150.0338 55.6497 6.9957
Generation: 119 62.9609 151.5585 56.3861 6.1467
Generation: 120 61.3204 150.0109 55.1964 6.5947
Generation: 121 67.3521 155.5214 56.0342 5.8233
Generation: 122 71.7047 147.4097 56.6295 6.3338
Generation: 123 70.5904 146.4170 56.3680 6.1984
Generation: 124 62.4770 151.0602 54.5838 6.3558
Generation: 125 63.6368 152.1127 55.8985 5.6070
Generation: 126 63.5904 152.0751 56.0017 5.9215
Generation: 127 63.1968 151.6722 55.8694 5.9975
Generation: 128 63.6150 152.0907 55.9127 5.9041
Generation: 129 63.7455 152.2212 57.1947 5.5024
Generation: 130 64.3527 152.7201 56.2439 5.7122
Generation: 131 63.6525 152.1282 55.9924 6.4797
Generation: 132 63.1883 151.6637 56.4682 5.7596
Generation: 133 62.0730 150.6542 56.3694 6.7506
Generation: 134 63.1609 151.6357 56.3704 6.3516
Generation: 135 63.1919 151.6687 55.7686 6.3796
Generation: 136 60.9082 149.5988 55.7108 6.6099
Generation: 137 63.1958 151.6712 56.8228 5.9023
Generation: 138 63.1968 151.6722 56.4789 6.1364
Generation: 139 64.0616 152.5504 56.1970 6.0355
Generation: 140 62.0796 150.6617 55.6432 6.0647
Generation: 141 63.1978 151.6727 56.5987 6.0736
Generation: 142 62.1989 150.7883 58.0145 5.2414
Generation: 143 69.4796 145.4205 57.5224 5.9900
Generation: 144 69.6818 145.6101 56.1655 6.8426
Generation: 145 63.6959 152.1819 56.4814 7.0780
Generation: 146 62.0503 150.6332 55.9130 7.2164
Generation: 147 62.0934 150.6772 55.1309 6.0155
Generation: 148 62.1121 150.6962 56.6879 6.1947
Generation: 149 62.1271 150.7112 56.7622 6.3084
Generation: 150 64.0770 152.5668 56.0754 6.1170
Generation: 151 63.1808 151.6557 56.3999 6.2815
Generation: 152 61.0104 149.7023 57.9044 5.3337
Generation: 153 63.2601 151.7361 57.3120 5.7021
Generation: 154 64.0194 152.5003 58.0895 5.1753
Generation: 155 62.1092 150.6942 58.8384 5.2221
Generation: 156 63.5858 152.0627 56.6550 6.1375
Generation: 157 63.1963 151.6717 59.1174 5.3053
Generation: 158 68.4808 144.5354 57.3279 5.9390
Generation: 159 70.8265 146.6551 58.0688 5.6422
Generation: 160 63.2071 151.6831 57.5440 6.4681
Generation: 161 63.2118 151.6872 58.6932 5.0566
Generation: 162 60.9621 149.6528 57.9665 6.1027
Generation: 163 62.1338 150.7182 57.1349 5.9703
Generation: 164 62.0538 150.6372 56.2301 8.3062
Generation: 165 63.2391 151.7151 57.7448 5.3450
Generation: 166 63.2691 151.7456 58.0935 5.7902
Generation: 167 70.5523 146.3702 58.3126 4.9415
Generation: 168 63.6340 152.1107 57.2704 6.8651
Generation: 169 68.4611 144.5187 57.9696 5.9416
Generation: 170 63.2680 151.7446 56.7187 7.6583
Generation: 171 71.5747 147.2808 57.0978 6.7491
Generation: 172 63.2415 151.7177 57.5019 5.5504
Generation: 173 63.6685 152.1456 57.1770 5.4651
Generation: 174 62.2469 150.8373 58.1118 5.5359
Generation: 175 70.4730 146.2862 57.4545 6.5841
Generation: 176 62.3463 150.9354 57.1894 5.9832
Generation: 177 63.2094 151.6857 58.5221 6.2710
Generation: 178 68.5219 144.5752 58.3669 5.8146
Generation: 179 68.4775 144.5281 58.1245 6.2941
Generation: 180 69.5043 145.4402 57.6691 6.5521
Generation: 181 68.5808 144.6332 56.5594 7.1979
Generation: 182 69.5235 145.4613 56.1505 6.1896
Generation: 183 68.4249 144.4792 57.3938 5.3561
Generation: 184 67.1410 143.2963 56.8540 5.0081
Generation: 185 61.4455 150.1393 57.5417 5.0796
Generation: 186 71.2413 146.9383 58.0330 4.9414
Generation: 187 67.4868 143.6547 57.3175 5.7061
Generation: 188 68.5252 144.5776 56.8637 5.3976
Generation: 189 68.4169 144.4653 57.8190 5.5179
Generation: 190 70.6046 146.4218 57.7819 5.7584
Generation: 191 63.6758 152.1536 57.1891 6.0416
Generation: 192 68.4693 144.5227 57.5977 6.2720
Generation: 193 70.5401 146.3488 58.0330 6.1914
Generation: 194 68.4594 144.5128 58.1042 5.5512
Generation: 195 68.5134 144.5665 56.6600 6.3483
Generation: 196 62.4269 151.0173 56.0410 7.8682
Generation: 197 70.0901 145.9043 57.4688 7.3539
Generation: 198 63.6790 152.1557 56.8088 7.2838
Generation: 199 63.9736 152.4646 57.9820 5.5133
Generation: 200 63.2771 151.7536 56.5191 8.6218
Generation: 201 63.2897 151.7671 58.1017 4.7978
Generation: 202 62.3918 150.9804 56.6723 6.3440
Generation: 203 69.2301 185.1555 57.2304 6.5911
Generation: 204 64.0382 152.5198 55.9707 6.9676
Generation: 205 63.6222 152.0992 57.3575 6.4450
Generation: 206 63.2651 151.7426 56.2341 7.8732
Generation: 207 63.5347 152.1331 56.5483 6.1731
Generation: 208 63.2251 151.8197 56.9699 8.3507
Generation: 209 63.5956 152.0851 57.5451 7.3124
Generation: 210 62.4557 151.0541 57.9767 8.0907
Generation: 211 68.5300 144.5824 55.8753 9.1326
Generation: 212 63.6997 152.1762 57.8583 9.0466
Generation: 213 63.6886 152.1652 57.5223 5.3417
Generation: 214 62.9628 151.5531 58.0040 5.5768
Generation: 215 62.9802 151.5788 57.1218 5.9716
Generation: 216 65.0591 153.4408 57.0892 6.7772
Generation: 217 64.7631 153.1312 56.8892 5.9854
Generation: 218 69.7297 157.6756 57.8069 5.9156
Generation: 219 62.2364 150.8335 58.3936 5.5346
Generation: 220 63.0457 151.6363 57.5344 5.5333
Generation: 221 69.3717 145.3060 58.2908 5.3515
Generation: 222 65.9191 154.1795 57.9470 6.2237
Generation: 223 63.5199 151.9946 59.1106 5.7209
Generation: 224 62.9982 151.5972 58.2524 5.4076
Generation: 225 62.9026 151.5000 57.8597 6.4779
Generation: 226 63.3144 151.7906 56.7925 6.5135
Generation: 227 69.4726 157.4185 58.0487 6.0945
Generation: 228 68.4900 144.5424 57.3003 6.1421
Generation: 229 63.6805 152.1572 57.5869 6.4571
Generation: 230 66.8871 170.9938 58.5655 5.4423
Generation: 231 64.1226 152.5998 58.7693 5.8815
Generation: 232 69.3235 157.2613 58.1963 6.1346
Generation: 233 62.5133 151.1073 57.6373 5.3778
Generation: 234 69.6099 157.5531 58.0156 5.6818
Generation: 235 68.4014 144.4528 57.1818 6.4515
Generation: 236 62.5574 151.1438 57.9243 5.4371
Generation: 237 68.5215 156.5762 57.5244 6.0349
Generation: 238 63.6201 152.0961 59.1279 5.4936
Generation: 239 63.4386 151.9193 59.4536 4.7151
Generation: 240 69.6425 145.5811 58.2341 5.0366
Generation: 241 67.4073 155.5771 56.9418 6.9489
Generation: 242 62.8464 151.4452 57.7579 6.3286
Generation: 243 62.9305 151.5199 57.8531 6.7036
Generation: 244 63.1554 151.6317 58.7973 5.2933
Generation: 245 63.4511 151.9318 58.0597 6.1876
Generation: 246 64.1131 152.5902 57.7526 5.8017
Generation: 247 63.5572 152.0317 57.4025 6.8651
Generation: 248 64.2298 152.7041 57.8941 6.7856
Generation: 249 69.7326 157.6841 58.4831 5.4860
Generation: 250 66.3921 154.6708 58.4011 5.4312
Generation: 251 64.1243 152.6140 57.8660 5.7605
Generation: 252 69.4771 157.4168 57.3799 6.0663
Generation: 253 63.7176 152.1942 59.3315 5.2071
Generation: 254 67.3526 155.5234 57.6261 5.7369
Generation: 255 63.6743 152.1522 59.8715 5.9683
Generation: 256 63.6083 152.0846 56.9640 6.2570
Generation: 257 63.9066 152.3982 59.3408 4.9963
Generation: 258 64.1405 152.6310 58.6236 4.9197
Generation: 259 63.6003 152.0772 58.7833 4.8758
Generation: 260 63.6635 152.1417 59.4999 5.2788
Generation: 261 70.5714 158.4046 59.6145 5.2096
Generation: 262 62.5500 151.1357 58.6068 5.0721
Generation: 263 63.6486 152.1252 59.0585 5.7024
Generation: 264 63.6142 152.0907 59.2815 5.5224
Generation: 265 64.1716 152.6639 59.3402 6.0837
Generation: 266 62.6255 151.2118 57.5146 5.2019
Generation: 267 66.3884 154.6662 58.3617 4.5936
Generation: 268 63.5537 152.0312 58.4131 5.5309
Generation: 269 63.0631 151.6623 59.0488 5.2821
Generation: 270 66.3942 154.6722 57.9184 5.8572
Generation: 271 64.1179 152.6086 58.7317 5.5484
Generation: 272 62.9764 151.5670 59.0516 5.7494
Generation: 273 66.3167 154.5941 57.9158 4.9589
Generation: 274 65.7170 153.9895 59.4412 5.4973
Generation: 275 67.4304 155.5982 58.5981 5.0281
Generation: 276 63.6434 152.1209 57.9192 5.6130
Generation: 277 62.9762 151.5752 58.5744 6.0359
Generation: 278 62.9288 151.5264 58.1779 4.7062
Generation: 279 70.6798 158.5101 58.6634 6.3466
Generation: 280 67.3305 155.4993 58.4645 5.5157
Generation: 281 67.3417 155.5107 58.6468 6.3792
Generation: 282 62.9337 151.5309 56.9172 7.4203
Generation: 283 72.6227 188.2242 58.3016 6.2696
Generation: 284 64.0742 152.5633 55.4344 7.1110
Generation: 285 67.4691 155.6376 58.6670 5.4549
Generation: 286 70.6846 158.5216 56.1215 6.2723
Generation: 287 64.1005 152.5921 58.5980 4.9225
Generation: 288 66.2648 154.5433 59.0636 4.0640
Generation: 289 66.1704 154.4477 58.0031 4.8517
Generation: 290 63.6635 152.1411 58.2592 5.0859
Generation: 291 67.4693 155.6380 58.0979 5.2357
Generation: 292 69.5699 157.5219 59.0565 4.9220
Generation: 293 62.8739 151.4712 58.1173 4.6292
Generation: 294 63.2407 151.7213 59.4464 4.4976
Generation: 295 67.4643 155.6330 59.2936 5.3760
Generation: 296 69.6880 157.6363 58.0688 5.6419
Generation: 297 63.6036 152.0792 57.7510 5.5572
Generation: 298 63.6883 152.1651 59.1398 5.0863
Generation: 299 69.7257 157.6786 59.9646 4.5772
Generation: 300 64.0656 152.5468 59.0197 5.5758
Generation: 301 63.5744 152.0512 58.9224 4.4791
Generation: 302 64.0655 152.5463 58.8580 5.1735
Generation: 303 63.6122 152.0882 57.8607 4.9498
Generation: 304 63.7137 152.1916 58.8610 4.5435
Generation: 305 64.0430 152.5238 59.7339 4.8376
Generation: 306 64.0994 152.5792 59.0225 5.0924
Generation: 307 64.1063 152.5882 59.7962 4.8065
Generation: 308 62.8940 151.4926 58.1970 4.9640
Generation: 309 63.6508 152.1276 59.5919 4.9211
Generation: 310 64.0619 152.5417 59.1987 4.7304
Generation: 311 64.1341 152.6264 58.6632 5.5523
Generation: 312 70.6572 158.4937 58.4326 5.5385
Generation: 313 70.7031 158.5405 59.3371 5.3939
Generation: 314 70.7599 158.5966 59.3906 5.0811
Generation: 315 67.3636 155.5319 58.5882 5.4558
Generation: 316 64.0585 152.5393 59.0227 4.8435
Generation: 317 63.5892 152.0652 59.5182 4.8506
Generation: 318 63.6953 152.1721 59.2259 4.8272
Generation: 319 66.4103 154.6895 59.6910 4.7076
Generation: 320 62.8536 151.4523 58.5405 4.8120
Generation: 321 70.7301 158.5670 59.3017 4.8927
Generation: 322 64.0264 152.5062 59.2049 4.9476
Generation: 323 63.9795 152.4683 59.9530 4.4822
Generation: 324 64.0209 152.5018 59.8124 4.0909
Generation: 325 64.0572 152.5481 59.4616 4.7236
Generation: 326 62.4585 151.0417 59.9492 4.6663
Generation: 327 63.9865 152.4753 59.5241 4.5302
Generation: 328 62.9550 151.5537 59.5889 5.1275
Generation: 329 64.1453 152.6344 58.8153 5.6401
Generation: 330 67.4197 155.5893 59.6019 5.7185
Generation: 331 64.0365 152.5173 59.9376 4.7865
Generation: 332 69.5815 157.5240 59.6128 4.8051
Generation: 333 70.6948 158.5321 60.7401 5.3770
Generation: 334 64.0760 152.5662 60.0616 4.6376
Generation: 335 64.0546 152.5446 59.8090 5.0803
Generation: 336 63.2502 151.7317 60.2556 5.0212
Generation: 337 64.0114 152.5009 59.6472 4.4494
Generation: 338 68.5953 156.6565 59.4190 4.3375
Generation: 339 63.1993 151.6871 59.3569 5.4425
Generation: 340 63.6220 152.0982 60.1626 4.1349
Generation: 341 63.5961 152.0717 59.3647 4.3943
Generation: 342 62.9247 151.5224 59.6635 4.7117
Generation: 343 62.9691 151.5687 59.7179 5.0941
Generation: 344 69.4898 157.4263 60.0042 4.1311
Generation: 345 69.6891 157.6416 59.9547 4.5987
Generation: 346 64.0930 152.5846 59.4986 5.4783
Generation: 347 66.3513 154.6292 59.8055 4.6154
Generation: 348 64.0509 152.5318 59.7831 5.7499
Generation: 349 64.0610 152.5503 59.8940 4.0621
Generation: 350 64.0851 152.5751 60.0603 4.3813
Generation: 351 63.6395 152.1166 59.8003 5.0127
Generation: 352 64.0145 152.5042 60.0765 4.0867
Generation: 353 64.5667 152.9465 59.9940 4.1314
Generation: 354 70.5284 158.3518 59.6777 4.7123
Generation: 355 62.9984 151.5977 60.2604 4.8343
Generation: 356 68.5494 156.6093 60.0415 4.2133
Generation: 357 63.6392 152.1166 59.9389 4.7422
Generation: 358 71.3567 147.0525 60.3079 4.6002
Generation: 359 64.1092 152.6006 59.5030 4.2448
Generation: 360 64.0387 152.5278 60.5228 3.7950
Generation: 361 64.0285 152.5093 59.7996 3.5985
Generation: 362 67.3513 155.5220 60.1605 4.1674
Generation: 363 64.0848 152.5762 60.6611 4.4072
Generation: 364 67.2518 155.4205 59.8876 4.6549
Generation: 365 69.5599 157.5103 60.2237 4.2550
Generation: 366 70.6051 158.4355 60.6680 3.9398
Generation: 367 71.5881 159.3085 59.6056 4.9433
Generation: 368 69.4957 157.4426 58.9191 4.2553
Generation: 369 70.7038 158.5407 60.5370 4.2496
Generation: 370 64.0658 152.5548 59.4497 4.4380
Generation: 371 68.4735 156.5342 59.2616 4.0830
Generation: 372 67.4058 155.5752 59.4017 4.3975
Generation: 373 67.4533 155.6233 60.0660 4.9374
Generation: 374 67.3504 155.5196 60.0915 4.6214
Generation: 375 68.4778 156.5388 59.8188 4.8245
Generation: 376 70.6841 158.5129 60.4042 4.5955
Generation: 377 71.6646 159.3852 60.6353 4.7241
Generation: 378 68.5633 156.6247 59.5973 3.9871
Generation: 379 70.6289 158.4662 60.2424 4.7738
Generation: 380 69.4585 157.4005 59.6673 5.1743
Generation: 381 70.8007 158.6389 59.9507 4.4358
Generation: 382 63.5702 152.0507 60.1617 4.1397
Generation: 383 69.6827 157.6348 60.2292 4.4250
Generation: 384 72.8733 160.4854 60.7079 5.0115
Generation: 385 69.7559 157.7041 59.8849 4.9731
Generation: 386 67.3115 155.4814 59.0224 5.1709
Generation: 387 71.4041 159.1141 59.0874 5.2354
Generation: 388 66.2342 154.5126 60.0065 4.7105
Generation: 389 67.5706 155.7409 59.4031 5.3179
Generation: 390 70.6363 158.4732 59.7018 5.4928
Generation: 391 63.9437 152.4351 59.8852 5.2408
Generation: 392 66.3317 154.6091 59.1886 5.4156
Generation: 393 69.5560 157.4952 60.4041 4.7381
Generation: 394 70.7798 158.6187 60.0859 5.2185
Generation: 395 71.4306 187.1363 59.8479 5.1942
Generation: 396 67.3808 155.5503 59.4575 4.8630
Generation: 397 70.8482 158.6786 59.5318 5.0833
Generation: 398 68.4697 156.5306 60.2111 4.9811
Generation: 399 67.3343 155.5043 59.9110 4.4612
Generation: 400 62.9934 151.5921 59.8923 4.6426
Generation: 401 62.9823 151.5813 59.6896 5.6419
Generation: 402 63.7000 152.1782 59.0998 5.0225
Generation: 403 63.6083 152.0852 58.6374 5.5003
Generation: 404 63.9832 152.4718 58.9074 5.4126
Generation: 405 67.6657 155.8350 60.4441 4.5667
Generation: 406 63.9612 152.4533 60.8594 5.1837
Generation: 407 63.1630 151.6438 60.1556 5.0899
Generation: 408 66.1639 154.4409 60.5526 4.6916
Generation: 409 67.3249 155.4932 59.8037 4.9336
Generation: 410 67.3695 155.5386 59.0165 4.9259
Generation: 411 63.6464 152.1241 58.9054 4.2105
Generation: 412 67.4028 155.5711 60.2427 4.7327
Generation: 413 63.6439 152.1191 59.7623 4.1890
Generation: 414 63.6728 152.1496 60.6850 3.6029
Generation: 415 63.6958 152.1737 59.9575 4.7707
Generation: 416 63.6929 152.1707 60.7213 4.7102
Generation: 417 63.9895 152.4784 60.8611 4.2113
Generation: 418 67.3839 155.5530 59.4197 4.1316
Generation: 419 64.0763 152.5582 60.7220 3.9315
Generation: 420 68.6355 156.6965 60.4867 3.9413
Generation: 421 66.3516 154.6289 60.5326 4.4114
Generation: 422 63.9653 152.4578 59.9134 4.3899
Generation: 423 67.3642 155.5343 60.7387 4.5170
Generation: 424 71.7389 159.4640 60.5331 4.3110
Generation: 425 70.3557 186.1697 59.7411 4.2437
Generation: 426 70.5407 158.3746 60.1542 4.4284
Generation: 427 69.7819 157.7341 60.1731 4.2002
Generation: 428 64.0652 152.5561 60.0247 4.2007
Generation: 429 67.5567 155.7268 59.3177 4.0357
Generation: 430 68.6458 156.7072 60.4187 3.9884
Generation: 431 69.7976 157.7495 60.1408 4.2045
Generation: 432 70.7117 158.5496 59.2152 4.2005
Generation: 433 69.4450 157.3777 60.6161 4.2832
Generation: 434 70.6867 158.5246 60.3441 4.0077
Generation: 435 69.6653 157.6129 59.9170 4.9828
Generation: 436 63.5916 152.0682 59.8767 4.1324
Generation: 437 68.5643 156.6251 60.6615 3.8314
Generation: 438 68.5384 156.5979 60.1162 4.3032
Generation: 439 62.9130 151.5025 60.0492 4.5218
Generation: 440 70.7189 158.5571 60.1261 4.1563
Generation: 441 68.6395 156.6992 60.2498 4.3594
Generation: 442 67.4125 155.5824 60.7277 4.3688
Generation: 443 69.7399 157.6923 61.1725 4.0497
Generation: 444 70.8009 158.6341 60.9368 4.1581
Generation: 445 69.5334 157.4660 60.8105 3.9207
Generation: 446 70.7235 158.5616 60.3397 4.2447
Generation: 447 67.5022 155.6714 60.6726 4.3971
Generation: 448 69.6622 157.6130 60.2324 4.2722
Generation: 449 69.6165 157.5489 60.7679 4.5818
Generation: 450 70.8049 158.6433 60.7523 4.4905
Generation: 451 70.6326 158.4676 60.4932 4.6556
Generation: 452 70.9177 158.7555 60.9916 4.5733
Generation: 453 68.6114 156.6717 61.3612 4.8406
Generation: 454 70.7175 158.5477 60.7764 5.1660
Generation: 455 71.6955 159.4202 60.2757 5.1194
Generation: 456 68.6552 156.7156 60.0227 4.2906
Generation: 457 67.3781 155.5484 60.0722 4.5135
Generation: 458 63.0550 151.6544 59.8052 4.3279
Generation: 459 70.8456 158.6826 60.4381 4.7591
Generation: 460 70.7189 158.5498 60.5656 4.9312
Generation: 461 69.5932 157.5457 59.2272 4.9589
Generation: 462 70.8819 158.7204 60.8978 4.6466
Generation: 463 69.6034 157.5548 59.7381 4.3015
Generation: 464 67.3700 155.5402 60.6295 4.4180
Generation: 465 67.4337 155.6020 60.0088 3.8937
Generation: 466 68.5324 156.5928 59.3716 4.1229
Generation: 467 72.4353 188.0215 59.9949 4.5244
Generation: 468 69.6468 157.5950 60.1971 4.0620
Generation: 469 67.3490 155.5186 60.7890 4.1811
Generation: 470 69.7737 157.7257 60.0712 4.7795
Generation: 471 68.6084 156.6681 59.5153 4.4384
Generation: 472 69.6671 157.6144 60.1112 4.1261
Generation: 473 67.5725 155.7427 59.6307 4.9447
Generation: 474 67.4369 155.6057 60.0293 4.6183
Generation: 475 69.7155 157.6680 59.8530 4.6598
Generation: 476 67.5350 155.7041 59.7333 4.8166
Generation: 477 65.7299 181.9699 59.9183 4.5829
Generation: 478 67.5049 155.6736 59.1657 4.9365
Generation: 479 67.4859 155.6555 59.5025 4.5970
Generation: 480 70.7902 158.6266 59.2922 4.7397
Generation: 481 71.3936 187.0992 60.9839 4.9038
Generation: 482 62.9944 151.5848 59.5133 5.0122
Generation: 483 70.7046 158.5418 60.3191 4.3795
Generation: 484 70.6269 158.4516 60.3674 5.1770
Generation: 485 67.4603 155.6308 59.6817 4.2493
Generation: 486 69.5039 157.4557 60.4640 4.6434
Generation: 487 67.3302 155.4987 59.3361 4.0550
Generation: 488 69.6470 157.5986 59.9536 4.2919
Generation: 489 67.3336 155.5027 60.7986 4.4927
Generation: 490 64.0347 152.5233 60.2053 5.1666
Generation: 491 69.8566 157.8091 59.4327 4.7799
Generation: 492 69.2406 185.1665 59.2648 5.6623
Generation: 493 68.4488 184.5101 59.7655 4.6292
Generation: 494 67.4517 155.6216 60.2407 4.6465
Generation: 495 68.5284 156.5890 59.9564 5.3251
Generation: 496 70.4853 158.3092 59.0692 5.2571
Generation: 497 71.8809 197.5836 59.4305 5.1768
Generation: 498 70.7688 158.5925 60.0490 4.4674
Generation: 499 63.6588 152.1367 60.0441 5.3730
Generation: 500 66.2205 154.4992 60.0796 5.0202
Generation: 501 63.0009 151.6009 59.1787 4.3222
Generation: 502 62.9846 151.5844 60.0834 4.5461
Generation: 503 69.6513 157.5995 60.1910 4.9507
Generation: 504 67.4974 155.6668 59.6411 5.2408
Generation: 505 65.9028 154.1635 59.6380 4.3444
Generation: 506 67.5362 155.7071 60.7413 4.6258
Generation: 507 69.7238 157.6764 59.3354 4.5423
Generation: 508 70.1790 185.9982 59.8421 5.6390
Generation: 509 64.1766 152.6689 60.0956 5.4999
Generation: 510 70.7176 158.5504 60.0791 4.3124
Generation: 511 70.6705 158.5020 60.4530 4.7327
Generation: 512 70.5575 158.3777 60.3148 4.9045
Generation: 513 68.0959 184.1259 60.0895 4.7900
Generation: 514 64.0936 152.5740 60.1373 7.2144
Generation: 515 64.1790 152.6666 60.5641 3.4187
Generation: 516 64.0096 152.4908 60.6559 4.4435
Generation: 517 63.6602 152.1372 59.8504 5.2014
Generation: 518 64.0667 152.5487 61.2487 4.0707
Generation: 519 67.4853 155.6559 60.6031 4.2543
Generation: 520 64.2053 152.6842 60.8729 4.3480
Generation: 521 68.4420 156.5031 60.3925 4.4118
Generation: 522 66.4319 154.6925 60.1038 4.5204
Generation: 523 64.1057 152.5877 60.7909 3.8243
Generation: 524 64.0887 152.5672 60.9403 3.9350
Generation: 525 67.0048 193.1404 61.2007 4.0405
Generation: 526 62.9787 151.5771 60.3487 5.5108
Generation: 527 67.4967 155.6668 60.3864 5.3227
Generation: 528 66.3768 154.6470 58.9515 5.7880
Generation: 529 64.2046 152.6923 59.4974 4.4361
Generation: 530 66.4834 154.7475 60.3043 4.9850
Generation: 531 67.4261 155.5999 60.6481 5.4657
Generation: 532 64.0735 152.5543 60.3759 4.1903
Generation: 533 67.5959 155.7625 60.8290 3.9016
Generation: 534 64.0861 152.5673 59.2509 4.2423
Generation: 535 67.5343 155.6966 60.2039 4.4205
Generation: 536 66.4014 154.6650 60.8524 4.0570
Generation: 537 65.3482 153.7253 60.4335 4.3945
Generation: 538 70.5906 196.4008 60.6677 5.0668
Generation: 539 69.6274 157.5784 60.3536 4.7066
Generation: 540 67.4154 155.5847 60.7434 4.9327
Generation: 541 69.7804 157.7327 60.4837 4.8219
Generation: 542 67.2309 193.3341 60.3894 4.4035
Generation: 543 65.0906 153.4778 60.2381 4.9299
Generation: 544 67.4337 155.6031 60.5044 4.1977
Generation: 545 70.7081 158.5452 60.9771 4.4775
Generation: 546 68.0651 172.0638 60.9428 4.6471
Generation: 547 70.7034 158.5344 59.0536 4.7660
Generation: 548 69.6345 157.5857 60.3883 4.8327
Generation: 549 67.5373 155.7079 60.7406 4.2563
Generation: 550 66.3310 154.6086 60.8305 4.3909
Generation: 551 70.8000 158.6373 60.9799 4.3270
Generation: 552 70.5153 158.3392 60.5156 4.2791
Generation: 553 67.4529 155.6221 60.0854 4.2095
Generation: 554 69.7568 157.7043 60.9302 4.6489
Generation: 555 67.5131 155.6830 60.6706 4.4104
Generation: 556 71.4210 187.1333 60.7561 4.6041
Generation: 557 72.7787 160.3787 61.0779 4.5446
Generation: 558 69.6648 157.6122 60.6028 4.5049
Generation: 559 71.8093 159.5339 61.1377 4.5429
Generation: 560 69.7099 157.6603 60.9456 4.4184
Generation: 561 71.7536 159.4786 61.3810 4.4486
Generation: 562 72.5253 188.1115 61.4579 4.1082
Generation: 563 70.6842 158.5166 60.7023 4.5531
Generation: 564 66.4100 154.6705 61.2521 4.4727
Generation: 565 69.7132 157.6606 61.3836 4.2846
Generation: 566 67.5041 155.6748 61.1629 4.0126
Generation: 567 70.8455 158.6783 60.6128 4.4965
Generation: 568 70.6584 158.4921 60.7368 4.3925
Generation: 569 66.4030 154.6635 61.0762 4.8013
Generation: 570 72.7990 160.4011 61.2835 4.5741
Generation: 571 70.7588 158.5893 60.8213 5.8857
Generation: 572 70.6357 158.4734 60.4613 4.1579
Generation: 573 70.6983 158.5289 60.9212 4.8167
Generation: 574 70.1475 195.9472 60.3995 4.6597
Generation: 575 69.7608 157.7134 61.6785 4.4300
Generation: 576 70.1211 195.9217 61.2519 4.3872
Generation: 577 70.6796 158.5166 60.7019 4.7196
Generation: 578 70.6759 158.5134 60.4180 5.0552
Generation: 579 66.3432 192.5802 60.9028 4.6968
Generation: 580 71.6888 159.4037 61.5644 4.6106
Generation: 581 69.7193 157.6714 60.7776 4.3703
Generation: 582 70.6852 158.5230 60.7772 5.0820
Generation: 583 66.3545 154.6328 61.2332 4.1251
Generation: 584 67.4835 155.6534 60.9770 4.0821
Generation: 585 70.6717 158.4954 61.0476 4.5537
Generation: 586 72.3900 159.9798 62.0164 4.3985
Generation: 587 65.2071 153.5792 61.7325 4.1068
Generation: 588 70.8343 158.6667 60.4045 3.7520
Generation: 589 67.4736 155.6425 61.0973 3.6810
Generation: 590 66.3738 154.6517 61.6219 3.5597
Generation: 591 69.7311 157.6839 60.8695 4.5247
Generation: 592 69.6754 157.6255 61.7481 4.8127
Generation: 593 67.4720 155.6407 61.6674 4.2486
Generation: 594 69.7303 157.6819 61.4526 4.0631
Generation: 595 71.6363 159.3512 61.3910 4.1390
Generation: 596 70.6171 158.4555 60.9804 4.4390
Generation: 597 67.3878 155.5578 60.8643 4.4049
Generation: 598 71.7281 159.4481 61.6223 5.1633
Generation: 599 70.8633 158.6854 61.8006 4.1422
Generation: 600 70.6997 158.5302 60.5819 4.2877
Generation: 601 70.6469 158.4843 61.3069 4.4113
Generation: 602 62.8917 161.3192 61.7704 4.3938
Generation: 603 67.2639 155.4325 61.0456 3.9445
Generation: 604 70.7485 158.5812 60.8837 4.3841
Generation: 605 70.8533 158.6801 61.9956 4.2684
Generation: 606 70.6884 158.5194 62.3392 4.7406
Generation: 607 69.6952 157.6475 62.1498 4.3591
Generation: 608 67.5262 155.6961 60.8720 3.9911
Generation: 609 71.3707 159.0698 61.6695 4.5128
Generation: 610 69.6536 157.6046 61.1199 4.6049
Generation: 611 70.5980 158.4308 61.3492 4.8304
Generation: 612 72.3676 159.9579 60.6392 4.6986
Generation: 613 71.8740 159.5990 61.5622 4.3518
Generation: 614 71.6508 159.3706 61.5503 4.5869
Generation: 615 70.6457 158.4760 61.1110 4.4271
Generation: 616 69.5303 157.4680 61.5541 4.5399
Generation: 617 67.4753 155.6453 61.3161 4.4714
Generation: 618 69.6315 157.5778 60.0817 4.8409
Generation: 619 70.6857 158.5246 60.8542 4.0292
Generation: 620 70.8502 158.6862 62.3342 4.4796
Generation: 621 71.1772 158.8760 61.7557 4.8957
Generation: 622 70.6260 158.4569 61.5530 4.9273
Generation: 623 65.9725 164.0620 61.4215 4.4961
Generation: 624 70.6369 158.4620 61.0191 4.7807
Generation: 625 70.7934 158.6289 62.1454 4.8384
Generation: 626 69.6613 157.6074 60.8814 4.4549
Generation: 627 70.6260 158.4629 61.0633 5.0842
Generation: 628 70.3702 158.1930 61.2437 5.2191
Generation: 629 70.5096 158.3379 60.8001 4.3678
Generation: 630 69.4922 157.4439 60.8625 4.4970
Generation: 631 71.6876 159.3953 61.5357 4.4422
Generation: 632 69.7746 157.7229 60.1883 4.4740
Generation: 633 70.7963 158.6137 61.8249 4.3333
Generation: 634 67.5060 155.6748 60.9054 4.3330
Generation: 635 64.0619 152.5531 61.7888 4.0153
Generation: 636 70.7807 158.6105 60.8208 4.2484
Generation: 637 70.7476 158.5804 61.1737 4.3174
Generation: 638 69.6794 157.6312 61.0588 4.6176
Generation: 639 64.0473 162.3550 60.4843 4.0211
Generation: 640 68.8028 156.8624 61.2509 4.0547
Generation: 641 69.7627 157.7141 61.3552 4.5921
Generation: 642 70.7149 158.5492 61.3599 4.4312
Generation: 643 66.3714 154.6503 60.5691 4.9054
Generation: 644 67.5029 155.6727 60.6308 3.9134
Generation: 645 70.7611 158.5918 61.0962 4.0088
Generation: 646 69.6786 157.6303 60.7726 3.7461
Generation: 647 65.1546 153.5368 61.2466 4.3581
Generation: 648 71.5186 159.2232 61.4038 4.4561
Generation: 649 70.7940 158.6244 61.3404 4.4075
Generation: 650 66.3664 154.6445 61.2765 3.9647
Generation: 651 69.4696 157.4076 61.7234 4.7882
Generation: 652 67.4323 155.6022 60.9899 4.1672
Generation: 653 70.8783 158.7082 62.0261 4.6425
Generation: 654 73.5334 189.0137 60.9600 4.7432
Generation: 655 68.5781 156.6383 60.7619 4.0419
Generation: 656 70.6797 158.5157 61.1747 4.8161
Generation: 657 69.5729 157.5252 61.0950 4.3703
Generation: 658 70.4633 158.2871 61.0393 4.2761
Generation: 659 70.7184 158.5559 62.0622 4.4353
Generation: 660 72.7199 160.3211 60.4589 4.6668
Generation: 661 73.6164 161.0974 60.6784 4.6386
Generation: 662 71.6596 159.3674 61.2508 4.7463
Generation: 663 69.3040 157.2364 61.3133 4.3010
Generation: 664 70.7175 158.5562 61.5539 4.8962
Generation: 665 70.8215 158.6518 61.1323 4.6389
Generation: 666 72.7099 160.3111 60.8197 4.5021
Generation: 667 70.6452 158.4751 61.4001 4.8105
Generation: 668 70.6394 158.4688 62.2769 4.5024
Generation: 669 69.6277 157.5787 61.1715 4.7341
Generation: 670 69.4972 157.4489 60.7557 4.7437
Generation: 671 69.5342 157.4806 61.0745 4.8823
Generation: 672 70.6616 158.4989 61.6535 4.6011
Generation: 673 70.6964 158.5204 60.9567 4.6026
Generation: 674 70.7414 158.5789 61.9701 5.0071
Generation: 675 69.7624 157.7137 62.3235 4.3843
Generation: 676 71.5502 159.2702 61.6468 4.9988
Generation: 677 71.7138 159.4381 61.3390 5.0131
Generation: 678 70.7516 158.5903 61.3614 4.8087
Generation: 679 70.6308 158.4703 61.8772 4.8931
Generation: 680 70.8300 158.6696 61.3892 4.8539
Generation: 681 71.6202 159.3295 61.4474 5.1360
Generation: 682 70.7832 158.6216 61.6964 4.8553
Generation: 683 63.7163 162.0127 62.2075 5.0441
Generation: 684 71.6277 159.3370 61.8603 5.2360
Generation: 685 70.6432 158.4604 61.7330 4.8158
Generation: 686 71.6672 159.3745 62.2075 5.2301
Generation: 687 71.6845 159.4035 61.7669 5.3367
Generation: 688 71.7235 159.4481 60.9411 5.0720
Generation: 689 72.4372 160.0262 61.4203 5.2925
Generation: 690 70.6619 158.5045 61.1543 5.0843
Generation: 691 70.8213 158.6587 60.2428 4.9002
Generation: 692 71.9327 159.6624 61.8326 5.1716
Generation: 693 71.7550 159.4759 61.9125 4.8187
Generation: 694 70.7209 158.5505 62.0286 4.7628
Generation: 695 72.8262 160.4257 62.2145 5.0353
Generation: 696 71.6377 159.3619 62.3738 4.6744
Generation: 697 70.6551 158.4920 61.4980 4.6406
Generation: 698 70.8053 158.6427 61.4012 4.9589
Generation: 699 70.6214 158.4593 61.6617 5.2767
Generation: 700 72.3726 159.9612 61.3235 4.8585
Generation: 701 74.6468 202.0159 61.7411 4.9409
Generation: 702 70.8672 158.7054 61.7406 4.8526
Generation: 703 70.8541 158.6848 60.9795 4.6433
Generation: 704 70.8736 158.7116 62.2061 4.8105
Generation: 705 70.8678 158.7108 61.7440 4.7714
Generation: 706 71.6735 159.3981 61.7451 4.7987
Generation: 707 70.8628 158.6932 62.2877 5.2951
Generation: 708 70.8402 158.6768 60.8831 4.6628
Generation: 709 70.8227 158.6527 61.2587 4.8583
Generation: 710 72.7331 160.3324 61.9495 5.0829
Generation: 711 70.8621 158.6993 62.2375 4.8271
Generation: 712 73.5723 201.0526 62.7435 4.5810
Generation: 713 71.9049 159.6294 61.9399 4.5513
Generation: 714 71.9404 159.6690 61.6859 4.9415
Generation: 715 67.5486 155.7180 60.7886 4.7384
Generation: 716 70.8018 158.6393 62.2011 4.5838
Generation: 717 70.6753 158.5131 61.9224 4.4050
Generation: 718 70.6795 158.5133 62.1965 4.9851
Generation: 719 70.6437 158.4821 61.2284 4.5274
Generation: 720 70.7903 158.6270 62.3126 4.8461
Generation: 721 74.1793 201.6871 62.5719 4.8184
Generation: 722 70.5633 158.3864 62.6072 4.6939
Generation: 723 72.6663 160.2704 63.0849 4.8041
Generation: 724 72.7952 160.3938 62.3719 5.2559
Generation: 725 70.8055 158.6347 61.7313 4.8236
Generation: 726 72.4103 187.9974 62.5163 5.2467
Generation: 727 71.7226 159.4452 61.7507 4.9935
Generation: 728 71.7080 159.4327 61.5951 5.0122
Generation: 729 70.7691 158.6050 61.3727 4.6342
Generation: 730 70.8636 158.7013 61.7339 5.1267
Generation: 731 72.8673 160.4673 61.7225 4.9166
Generation: 732 71.7952 159.5194 61.5457 4.7443
Generation: 733 69.7040 157.6555 61.0047 4.6982
Generation: 734 72.5188 160.1087 62.3171 5.0899
Generation: 735 70.7871 158.6248 61.8394 4.6530
Generation: 736 72.7319 160.3311 62.2236 5.0396
Generation: 737 70.7973 158.6268 61.8567 4.9606
Generation: 738 72.9919 160.5911 61.7873 5.3929
Generation: 739 70.8545 158.6852 62.3652 4.7736
Generation: 740 71.6903 159.4068 62.4245 4.7368
Generation: 741 70.8082 158.6508 62.7378 4.6373
Generation: 742 72.4581 160.0483 62.2511 5.2638
Generation: 743 70.7915 158.6279 62.4445 5.0449
Generation: 744 72.9188 160.5178 62.4778 4.9339
Generation: 745 72.9406 160.5399 63.1544 5.0361
Generation: 746 71.7952 159.5239 61.7727 4.7836
Generation: 747 71.8092 159.5335 62.2464 5.3283
Generation: 748 70.8278 158.6652 61.4307 5.0333
Generation: 749 72.9434 160.5440 61.7787 4.9375
Generation: 750 72.8440 160.4521 61.3822 4.8894
Generation: 751 70.8410 158.6777 61.9761 5.1146
Generation: 752 70.8705 158.7073 61.3280 4.9527
Generation: 753 72.7948 160.3944 63.0644 5.3463
Generation: 754 71.8740 159.5986 62.5268 5.1445
Generation: 755 71.8924 187.6210 62.8970 4.8782
Generation: 756 72.4826 160.0782 62.1468 4.9118
Generation: 757 72.7306 160.3299 62.9393 5.3042
Generation: 758 70.8476 158.6773 62.6502 5.2069
Generation: 759 72.7616 160.3725 62.2524 5.2180
Generation: 760 72.9903 160.5898 62.9001 4.9412
Generation: 761 72.7570 160.3650 62.5714 4.9529
Generation: 762 71.7676 159.4760 62.4170 5.0818
Generation: 763 73.5936 201.0743 63.6629 4.9358
Generation: 764 72.4027 159.9916 62.8601 4.7334
Generation: 765 63.8090 162.1047 62.0274 4.9445
Generation: 766 71.8977 187.6264 63.1792 4.8755
Generation: 767 70.8736 158.7119 63.1635 4.9759
Generation: 768 72.8263 160.4422 62.3324 5.2452
Generation: 769 70.8965 158.7318 63.1191 5.0672
Generation: 770 74.1643 201.6717 63.0716 5.4042
Generation: 771 70.2645 174.0567 63.2664 4.6450
Generation: 772 71.9397 159.6484 63.0811 4.7586
Generation: 773 71.8355 159.5602 63.0328 5.1129
Generation: 774 70.7864 158.6196 62.0569 4.7419
Generation: 775 70.8813 158.7094 63.1388 4.7365
Generation: 776 72.9698 160.5815 62.9243 5.1928
Generation: 777 70.5722 158.4037 63.0981 4.8932
Generation: 778 71.8435 159.5681 63.6555 4.5832
Generation: 779 71.8167 159.5410 63.0502 4.9569
Generation: 780 71.7121 159.4289 63.4068 4.5078
Generation: 781 72.7605 160.3602 62.4436 5.2159
Generation: 782 72.9990 160.6146 62.5123 4.8901
Generation: 783 70.8053 158.6375 63.0953 4.6223
Generation: 784 71.8542 159.5785 63.8639 4.5027
Generation: 785 71.2283 158.9268 63.4812 5.1480
Generation: 786 71.8815 159.6061 63.3158 4.8869
Generation: 787 72.0400 159.7616 63.2478 5.4115
Generation: 788 73.6844 161.1647 63.8049 5.3180
Generation: 789 65.8198 182.0478 62.9386 5.0248
Generation: 790 73.0337 160.6331 63.8125 5.1735
Generation: 791 72.9844 160.5836 63.7320 5.5062
Generation: 792 70.8560 158.6927 63.0330 5.2893
Generation: 793 71.7005 159.4252 62.7111 5.1911
Generation: 794 73.5662 161.0455 63.3034 4.7921
Generation: 795 72.7912 160.4025 63.6108 5.0531
Generation: 796 71.8323 159.5569 63.8770 5.3098
Generation: 797 72.8988 160.5033 63.3180 5.4609
Generation: 798 70.9110 158.7385 63.2055 5.3583
Generation: 799 71.6662 159.3889 63.9498 5.2006
Generation: 800 73.8509 161.3177 64.2123 5.1467
Generation: 801 70.7990 158.6354 63.2096 4.6005
Generation: 802 70.8254 158.6627 64.6059 4.4192
Generation: 803 71.9170 159.6522 63.0194 4.9057
Generation: 804 72.9653 160.5734 63.8126 5.3074
Generation: 805 72.8492 160.4560 63.3691 4.7161
Generation: 806 72.4538 160.0436 63.6752 5.0620
Generation: 807 71.5691 159.2898 62.9921 4.9727
Generation: 808 70.8699 158.7064 63.7212 5.1730
Generation: 809 73.8363 161.3323 64.3498 5.2817
Generation: 810 72.3712 159.9595 63.6230 5.3624
Generation: 811 72.3988 159.9886 63.4112 4.9156
Generation: 812 72.8317 160.4310 63.7641 5.0109
Generation: 813 73.5480 201.0284 62.6029 5.2905
Generation: 814 72.7687 160.3681 64.3251 5.1567
Generation: 815 70.8372 158.6711 63.5463 5.0751
Generation: 816 72.7344 160.3336 62.7861 5.2060
Generation: 817 70.8433 158.6718 64.3279 4.9599
Generation: 818 71.5977 159.3181 63.1116 5.1537
Generation: 819 71.8545 159.5637 63.7287 5.0674
Generation: 820 73.0112 160.6106 64.2402 5.2331
Generation: 821 73.5444 161.0234 63.7220 5.4170
Generation: 822 73.4994 160.9797 63.6412 4.9367
Generation: 823 73.5758 161.0560 64.1897 5.5679
Generation: 824 73.0187 160.6181 63.3051 5.2681
Generation: 825 73.8929 161.3838 65.6492 4.8015
Generation: 826 70.8928 158.7298 63.2614 5.5180
Generation: 827 70.8135 158.6435 64.0207 5.1881
Generation: 828 73.7412 161.2214 65.2064 4.8635
Generation: 829 73.7126 161.1917 63.4254 5.0089
Generation: 830 73.0048 160.6146 62.8816 5.1775
Generation: 831 71.8392 159.5635 63.5439 5.5269
Generation: 832 72.8312 160.4306 64.0622 5.0510
Generation: 833 73.0124 160.6200 64.0070 5.0401
Generation: 834 73.7201 161.1992 64.4635 4.9537
Generation: 835 72.8044 160.4036 64.4552 5.3947
Generation: 836 73.7401 161.2187 63.7479 5.4973
Generation: 837 72.8691 160.4730 64.8053 5.1647
Generation: 838 73.5664 161.0455 63.8884 5.4191
Generation: 839 72.7148 200.3120 64.6032 4.9641
Generation: 840 70.8892 158.7271 64.4374 4.7293
Generation: 841 72.9595 160.5587 63.7286 5.2482
Generation: 842 72.9216 160.5227 63.7421 5.1362
Generation: 843 70.7847 158.6143 65.0754 4.3446
Generation: 844 72.7887 160.3881 64.2155 5.0593
Generation: 845 72.7634 160.3679 64.0060 4.9656
Generation: 846 70.9305 158.7673 63.2368 4.8661
Generation: 847 71.9459 159.6635 64.8103 4.4699
Generation: 848 73.7417 161.2221 63.4663 5.2812
Generation: 849 74.1174 161.6100 64.5376 4.8316
Generation: 850 73.8667 161.3337 65.3877 4.6997
Generation: 851 72.6366 160.2248 64.8354 4.9549
Generation: 852 70.8889 158.7266 64.6617 4.6544
Generation: 853 71.8661 159.5911 64.8490 4.7320
Generation: 854 71.8730 159.5977 64.5043 4.8169
Generation: 855 73.0269 160.6260 65.3588 4.9332
Generation: 856 73.0569 160.6560 64.2301 4.9927
Generation: 857 70.9645 158.7955 64.5311 5.1554
Generation: 858 71.8905 159.5995 65.3050 4.7352
Generation: 859 72.8694 160.4685 64.4426 5.3334
Generation: 860 72.9563 160.5553 65.4256 4.8647
Generation: 861 72.4243 160.0114 64.6704 4.9803
Generation: 862 72.7469 160.3461 64.7572 4.7931
Generation: 863 73.0617 160.6610 65.1164 4.8531
Generation: 864 70.8672 158.7050 63.8763 4.6942
Generation: 865 73.7469 161.2259 64.3700 4.9651
Generation: 866 74.0900 161.5826 64.1005 5.3332
Generation: 867 73.0562 160.6556 63.5258 5.2576
Generation: 868 74.0504 161.5414 63.7681 5.4859
Generation: 869 71.8613 159.5707 63.6163 4.6516
Generation: 870 64.8513 163.0605 64.9638 5.0835
Generation: 871 72.9481 160.5474 64.7583 5.0976
Generation: 872 70.8522 158.6900 63.7137 5.2323
Generation: 873 73.0219 160.6210 64.8876 5.2418
Generation: 874 64.5336 190.8667 64.4810 5.2003
Generation: 875 72.8405 160.4398 64.5452 5.4521
Generation: 876 72.5973 160.1843 63.9043 5.2259
Generation: 877 70.9361 158.7573 63.6017 4.8801
Generation: 878 72.5991 160.1873 65.2062 4.9308
Generation: 879 71.8195 159.5287 65.4828 5.1377
Generation: 880 71.7407 159.4515 64.7438 5.0070
Generation: 881 72.7822 160.3835 64.3167 5.4554
Generation: 882 72.5916 160.1798 63.7446 5.2566
Generation: 883 70.9793 158.8085 63.6201 5.3488
Generation: 884 70.1797 186.0003 64.5256 4.5956
Generation: 885 71.8381 159.5478 64.7201 4.8392
Generation: 886 71.8259 159.5681 64.8032 4.4946
Generation: 887 73.5589 161.0402 64.8813 5.0203
Generation: 888 72.6447 200.2542 64.5570 5.0191
Generation: 889 74.1317 161.6246 64.8677 5.2714
Generation: 890 71.9394 159.6654 63.8428 5.1791
Generation: 891 72.8619 160.4615 63.8578 4.7030
Generation: 892 72.8262 160.4256 64.0436 4.6310
Generation: 893 71.9199 159.6444 64.9812 4.7280
Generation: 894 70.9623 158.7929 64.4503 5.3146
Generation: 895 72.4166 160.0039 64.6000 4.7121
Generation: 896 63.7269 162.0231 64.6657 4.9038
Generation: 897 73.0775 160.6667 64.4249 5.2131
Generation: 898 72.0766 159.7974 63.8685 5.2987
Generation: 899 73.5587 161.0389 64.7357 5.0176
Generation: 900 72.9275 160.5405 64.5180 5.1646
Generation: 901 73.8964 161.3880 65.6995 4.7816
Generation: 902 72.7432 160.3444 64.3645 4.8902
Generation: 903 72.9287 160.5188 63.9551 4.8717
Generation: 904 74.0996 161.5909 64.9917 4.9889
Generation: 905 73.0337 160.6331 64.4379 5.2283
Generation: 906 73.0492 160.6459 64.8716 5.1282
Generation: 907 72.5101 200.1145 64.5389 5.2473
Generation: 908 72.8466 160.4505 64.8327 4.8314
Generation: 909 73.0224 160.6214 64.9829 4.7012
Generation: 910 73.0862 160.6856 64.9532 4.9830
Generation: 911 73.8144 161.2934 64.6816 5.0438
Generation: 912 73.7510 161.2289 65.1940 4.7168
Generation: 913 72.9269 160.5261 64.7910 4.5670
Generation: 914 75.0382 202.3986 64.4980 4.9399
Generation: 915 72.0640 159.7837 64.7117 5.0247
Generation: 916 72.8894 160.4884 65.6923 4.8705
Generation: 917 72.8030 160.4023 64.8743 4.8445
Generation: 918 66.0936 182.3476 65.1178 4.7143
Generation: 919 72.0967 159.8177 65.4019 5.1195
Generation: 920 71.8565 159.5868 64.5966 4.9652
Generation: 921 62.7628 161.1822 64.7547 5.0257
Generation: 922 72.8530 160.4601 64.8504 5.1785
Generation: 923 73.0826 160.6721 65.5980 5.2213
Generation: 924 72.9338 160.5233 64.6380 5.0132
Generation: 925 73.5012 160.9819 65.2981 4.8252
Generation: 926 73.0821 160.6713 65.4609 4.7968
Generation: 927 71.8012 159.5274 64.2091 5.2006
Generation: 928 71.9973 159.7175 64.8038 4.8353
Generation: 929 72.0792 159.8049 64.9158 4.8271
Generation: 930 67.4899 177.4715 65.0532 5.1410
Generation: 931 74.0504 161.5414 64.3796 4.6902
Generation: 932 69.1536 185.0996 64.8622 5.3531
Generation: 933 65.1598 163.3628 65.6608 4.2614
Generation: 934 67.0398 183.1558 64.7203 4.8133
Generation: 935 73.7767 189.2551 65.3046 4.3936
Generation: 936 72.0272 159.7460 65.2719 4.8011
Generation: 937 72.0278 159.7480 64.8905 4.6696
Generation: 938 72.7987 160.4071 65.1044 4.4785
Generation: 939 72.8375 160.4415 65.3229 4.0742
Generation: 940 73.0212 160.6292 64.6409 5.1310
Generation: 941 73.7619 161.2409 64.9710 4.8004
Generation: 942 67.2524 165.2274 65.1392 4.8327
Generation: 943 71.9556 159.6754 65.3430 4.8366
Generation: 944 62.8870 161.3055 64.2892 5.1914
Generation: 945 62.6496 161.0698 65.4520 4.8579
Generation: 946 71.4564 187.1595 65.5150 5.0020
Generation: 947 72.9488 160.5478 65.4430 4.8064
Generation: 948 73.0138 160.6127 65.6456 4.4290
Generation: 949 73.7889 189.2670 65.4560 4.3624
Generation: 950 71.9682 159.6883 65.0999 4.5847
Generation: 951 73.0437 160.6334 66.1272 4.3995
Generation: 952 71.9825 159.7030 66.3886 4.3421
Generation: 953 73.0960 160.6859 66.2620 4.2261
Generation: 954 64.1623 162.4758 65.5398 4.3913
Generation: 955 73.7777 189.2549 66.0323 4.7946
Generation: 956 72.0318 159.7524 66.1718 4.4093
Generation: 957 72.9629 160.5793 66.1870 4.5624
Generation: 958 66.0753 164.1697 65.3222 4.9964
Generation: 959 62.8058 161.2459 66.0251 4.8043
Generation: 960 71.9701 159.6824 65.4946 4.5236
Generation: 961 62.8730 161.2952 65.2362 5.0647
Generation: 962 72.0138 159.7329 65.5511 4.9339
Generation: 963 71.5841 187.3144 65.8766 5.2325
Generation: 964 72.0549 159.7744 65.6856 4.8296
Generation: 965 67.8157 183.8714 66.1372 4.6332
Generation: 966 72.0453 159.7655 65.2258 4.8389
Generation: 967 72.0254 159.7449 65.6428 4.3936
Generation: 968 72.0422 159.7604 65.7185 4.7770
Generation: 969 72.9794 160.5955 66.0596 4.8687
Generation: 970 72.9994 160.5892 65.8254 4.8575
Generation: 971 72.0671 159.7881 66.0680 4.8821
Generation: 972 66.1493 164.2468 66.3072 4.9613
Generation: 973 72.0101 159.7198 65.1911 4.3285
Generation: 974 73.0517 160.6413 65.6657 4.3965
Generation: 975 72.0326 159.7533 66.3024 4.4088
Generation: 976 67.4353 177.4206 66.4481 4.6269
Generation: 977 73.0073 160.6186 65.8260 4.7544
Generation: 978 72.0326 159.7533 66.0220 4.6776
Generation: 979 72.0517 159.7727 66.6092 4.4564
Generation: 980 61.7795 160.2945 66.0705 4.7397
Generation: 981 72.9990 160.5888 65.9469 4.6066
Generation: 982 72.9265 160.5256 65.9317 5.1409
Generation: 983 72.0179 159.7374 66.1997 4.6441
Generation: 984 72.9575 160.5685 65.7644 5.0379
Generation: 985 63.9670 162.2626 66.8469 4.0740
Generation: 986 73.7344 161.2034 66.9493 4.6388
Generation: 987 72.0045 159.7241 66.3022 4.5316
Generation: 988 72.9868 160.5981 66.0832 5.0725
Generation: 989 72.9484 160.5647 66.4691 5.0246
Generation: 990 72.0655 159.7850 66.4859 4.2440
Generation: 991 73.7800 161.2482 65.9779 5.0619
Generation: 992 72.0399 159.7594 67.0152 4.7256
Generation: 993 62.8546 161.2747 65.6898 4.6788
Generation: 994 64.0293 162.3546 66.9136 4.4307
Generation: 995 69.2854 185.2333 65.8069 4.5611
Generation: 996 65.1373 163.3228 66.3946 4.9212
Generation: 997 73.0212 160.6109 67.3665 4.3095
Generation: 998 66.9326 183.0970 66.7509 4.1860
Generation: 999 63.9796 162.3116 67.2373 4.4252
