5.456524665810318364e-01
8.789289001438793658e-01
1.000000000000000000e+00
-1.000000000000000000e+00
-1.000000000000000000e+00
-1.557160242337347900e-01
1.000000000000000000e+00
-1.000000000000000000e+00
1.000000000000000000e+00
6.695322920166058012e-01
-1.000000000000000000e+00
-1.000000000000000000e+00
-1.845354387762232484e-02
-1.000000000000000000e+00
9.204704373363886694e-01
7.327356576438908142e-01
-6.886692431693610672e-01
-3.445997364566509846e-01
6.688439273744942737e-01
1.668708797539097122e-01
8.947514167531667173e-02
2.280618606863025755e-01
-3.571076059437977568e-01
-6.671576965849099761e-01
1.000000000000000000e+00
-1.000000000000000000e+00
-4.391320524170758688e-01
-7.016079739222125244e-01
-3.149746496613488045e-01
1.000000000000000000e+00
-9.744854501041033679e-01
-1.000000000000000000e+00
1.000000000000000000e+00
1.000000000000000000e+00
6.655507280859870312e-01
1.000000000000000000e+00
2.668438993472600496e-01
3.421121937368760690e-01
-6.025801337621421450e-01
2.569132082757921154e-01
-4.482926302684898667e-01
9.288745832288227700e-01
-1.479023975807928770e-01
4.699390825721339038e-01
-1.000000000000000000e+00
7.240545868786982808e-01
-8.229929229516462774e-01
1.000000000000000000e+00
-4.005636661908152374e-01
-9.214734833758210231e-01
-1.945107303873754856e-01
9.669605194028285666e-02
-2.635208676492549196e-01
-2.201576924155581594e-01
-1.000000000000000000e+00
-2.254867188923228016e-01
-1.000000000000000000e+00
4.185164514930665436e-01
7.466055743790676047e-01
1.000000000000000000e+00
-1.000000000000000000e+00
-1.000000000000000000e+00
-4.495838051389863255e-01
1.000000000000000000e+00
3.074251256088527118e-01
-8.042478921303120032e-02
-2.152899280752210431e-01
-2.637768903568966650e-01
-6.881657808723450342e-01
-8.634842109779270469e-01
-4.072651195695590753e-01
3.444146209709995077e-01
-3.143614759539744563e-01
-1.438962326620891741e-01
-1.000000000000000000e+00
-9.397545314562522067e-02
1.000000000000000000e+00
5.415967177413734124e-01
-8.249682798015013363e-01
3.965703101056036739e-02
1.000000000000000000e+00
5.402451311733277306e-01
1.000000000000000000e+00
-4.166161650276372086e-01
4.065739042663714664e-01
-8.263642226663497903e-01
-7.016232306562319998e-02
-2.807698845338228999e-01
-4.498264685547562758e-01
3.631246112188478703e-01
6.094050787102007760e-01
-5.793169518672350304e-02
-1.947316931800846529e-02
-1.599373245407293975e-01
1.000000000000000000e+00
6.125278255977810726e-01
-1.263542978652980320e-01
-1.000000000000000000e+00
1.795957038799026462e-01
5.121136545555862174e-01
2.624350253219900342e-01
-3.236235629665681346e-01
-4.792117265704333162e-01
9.933157633280649268e-01
-3.615811318145311648e-01
-1.000000000000000000e+00
-4.277223879009602880e-01
1.000000000000000000e+00
7.440422591164610466e-01
5.350975419941290667e-01
6.104703080057355402e-01
1.000000000000000000e+00
1.000000000000000000e+00
3.765640868354646065e-01
5.478558275203876393e-01
9.778290210513261860e-01
-8.495924402028173228e-01
1.000000000000000000e+00
-1.857774969759191652e-01
-1.000000000000000000e+00
5.108151318023754772e-01
-7.103576449618806965e-01
6.468211579662520583e-01
-2.686496039416250703e-01
-5.117713975535874704e-01
5.720985735846723097e-01
4.265391427076189457e-01
5.813420612697396406e-01
-3.236000847489595156e-01
1.000000000000000000e+00
-5.082208288830059040e-01
1.120835922135150486e-01
-1.000000000000000000e+00
-8.966042505832767517e-01
-2.415236860555410869e-01
9.422481904140165287e-01
-3.921247392323246039e-03
7.295587213784349156e-01
-3.885963757242356098e-01
1.000000000000000000e+00
-1.445831529036685215e-01
-3.983365953544670823e-02
-6.134528233448922618e-01
9.534335515446935583e-01
-8.808494465396676798e-02
2.802874998270907803e-01
-9.918545106773303255e-01
-3.682877041068748913e-01
1.000000000000000000e+00
1.000000000000000000e+00
-5.772479991665945276e-01
1.000000000000000000e+00
-5.846190264463912989e-01
-4.001262925749412558e-01
-6.880015525076502714e-01
4.788449477966949530e-01
7.381387278392453899e-01
-5.956506652920559031e-01
-1.000000000000000000e+00
2.712655977313521705e-01
-1.000000000000000000e+00
1.000000000000000000e+00
-1.000000000000000000e+00
1.000000000000000000e+00
-1.000000000000000000e+00
-3.182276767974358544e-01
6.266224718128317051e-01
1.012108967562286299e-02
-5.974270181016155812e-01
-1.000000000000000000e+00
-4.604200324797418364e-01
-3.174886773978954357e-01
-4.156972483936066665e-02
6.958438852932415930e-01
-1.777020626581811147e-01
-6.929816462360623985e-01
1.000000000000000000e+00
-1.032219388527635950e-02
-9.286194657222430759e-01
-8.075044459704137090e-01
-5.379277777195785870e-02
-7.935203305999475321e-01
-3.217505754651357464e-01
3.628417316095899903e-01
1.000000000000000000e+00
7.420860431815196057e-02
-9.170788271174065698e-02
5.745380840817900792e-01
-1.325648819914502230e-01
-1.000000000000000000e+00
-1.000000000000000000e+00
1.835688362341225954e-01
-2.260457042876187206e-01
-2.138051809011779492e-01
-1.000000000000000000e+00
3.200942162830725524e-01
-2.462383095524277588e-01
-1.000000000000000000e+00
1.109749277282628954e-01
-1.000000000000000000e+00
8.417675952636460845e-01
-6.059384971939115738e-01
-2.945769389462988275e-01
-1.000000000000000000e+00
1.000000000000000000e+00
-1.000000000000000000e+00
1.000000000000000000e+00
-1.000000000000000000e+00
8.670163066820906206e-01
5.894870410531360960e-01
-1.000000000000000000e+00
-8.643619032267895186e-01
-9.745152889125996420e-02
-1.139312147886519799e-01
-4.917560659736789352e-01
-3.277257068787794436e-01
9.142866516520004039e-01
7.123443681417240825e-01
1.000000000000000000e+00
-6.152519762925779956e-01
-1.000000000000000000e+00
-1.000000000000000000e+00
6.238773855963811732e-01
1.000000000000000000e+00
3.954049348403483877e-01
-1.000000000000000000e+00
-4.241957215802926173e-01
-4.494655781540513040e-01
8.400494754433549538e-01
-5.477185221520425307e-01
-1.000000000000000000e+00
-3.425100331241582308e-01
1.000000000000000000e+00
5.450238293397782208e-01
6.164912181653540990e-02
-5.728216209803345116e-01
7.255264658610425244e-01
-4.369026661414575630e-01
-3.214253108055543651e-01
-7.112094810515858789e-01
9.865637553897135259e-01
-1.000000000000000000e+00
4.862491606184118909e-01
-1.691741539851313869e-01
1.000000000000000000e+00
-1.000000000000000000e+00
9.630357325943078584e-01
-1.000000000000000000e+00
-2.216854067546719098e-01
-3.792619083566077798e-01
-6.673669989841879424e-01
-6.258231431398002531e-01
-4.789438213890920282e-01
1.000000000000000000e+00
1.000000000000000000e+00
-3.822536466419740875e-01
-2.457494121448628999e-01
7.022304922896067669e-01
-1.000000000000000000e+00
1.000000000000000000e+00
9.704756038299184873e-01
-6.852604809913298567e-01
3.226027051712474503e-01
5.474179195578596779e-01
-7.209332531015657519e-01
4.217531355701034657e-01
3.025861098333107457e-01
1.000000000000000000e+00
9.317735405278790850e-01
7.141515788673524767e-01
1.000000000000000000e+00
4.914683390294786736e-01
3.696856551481364495e-01
8.379706434082516697e-01
9.820647415096782629e-01
8.362763756131716963e-01
5.737076524651884002e-01
5.406800225781724922e-01
3.924288670961595393e-01
4.121044853602447988e-01
2.594067185846077872e-01
2.430170127106690559e-01
1.000000000000000000e+00
3.464515642159743392e-01
6.561212011013248802e-01
5.656006587836631683e-01
3.309383127312235384e-01
3.003602118463481463e-01
1.000000000000000000e+00
5.435249458948701040e-01
1.783663317541229199e-01
5.631729249668186998e-01
7.489018958889485100e-01
7.476207204833020814e-01
7.417391401597375200e-01
7.071048744070570491e-01
6.600787849976396116e-01
1.000000000000000000e+00
5.673698108921995109e-01
5.846215245326011889e-01
4.863184605396699278e-01
5.124712253117340577e-01
4.682289901046988168e-01
3.299018981663890959e-01
6.028695492286547664e-01
2.240839812198307801e-01
5.464505086851124682e-01
6.666917830150422830e-01
7.764369143175930965e-01
4.418255692650106536e-01
6.191195174035781790e-01
3.230473188413362506e-01
2.776521643682794971e-01
6.811553116362565330e-01
6.797680483920375272e-01
3.619436477115165474e-01
6.644047457747027652e-01
5.398368122719642281e-01
3.016853403990542026e-01
2.472830829336848391e-01
6.721381891564693900e-01
4.464616945454260577e-01
3.455538134687334284e-01
5.247419443743356338e-01
3.617907171660716403e-01
4.456388288349820703e-01
3.518487944588353789e-01
4.428748201308294608e-01
5.579062541716505175e-01
4.708890784406725705e-01
9.755196681121581781e-01
3.008520408657733292e-01
4.191860000191559021e-01
4.812437301902384168e-01
6.132334151889935470e-01
9.027512646875019975e-01
4.961629476583090392e-01
2.890696933454319217e-01
7.424663094583230372e-01
8.738151856794722505e-01
5.613045062971189214e-01
2.657902920819299464e-01
5.129302853526841455e-01
4.384490249731944345e-01
2.717475326543207226e-01
4.868317136433953918e-01
3.246649014191438365e-01
6.888665868132246572e-01
6.464296615329963025e-01
3.545399252024136749e-01
3.724555141235381117e-01
3.711385084244824828e-01
4.447878215367216392e-01
3.976864831078925633e-01
5.118154428107609677e-01
5.457434020026113997e-01
4.567148090325338639e-01
5.862377808892490494e-01
1.000000000000000000e+00
1.948059297941168166e-01
5.340638614254056282e-01
4.305642378946294424e-01
3.287410422853084269e-01
3.968886292537142646e-01
3.990592381764305752e-01
6.144173336931696427e-01
5.229213800748746532e-01
4.229617975128994734e-01
5.372935379745088502e-01
6.442531695301094707e-01
6.123386301790207931e-01
5.436759516879955401e-01
3.528834819166654646e-01
7.272259623207849577e-01
2.538882216626144328e-01
6.654934458149859289e-01
7.293241101947780525e-01
3.192522967536851608e-01
2.818436362916462157e-01
4.336693623223966676e-01
5.714974485641576285e-01
3.753096675607505706e-01
4.354270864978156963e-01
8.763858899990366602e-01
3.665773517438307150e-01
4.316300104332296272e-01
2.983857182363962024e-01
8.133641991131134175e-01
9.356647799112046693e-01
5.213448233280650879e-01
4.618284053112754473e-01
3.349357446862074594e-01
1.000000000000000000e+00
2.816696132998389168e-01
1.000000000000000000e+00
6.281350002638586005e-01
4.206168244947548485e-01
9.277761295814249687e-01
2.648704248709085052e-01
3.636808939187651246e-01
3.725232697131089510e-01
4.697061086577277167e-01
5.092163669493341427e-01
4.469219338023067700e-01
6.146200227998251941e-01
7.127741400799374460e-01
5.843857400894025833e-01
4.281652920615166558e-01
6.633216513392113933e-01
3.766280671800661950e-01
1.000000000000000000e+00
4.258644337575874239e-01
8.258793552074461530e-01
8.677855650412616972e-01
4.367550991057339016e-01
4.124265410973390056e-01
4.683780448902745142e-01
2.704097811235536275e-01
5.513223409949881137e-01
3.270499963155362178e-01
5.988583416060299092e-01
6.797237371979989451e-01
3.878160835672819218e-01
3.230037374729128885e-01
4.884355451853228947e-01
4.678737487818670493e-01
5.441073819102777431e-01
6.085952973248397457e-01
9.943462053616389795e-01
3.417911664481138034e-01
3.030237675489445559e-01
5.395974215487044923e-01
7.729946173842912049e-01
6.043557161407370204e-01
4.960654116251083656e-01
5.290345461041756625e-01
3.782757978638626728e-01
8.714501528996762003e-01
5.026923597469947769e-01
8.971314283594377104e-01
3.910655977255501625e-01
7.299545835680973926e-01
4.547009125374479321e-01
5.299550171404298071e-01
3.394878300038560170e-01
4.021453442654872035e-01
1.000000000000000000e+00
7.799137971046594675e-01
8.167192031173152733e-01
3.047870548666288815e-01
5.404559265258054301e-01
3.665786488360464057e-01
4.019841973772033672e-01
7.694133269449940915e-01
7.215540349488207550e-01
4.455595382957608375e-01
4.815146013600161146e-01
6.849237223659192519e-01
7.013594809480093728e-01
7.735892329032336701e-01
1.000000000000000000e+00
4.128222180379411133e-01
3.777299501191917486e-01
7.074033966929871298e-01
4.552040739699936278e-01
6.253617736387601100e-01
6.246997497101353103e-01
3.212395439404218678e-01
7.176021426231122824e-01
6.093357558932066542e-01
6.968927805428825062e-01
1.000000000000000000e+00
5.699049801296308670e-01
7.419207988692291256e-01
3.823963587074977744e-01
9.953753465719732407e-01
3.155367208334235452e-01
6.826866230941407432e-01
6.089888663413064451e-01
4.481854514150426794e-01
6.129977690066886753e-01
3.845125370056164948e-01
4.755173516739555351e-01
3.622575547827536768e-01
6.810184131972636390e-01
9.104070423363026521e-01
1.000000000000000000e+00
4.237456834132790617e-01
6.217474619472005415e-01
6.725576037917128103e-01
7.491733692968420844e-01
4.125377961207140620e-01
5.037346408214696813e-01
9.505010071690802587e-01
1.000000000000000000e+00
4.382870692883999997e-01
5.429496436019407568e-01
7.933762947015454703e-01
7.039900581132263468e-01
2.932917007508016871e-01
5.568112959561630770e-01
6.395670518306174612e-01
5.455819585741272792e-01
7.764588335629448723e-01
3.517033427676161117e-01
5.404670120432202296e-01
3.040568365983474797e-01
5.114273733209615536e-01
3.872727790143907223e-01
6.896076789196957657e-01
5.407573966618534067e-01
4.016372647294086939e-01
4.092268234902686208e-01
4.298142901314943032e-01
2.171202302235486492e-01
4.073300501399946816e-01
9.028048481791773883e-01
5.434488871402914922e-01
5.725993764043845191e-01
5.441171040414415350e-01
2.751805700054262283e-01
3.695826641497166332e-01
3.384665419739172898e-01
4.042722239908477233e-01
5.294924225654485950e-01
8.349855230137362971e-01
4.667860055850250878e-01
4.215848831712722400e-01
4.918997059212235623e-01
5.327897287958531791e-01
