-2.441311743482000640e+00
-2.891877509637473809e-01
1.024357089091413986e+00
1.679760855339979431e+00
-1.780551111139178966e+00
-2.200341398937205373e+00
-5.114021231236823839e-01
4.174790906293717185e+00
-7.123971422042504331e-01
1.677375621289745045e-01
1.504085058108576511e+00
-1.401903776542726465e+00
-6.920169305242751534e-01
2.468582864554407674e+00
2.357463035148587294e-01
2.411123497038653585e-01
-9.014745557741880855e-02
-3.191394645572979361e+00
-1.662195337778199722e+00
1.186040267234050871e+00
1.730357104595246429e-02
2.321818799984293857e+00
5.444916016755986243e-01
-1.613495287840352566e+00
-1.128119787178878175e+00
3.713597905227159046e+00
-1.861987621172258578e+00
-2.065796467409571624e-01
-1.738481356495595043e-01
1.133704771828729196e+00
-2.143724168994561197e+00
-8.083057029200104715e-01
-1.370439068118129322e+00
9.219841764540985807e-01
-7.166196196845946442e-01
-7.867114980169027660e-01
1.381596376608129839e+00
-1.547566374605057860e+00
-1.916745713081565272e+00
1.968155942961332894e+00
-6.678268993139022669e-01
-6.195502780701366285e-01
4.527920708358595392e-01
9.110114805955040751e-01
-2.815088173712911424e+00
3.161638315600912019e+00
2.580181020567202665e-01
-1.601919100277531482e+00
-1.583372716066264507e+00
7.959266249422206618e-01
8.215266806130662181e-01
-1.880678373393746883e+00
1.523317079638942362e+00
-3.644102997806157318e-01
1.207159667553422633e+00
-3.505824808278786620e+00
-4.139117588161360217e+00
-3.103706440732088012e+00
6.315834403227430505e-01
2.555235000964925174e+00
-1.600617156812964847e-01
-9.003122503828835388e-01
1.137235584431661506e+00
-2.112527023301644657e+00
-1.217409691008005224e+00
-9.596060603671963118e-01
1.043336156729969488e+00
3.768164698673504009e+00
-3.401714710071440662e-02
-1.313144559820077495e+00
-9.084861408307816077e-01
1.261405423173164175e-01
2.784526517647243793e+00
-1.578749429128981197e+00
-1.171781837164483919e+00
3.552286124413091439e+00
-2.492082105018446736e+00
4.160426159456428685e+00
3.775802854855689894e+00
5.822724758658208710e-01
-2.074616206116383754e+00
-2.935125180439758896e+00
-2.033396337508740714e+00
-1.404803178639375538e+00
-2.721494317270924501e+00
1.694395632912016003e+00
1.113088609151323016e+00
-1.859238058767440194e+00
1.331546431231546146e+00
-1.299134357830296738e+00
2.099210567282017603e+00
-1.164845489781218157e+00
1.110987787885571842e+00
-1.403326041585028383e+00
-2.358941738054721959e+00
1.615729366083548779e+00
-7.289392157579970277e-01
-9.148108171822978418e-01
-7.808417400883022053e-01
6.946665259667772485e-01
8.502016306007581514e-01
5.267142491509521629e-02
3.233039694257073826e+00
-2.338792268896281890e+00
4.172581882252581753e-01
1.913641559139054316e+00
7.527788516967620636e-01
-2.420324927233203471e+00
-3.328019179904037284e+00
-4.377265929925497012e+00
2.292239145120622545e+00
2.807008150544146208e+00
1.374621441239301634e+00
-2.433785247945826846e+00
9.330800824780038916e-01
-8.613298265135773679e-01
2.406168956486152699e-01
9.846804406786859032e-02
1.341087350614968754e+00
-1.257111510795201559e+00
-8.081229450917754020e-01
4.383915414276177702e-01
6.635656815985861989e-01
-2.739801170803529917e+00
8.849311689588997831e-01
-3.401131253752414652e-01
-4.939355156418294146e-01
-3.239886718457136272e+00
-1.802933907826246296e-01
1.737239338901039654e+00
-3.268236760953900921e-01
-1.708064265734421827e+00
-1.626171939008789646e+00
-5.299121909335303693e-01
7.703493800856086038e-01
2.082180774736919648e+00
3.500572785999102710e+00
-1.122309851834373262e+00
-2.007018711071931749e-01
8.168845928958720082e-01
-7.600418045932215705e-01
1.325920399094743241e+00
-2.597754061609609089e+00
1.306090854093837628e+00
-1.987385893850312835e+00
-1.007905257011260991e+00
1.570759224214982597e+00
1.148118218575630289e-01
-1.679494818269897438e+00
1.302129390682668975e+00
1.092414808612554022e+00
-8.902299984082000517e-01
-8.328636490844121276e-01
1.538926655561731582e+00
-1.603035000945910227e+00
-2.528201753968732035e+00
9.614398532345181936e-01
-8.563118997921750353e-01
-1.545032118865946602e+00
6.368096528368627496e-01
1.864092390514721087e+00
-8.456118031926378453e-01
-1.508099592996867244e+00
-1.712242626503259535e+00
1.504975396178038105e+00
-2.461689697850987013e+00
-1.053725701120076019e+00
1.370848452279681773e+00
6.423796128767335079e-01
-7.990220129944967109e-01
-8.543003149389593043e-01
1.001719162924998630e+00
1.882797656652620999e+00
1.188673716735127117e+00
7.354603971720283795e-01
-4.826635911540131385e-01
3.930158185363584744e-01
1.759365912970327406e+00
-1.201543026636832545e+00
-2.259968077816101872e-02
7.580257718803524725e-01
-1.583601671801710742e+00
1.662384964936491238e+00
-2.229846202040871028e-01
3.895233522940111381e-01
6.522941885079999169e-01
-4.713787852173798032e-01
-5.697177476864051515e-01
7.867503726198187275e-01
-6.169565066902491512e-01
-5.084853000581245119e+00
-1.126930558669691010e-02
-2.379929482308233535e+00
3.099967852086907838e-01
-1.778391254658291176e+00
-1.181210960521295705e+00
1.845958231880914013e+00
7.173365605802123346e-01
1.539470602132530619e+00
-2.869826767435144976e+00
4.646131680468921776e-01
6.517976829589672283e-01
-2.069909275434264284e+00
-2.963239457317246583e-01
5.214145106535484908e-01
1.188731329739795672e+00
2.331770714848065307e+00
6.817913434032472908e-02
-1.551597890853245953e+00
-1.910482240132692855e+00
-2.259663061666987272e+00
-8.072763135977722992e-01
-2.619046326434882332e-01
1.788603247170906130e+00
2.983332071816089393e+00
2.615649429525444880e+00
-3.124823204959001011e+00
3.509125707431093311e+00
4.329776271268916954e-01
-1.872356489707927008e-01
9.394170392915136836e-02
-2.175184406768443601e+00
1.397503932313705288e+00
3.222295028465853584e-01
5.607921507321861343e-01
1.892627736481154788e+00
-2.884078906800964237e+00
1.518123065228837776e+00
3.384666867878283192e-01
9.572395689605226465e-01
3.947904311347773199e+00
-1.185080327462640915e+00
-2.634401991527045017e-01
-1.206676240370641029e+00
-1.088698143933112039e+00
1.676033442463192635e+00
-2.149658582352500791e-01
6.289356181943301927e-01
2.143842622714117407e+00
2.158641236302407229e+00
-4.849887647732183282e+00
3.270627073920694627e+00
2.114262774176962623e+00
1.130436537237342387e+00
-6.021858647433490086e-01
-3.130155597422769720e+00
1.630478026689628157e+00
-1.827267224819721703e+00
3.157929109380575028e+00
4.004204794574385273e-01
-9.870811914873625081e-01
-3.549443994895363108e+00
1.742701748540451123e-01
2.274348888180643957e-02
4.132941338475869530e-01
-1.258971475537078666e+00
-3.421594249776701346e+00
5.668721568274882605e-01
-2.181984994866728922e+00
2.250419102681491257e+00
-1.106798888416972021e-01
-2.078508460549030712e+00
2.577411114949046844e+00
-9.157824372769209076e-02
-1.260731041744592495e+00
