Generation: 0 53.3593 85.8192 5.1984 15.6725
Generation: 1 60.4869 177.2784 16.0208 19.1745
Generation: 2 46.6207 124.6340 23.1708 18.3409
Generation: 3 57.4095 134.5532 27.6201 18.7953
Generation: 4 55.4141 132.6489 35.8851 15.5910
Generation: 5 59.3212 113.2495 40.0639 11.5713
Generation: 6 53.0167 130.5818 36.9585 15.0767
Generation: 7 56.2691 110.5142 38.9381 12.5757
Generation: 8 58.9159 135.8308 40.0961 12.3823
Generation: 9 59.8997 136.7020 40.1680 12.6677
Generation: 10 59.7511 136.5590 39.3161 13.5796
Generation: 11 56.3954 133.5270 38.7157 14.2141
Generation: 12 57.6176 134.6271 42.1441 9.4761
Generation: 13 58.4610 135.4961 41.1540 12.1973
Generation: 14 54.4321 131.8920 42.9366 6.7554
Generation: 15 55.1556 132.5148 41.0120 11.4039
Generation: 16 60.4344 137.2546 41.6746 12.7131
Generation: 17 57.9281 134.9523 39.1889 14.1959
Generation: 18 59.1255 136.0311 38.1762 15.8258
Generation: 19 56.4158 133.5516 41.0759 13.1346
Generation: 20 59.8276 136.6428 41.4865 11.5079
Generation: 21 56.6781 133.7907 40.8253 11.7467
Generation: 22 63.0148 151.6014 41.9349 10.8511
Generation: 23 52.0914 129.6015 42.3530 8.6180
Generation: 24 56.0337 133.2752 42.0150 12.0863
Generation: 25 61.1209 137.8165 42.9437 9.9281
Generation: 26 63.6965 180.1808 41.6558 10.9351
Generation: 27 62.4993 139.0917 45.4912 7.0274
Generation: 28 61.4225 138.1242 44.1439 9.6627
Generation: 29 62.9369 139.5107 44.3867 12.2826
Generation: 30 63.4829 139.9709 43.2864 11.2757
Generation: 31 61.8713 138.5857 44.4410 12.1801
Generation: 32 64.2384 140.6123 42.9598 15.3060
Generation: 33 61.2847 137.9862 46.1012 9.3519
Generation: 34 62.8857 139.4798 43.3793 14.5366
Generation: 35 62.5662 139.1603 45.8125 13.2139
Generation: 36 68.4407 144.4770 47.6069 9.2961
Generation: 37 62.8599 139.4605 48.0260 10.1647
Generation: 38 67.4945 143.6602 46.9391 9.9312
Generation: 39 64.0915 140.5843 50.2371 7.0477
Generation: 40 68.4901 144.5495 49.8897 9.9565
Generation: 41 62.5826 179.1739 49.9652 10.8419
Generation: 42 66.2970 142.5738 51.2733 8.9805
Generation: 43 73.0343 148.6417 51.2905 8.2698
Generation: 44 61.8639 138.5575 48.6204 13.0683
Generation: 45 71.9123 147.6235 49.9072 9.6048
Generation: 46 64.2222 140.7154 49.9783 7.5166
Generation: 47 67.4835 143.6434 50.1224 10.4487
Generation: 48 61.9097 138.6046 52.1925 7.0297
Generation: 49 67.2994 143.4643 50.0699 12.8310
Generation: 50 60.9004 149.5913 52.5715 8.9455
Generation: 51 71.7747 147.4995 53.1711 9.9682
Generation: 52 61.7959 150.4909 52.8902 7.2739
Generation: 53 70.6639 146.4837 51.7032 9.4265
Generation: 54 62.3717 138.9657 51.5914 7.7500
Generation: 55 69.4417 145.3780 50.4746 11.0787
Generation: 56 64.7065 181.0846 54.5853 8.5480
Generation: 57 60.9803 149.6309 53.0103 6.2787
Generation: 58 63.5366 180.0210 55.1998 7.3560
Generation: 59 66.0964 142.3497 53.2813 9.8294
Generation: 60 67.3966 143.5623 55.0629 6.0883
Generation: 61 60.8988 149.5869 54.9241 9.0582
Generation: 62 67.4572 143.5815 54.2080 7.2122
Generation: 63 61.9635 150.5549 54.3855 6.5329
Generation: 64 61.3237 178.0173 54.6431 6.7553
Generation: 65 62.0656 150.6353 54.7170 6.7159
Generation: 66 62.4719 139.0553 53.2419 7.8875
Generation: 67 60.9043 149.6053 55.1003 6.0832
Generation: 68 68.5181 184.5874 55.2802 6.0266
Generation: 69 61.4265 150.1178 53.8022 6.3355
Generation: 70 68.6243 144.6577 54.6475 6.6644
Generation: 71 68.5778 144.6289 54.4421 8.3423
Generation: 72 63.8237 152.3032 55.5941 6.4641
Generation: 73 67.1949 143.3335 55.1464 6.3082
Generation: 74 62.5110 151.1027 54.5721 8.4036
Generation: 75 64.7312 181.1088 54.0476 10.1443
Generation: 76 62.5703 179.1613 55.6964 6.8180
Generation: 77 64.7915 181.1696 55.7514 5.9123
Generation: 78 64.7497 181.1275 54.1974 6.2538
Generation: 79 63.5904 180.0741 56.2543 5.5102
Generation: 80 68.2846 144.3170 54.5878 7.2650
Generation: 81 69.6329 145.5688 56.1006 6.0292
Generation: 82 59.8056 148.6030 55.8692 5.7132
Generation: 83 72.9091 148.5212 54.6548 7.9372
Generation: 84 63.6663 180.1456 56.4554 7.2656
Generation: 85 62.7761 179.3531 56.4372 7.8930
Generation: 86 60.9414 149.6314 55.7982 8.3080
Generation: 87 63.2320 151.7072 55.5684 6.1224
Generation: 88 62.0770 150.6602 55.3966 10.3146
Generation: 89 63.5054 179.9902 56.3757 5.5584
Generation: 90 71.7193 147.4337 55.9510 9.9137
Generation: 91 62.9602 151.5468 55.7107 7.7964
Generation: 92 63.1725 151.6477 56.2437 9.6209
Generation: 93 60.9600 149.6513 56.4353 6.4849
Generation: 94 60.9828 149.6738 56.7559 5.4005
Generation: 95 60.3073 177.1077 56.1334 6.5286
Generation: 96 59.8249 148.6210 54.5166 12.4930
Generation: 97 64.7767 181.1542 55.4076 8.5122
Generation: 98 64.6456 181.0218 57.9354 5.1362
Generation: 99 61.3691 150.0613 57.5084 4.2033
Generation: 100 61.4370 150.1293 57.6654 7.1701
Generation: 101 66.3664 164.4717 57.6586 5.1426
Generation: 102 63.6251 152.1002 57.7559 4.7910
Generation: 103 62.5302 151.1122 56.8947 4.9214
Generation: 104 60.8977 149.5878 57.6384 5.7709
Generation: 105 61.5003 150.1913 57.6504 6.1630
Generation: 106 63.1458 151.6196 57.5124 5.6980
Generation: 107 63.2166 151.6926 58.5446 5.0223
Generation: 108 63.2127 151.6901 58.2619 4.2672
Generation: 109 60.9111 149.6018 57.5708 5.3154
Generation: 110 63.8444 152.3186 57.2968 7.4499
Generation: 111 72.8535 148.4587 58.5178 4.7287
Generation: 112 63.6170 152.0922 56.3759 5.4123
Generation: 113 62.0269 150.6092 57.8813 5.1957
Generation: 114 62.0113 150.5942 58.2675 5.0089
Generation: 115 64.8668 153.2341 58.0786 4.6621
Generation: 116 64.2926 152.6596 58.5225 4.3730
Generation: 117 62.6595 151.2427 57.8216 4.6345
Generation: 118 63.6655 152.1412 58.6325 4.5127
Generation: 119 63.1837 151.6577 59.1192 3.7941
Generation: 120 68.4501 144.5015 58.3344 4.4138
Generation: 121 63.6194 152.0957 58.2880 4.3011
Generation: 122 63.2080 151.6846 58.4435 4.4313
Generation: 123 63.6241 152.0992 58.4357 3.8670
Generation: 124 63.6034 152.0797 58.6065 4.7873
Generation: 125 64.8365 153.2066 58.3191 5.3947
Generation: 126 63.1663 151.6417 58.1981 6.0412
Generation: 127 64.7981 153.1666 59.0337 4.6032
Generation: 128 63.8245 152.2997 58.5388 4.7846
Generation: 129 62.4700 151.0632 58.5140 5.2902
Generation: 130 64.4405 152.8221 58.4330 5.2977
Generation: 131 64.7709 153.1386 58.5063 5.9713
Generation: 132 63.2097 151.6856 58.8468 4.8802
Generation: 133 62.0896 150.6737 58.3930 4.9950
Generation: 134 69.6713 157.6180 58.0342 4.7242
Generation: 135 63.5886 152.0736 58.9876 4.8590
Generation: 136 64.7581 153.1266 58.8497 4.7435
Generation: 137 63.6644 152.1407 59.1362 4.4107
Generation: 138 64.9006 153.2691 58.8268 5.2114
Generation: 139 63.6404 152.1240 58.1837 5.7135
Generation: 140 63.2373 151.7141 58.7120 5.2142
Generation: 141 69.8872 157.8351 59.6311 4.9849
Generation: 142 66.1241 154.3808 59.0847 5.4235
Generation: 143 64.9927 153.3661 58.1719 5.9842
Generation: 144 68.5644 156.6242 58.4914 5.0482
Generation: 145 63.7777 152.2551 58.4704 5.0823
Generation: 146 65.0256 153.3941 57.7423 5.3945
Generation: 147 63.7112 152.1955 58.7453 4.6167
Generation: 148 63.8709 152.3472 59.3156 3.7879
Generation: 149 65.0495 153.4207 57.8442 4.9179
Generation: 150 65.9102 154.1825 58.0963 7.3034
Generation: 151 70.6603 158.4841 58.9534 4.5632
Generation: 152 67.9961 156.0558 57.9814 5.1703
Generation: 153 64.3708 152.7381 59.0020 5.2520
Generation: 154 65.6986 153.9728 57.6784 5.9996
Generation: 155 71.9473 159.6728 57.8677 5.1375
Generation: 156 69.8066 157.7455 58.1211 5.2218
Generation: 157 70.6973 163.4059 56.4093 7.2957
Generation: 158 72.0796 159.8046 56.9263 8.8234
Generation: 159 69.8240 157.7759 58.4188 5.2230
Generation: 160 65.3991 153.7708 58.0180 5.5093
Generation: 161 72.2400 159.9673 58.2668 8.2247
Generation: 162 68.6494 156.7097 56.7425 8.2953
Generation: 163 70.2232 158.1786 56.0883 10.5670
Generation: 164 67.9236 156.1002 56.4988 8.7562
Generation: 165 69.6121 157.5575 59.6445 4.6528
Generation: 166 68.2127 156.2665 57.7610 8.3219
Generation: 167 65.6804 154.0670 58.3277 5.7088
Generation: 168 72.0501 159.7799 58.0236 8.2181
Generation: 169 70.7301 158.5563 55.8247 11.3384
Generation: 170 68.6317 156.6942 57.7282 5.4380
Generation: 171 68.7978 156.8604 58.8856 5.7055
Generation: 172 62.5999 179.1970 59.1644 5.5971
Generation: 173 67.9638 156.0252 58.4003 6.7607
Generation: 174 67.7923 155.9695 57.1929 8.7537
Generation: 175 62.3959 178.9867 57.9047 5.4088
Generation: 176 65.9781 154.2477 58.0658 8.4217
Generation: 177 68.0733 156.1309 57.3702 8.0196
Generation: 178 62.3183 156.9304 57.7260 8.8379
Generation: 179 69.2035 157.2696 58.3797 6.7172
Generation: 180 67.9950 156.0511 58.4142 7.5059
Generation: 181 63.4991 179.9847 60.4768 4.7036
Generation: 182 67.7476 155.9183 58.8054 6.2901
Generation: 183 66.2697 154.5367 58.2202 5.8010
Generation: 184 67.9510 156.0132 59.0912 5.9452
Generation: 185 71.0680 158.9067 59.5233 5.9641
Generation: 186 67.7791 155.9478 58.4314 7.9199
Generation: 187 68.6242 174.6754 60.0366 5.4710
Generation: 188 72.0688 159.7994 59.2893 6.3559
Generation: 189 70.8026 158.6442 58.9106 6.6662
Generation: 190 74.5847 162.1001 60.8704 5.4851
Generation: 191 70.9119 158.7510 58.8051 6.2225
Generation: 192 70.7276 180.3892 58.9143 6.5043
Generation: 193 72.2283 159.9501 60.7223 5.6791
Generation: 194 69.2303 157.2959 58.9607 6.6764
Generation: 195 76.9323 164.2050 60.9911 5.1146
Generation: 196 74.5038 161.9959 61.0468 5.9758
Generation: 197 72.1971 159.9262 60.0523 5.8120
Generation: 198 66.0975 154.3815 59.3842 6.2756
Generation: 199 70.0301 157.9848 60.9474 5.8126
Generation: 200 74.3022 161.8091 58.5134 7.1051
Generation: 201 70.1145 158.0716 61.0084 4.8697
Generation: 202 68.0619 156.2359 60.2141 5.4471
Generation: 203 74.1382 161.6444 60.0450 6.0448
Generation: 204 72.5393 160.2696 60.5585 6.0186
Generation: 205 69.1632 157.2293 59.8845 6.1557
Generation: 206 69.1832 157.2521 60.3794 5.5697
Generation: 207 71.0558 158.9008 59.9781 5.6626
Generation: 208 69.0739 157.1367 60.0511 5.6921
Generation: 209 72.1723 159.9019 59.8592 6.0411
Generation: 210 73.1377 160.7637 61.0325 5.9663
Generation: 211 75.4038 162.7785 60.4035 5.5767
Generation: 212 75.7365 163.1238 60.7682 6.2456
Generation: 213 70.8466 158.6785 59.5764 6.3413
Generation: 214 70.6434 158.4780 60.1147 5.6672
Generation: 215 68.5031 156.5700 59.9237 5.5943
Generation: 216 70.5079 158.3471 60.0494 6.3438
Generation: 217 73.8400 161.3356 60.6764 5.9946
Generation: 218 68.0469 156.1036 59.8079 6.0406
Generation: 219 72.0892 159.8181 60.7535 5.9351
Generation: 220 70.0267 157.9827 60.6273 5.1653
Generation: 221 71.4218 159.1426 59.5549 5.9709
Generation: 222 71.7906 159.5122 59.9656 5.6204
Generation: 223 72.0280 159.7561 59.8596 6.3062
Generation: 224 70.9034 158.7364 59.6036 5.8256
Generation: 225 68.0507 156.2269 60.0822 5.6052
Generation: 226 71.4114 159.1382 60.6681 6.6575
Generation: 227 68.6474 156.7064 60.2419 5.9842
Generation: 228 72.7864 160.3950 60.7757 6.0233
Generation: 229 69.9284 157.8815 58.8951 7.9707
Generation: 230 69.9855 157.9262 60.2446 5.7737
Generation: 231 70.4179 158.2446 59.9373 6.3404
Generation: 232 73.4097 161.0323 60.5958 5.8757
Generation: 233 74.2083 161.7105 60.9356 5.8563
Generation: 234 73.2727 160.8831 60.7396 6.0087
Generation: 235 71.4047 159.1376 61.5469 5.8132
Generation: 236 71.8316 159.5444 61.0068 5.5880
Generation: 237 70.3552 158.1831 60.4539 6.0208
Generation: 238 75.4301 162.8207 61.4483 6.1022
Generation: 239 73.7158 161.3363 61.6874 5.8053
Generation: 240 72.1374 159.8524 60.9846 5.4846
Generation: 241 71.1396 158.9810 61.4612 4.9561
Generation: 242 73.9400 161.4232 62.6666 4.9419
Generation: 243 71.3887 159.2360 61.1759 5.8673
Generation: 244 71.5955 159.3277 60.7886 5.6801
Generation: 245 74.0900 161.6016 61.1035 6.2117
Generation: 246 72.0790 159.7984 61.8510 5.7032
Generation: 247 68.7446 156.8062 60.9203 4.8925
Generation: 248 71.2205 158.9206 61.1788 5.4982
Generation: 249 72.3312 160.0543 60.2930 6.3264
Generation: 250 71.6495 159.3595 62.1419 5.2167
Generation: 251 69.5989 157.5462 60.5840 5.6716
Generation: 252 72.4507 160.0668 61.1441 5.6576
Generation: 253 73.3333 160.9428 61.8965 5.6264
Generation: 254 74.6482 162.1502 61.0685 6.4482
Generation: 255 72.7692 160.4902 61.0098 6.6362
Generation: 256 70.5638 158.4008 61.5034 5.6038
Generation: 257 66.8116 160.9833 62.2959 5.2933
Generation: 258 72.5032 160.2293 61.6481 6.9970
Generation: 259 72.4125 160.1344 60.0887 7.4235
Generation: 260 72.9960 160.4753 59.2257 7.0904
Generation: 261 70.5907 158.4321 60.9087 6.5476
Generation: 262 72.3980 160.1275 61.5783 5.5708
Generation: 263 73.4039 161.0159 62.3359 6.5190
Generation: 264 76.7167 163.9946 60.9919 6.7172
Generation: 265 74.2917 161.7830 61.0379 6.4593
Generation: 266 72.4481 160.1710 61.1106 6.6570
Generation: 267 71.1031 158.9373 60.5795 5.8709
Generation: 268 72.3639 160.0917 61.8492 6.1227
Generation: 269 72.9287 160.5417 61.7502 5.8234
Generation: 270 75.4773 162.8743 62.0920 6.1266
Generation: 271 73.7106 161.3199 61.0095 6.2336
Generation: 272 73.2576 160.8763 61.6992 6.1903
Generation: 273 72.1554 159.8898 61.8264 6.2431
Generation: 274 72.3249 160.0417 61.6386 6.0817
Generation: 275 72.2917 160.0245 61.8742 5.7151
Generation: 276 73.3290 160.9415 62.1061 5.7849
Generation: 277 73.4570 161.0753 61.4144 6.6689
Generation: 278 73.3484 160.9582 61.8595 6.1094
Generation: 279 73.1842 160.7842 61.2490 5.8158
Generation: 280 71.3059 159.1483 62.2234 5.7728
Generation: 281 71.9196 159.5296 61.6956 6.4598
Generation: 282 73.5206 161.1394 63.2593 5.0363
Generation: 283 73.1630 160.7795 63.1148 5.3811
Generation: 284 73.4017 161.0208 63.1825 6.0240
Generation: 285 71.5494 159.3820 60.6734 6.0998
Generation: 286 73.1282 160.7462 61.3255 6.4755
Generation: 287 74.5014 162.0005 62.5528 6.4863
Generation: 288 72.3114 160.0354 62.4125 6.2740
Generation: 289 73.3001 160.9128 63.2758 5.6472
Generation: 290 72.3206 160.0261 62.5465 6.2827
Generation: 291 73.3680 160.9843 61.8818 6.4779
Generation: 292 73.3764 160.9922 63.3024 4.5676
Generation: 293 72.1437 159.8758 62.0827 6.0965
Generation: 294 75.0286 162.3721 62.7850 5.0824
Generation: 295 73.8227 161.3053 61.8263 6.7221
Generation: 296 75.5105 162.8915 63.3421 6.1907
Generation: 297 74.3883 161.8926 62.0131 6.0649
Generation: 298 72.3820 160.1104 62.0807 6.1171
Generation: 299 72.1144 159.8405 61.6328 6.7515
Generation: 300 73.6817 161.3019 62.2342 6.5567
Generation: 301 63.4445 179.9278 62.7224 6.3509
Generation: 302 74.5788 162.0648 63.3334 5.9347
Generation: 303 72.7419 160.4794 62.6715 6.6408
Generation: 304 74.2085 161.7009 63.5275 6.7904
Generation: 305 75.5877 162.9674 62.9807 6.8692
Generation: 306 74.0946 161.5772 62.1309 6.1825
Generation: 307 74.3752 189.8827 62.6068 6.3496
Generation: 308 72.5590 160.2785 63.1077 6.5433
Generation: 309 72.3399 160.0621 63.1409 5.7277
Generation: 310 74.4577 161.9538 63.0635 6.5490
Generation: 311 73.2948 160.9144 63.6045 5.3459
Generation: 312 73.7846 161.4002 63.9830 5.4904
Generation: 313 75.7692 163.1489 62.6709 5.6053
Generation: 314 70.7054 198.5449 62.3345 6.1858
Generation: 315 72.1989 159.9332 62.9047 5.3172
Generation: 316 72.5693 160.3051 61.9846 5.9632
Generation: 317 67.3007 183.4603 62.1170 6.0850
Generation: 318 73.4402 161.0609 63.6989 4.9661
Generation: 319 72.9361 160.5512 63.5310 5.0449
Generation: 320 70.4046 198.2437 62.2069 5.8034
Generation: 321 74.9264 162.4320 63.3422 6.0165
Generation: 322 72.2796 160.0039 62.6385 5.4793
Generation: 323 75.5197 162.9059 62.9712 7.8546
Generation: 324 74.0580 161.5574 61.8863 6.6034
Generation: 325 73.2094 160.8211 63.8562 5.5664
Generation: 326 71.0914 158.9339 62.5920 5.4082
Generation: 327 74.8678 162.3702 63.8488 5.4479
Generation: 328 75.3671 162.7530 62.2756 6.1509
Generation: 329 73.4201 161.0466 62.6591 6.6085
Generation: 330 70.3179 198.1566 62.3286 6.1546
Generation: 331 72.0839 159.8124 62.3500 6.2090
Generation: 332 75.8142 163.2071 61.5239 7.8753
Generation: 333 73.7699 161.3930 60.9577 8.1248
Generation: 334 70.2870 198.1266 62.2660 6.6586
Generation: 335 73.2012 160.8166 61.7545 6.3362
Generation: 336 72.6887 160.4275 61.3381 6.2522
Generation: 337 72.6223 160.3608 62.2309 6.3008
Generation: 338 73.4907 161.1002 62.3947 6.7950
Generation: 339 73.4242 161.0283 62.4113 6.1998
Generation: 340 72.1617 159.8740 62.8190 5.0960
Generation: 341 73.3266 160.9418 62.2356 6.2460
Generation: 342 73.1726 160.7750 62.8265 6.2722
Generation: 343 74.1311 161.6257 62.8518 4.9378
Generation: 344 75.6877 163.0731 63.9174 5.6106
Generation: 345 73.6369 161.1193 62.6423 6.5595
Generation: 346 70.9114 158.7316 63.2717 4.9294
Generation: 347 71.6277 199.3585 62.8469 6.3358
Generation: 348 65.5984 181.8702 60.7436 7.3220
Generation: 349 73.6528 161.2635 62.1868 7.3083
Generation: 350 75.9690 203.2400 62.0596 6.3373
Generation: 351 70.4716 198.3103 61.5427 6.3032
Generation: 352 70.3977 198.2374 62.9059 6.0672
Generation: 353 70.6530 198.4912 63.0219 6.5942
Generation: 354 75.2552 162.6426 63.0450 6.8391
Generation: 355 75.6518 163.0433 60.7724 7.1754
Generation: 356 75.8119 163.1995 61.8668 7.2077
Generation: 357 69.0636 185.0140 61.7820 5.5979
Generation: 358 70.1697 186.0105 62.2256 6.9647
Generation: 359 76.7426 164.0275 61.5564 6.8682
Generation: 360 71.6509 199.3832 62.2933 6.4113
Generation: 361 77.1881 164.4655 61.5546 6.4750
Generation: 362 70.7367 198.5754 61.9510 7.1940
Generation: 363 70.8297 198.6675 62.2254 6.3527
Generation: 364 71.4323 199.1659 62.7541 5.6640
Generation: 365 70.4761 198.3158 62.1480 5.9714
Generation: 366 71.3617 199.0945 61.5345 6.4536
Generation: 367 70.4016 198.2412 62.5014 5.8637
Generation: 368 70.6071 198.4454 62.5523 5.6185
Generation: 369 70.4211 198.2608 62.2543 6.7075
Generation: 370 70.7746 198.6107 62.3988 6.7100
Generation: 371 71.7597 199.4906 63.5937 4.8336
Generation: 372 69.3041 185.2522 62.7956 6.1158
Generation: 373 70.6141 198.4525 61.8010 6.6304
Generation: 374 70.4123 198.2524 63.5148 4.9312
Generation: 375 70.4695 198.3095 62.5317 6.3136
Generation: 376 71.5454 199.2778 63.0920 6.4208
Generation: 377 71.4965 199.2273 62.5592 6.3119
Generation: 378 71.5300 199.2619 63.2591 5.4052
Generation: 379 71.6781 199.4089 63.8600 5.8448
Generation: 380 71.4954 199.2273 62.7219 6.6703
Generation: 381 66.8380 183.0021 62.1996 6.6503
Generation: 382 73.6693 161.2864 63.4133 6.3393
Generation: 383 68.1278 184.1832 63.4716 5.8538
Generation: 384 74.9753 162.4791 62.9767 5.8349
Generation: 385 70.4555 198.2937 62.5272 7.0907
Generation: 386 71.7647 199.4957 61.7742 8.1157
Generation: 387 71.4245 199.1577 61.1552 8.2247
Generation: 388 70.3254 198.1653 63.2278 5.7529
Generation: 389 68.9909 184.9403 62.8034 5.8067
Generation: 390 70.5333 198.3737 62.5334 6.2481
Generation: 391 70.3377 198.1774 62.4199 6.3438
Generation: 392 70.7596 198.5984 62.1191 7.3582
Generation: 393 76.0127 203.4191 63.5592 6.4654
Generation: 394 70.7137 198.5517 62.2044 6.6969
Generation: 395 70.8979 198.7368 62.6240 6.4742
Generation: 396 70.5018 198.3388 63.3931 5.9955
Generation: 397 70.7397 198.5775 62.4134 7.7311
Generation: 398 71.0250 198.8618 61.6335 7.7065
Generation: 399 71.5858 199.3185 62.2873 6.4943
Generation: 400 71.4572 199.1890 61.3546 7.6492
Generation: 401 70.8540 198.6903 61.9916 6.5072
Generation: 402 71.3303 199.1650 62.5492 6.8415
Generation: 403 70.3208 198.1608 61.8580 6.7903
Generation: 404 70.7761 198.6130 63.6693 4.8670
Generation: 405 71.4930 199.2256 63.6954 5.7804
Generation: 406 70.7121 198.5504 63.2408 5.7071
Generation: 407 71.4896 199.2224 63.3080 5.9765
Generation: 408 70.8337 198.6698 63.0429 5.8725
Generation: 409 70.6671 198.5054 64.0759 5.6816
Generation: 410 70.9982 198.8369 62.2527 6.8230
Generation: 411 71.3966 199.1290 64.5043 4.6994
Generation: 412 70.4034 198.2416 62.5939 5.8815
Generation: 413 70.8815 198.7205 63.0552 6.0053
Generation: 414 70.4870 198.3271 62.2907 7.5695
Generation: 415 70.6817 198.5188 63.1748 5.9489
Generation: 416 71.5970 199.3298 64.0145 5.4348
Generation: 417 71.6220 199.3550 63.1906 6.7050
Generation: 418 71.7015 199.4332 63.1243 6.0111
Generation: 419 71.8004 199.5327 62.8092 6.4359
Generation: 420 71.4854 199.2183 63.5460 6.3755
Generation: 421 71.0092 198.8482 64.4723 5.6286
Generation: 422 70.8822 198.7209 63.7799 5.7563
Generation: 423 71.8001 199.5314 63.7806 5.8023
Generation: 424 71.4000 199.1330 61.7061 7.3968
Generation: 425 75.3116 202.7011 64.6860 4.9173
Generation: 426 71.4814 199.2123 62.9440 6.5882
Generation: 427 71.7468 199.4778 64.1554 5.9085
Generation: 428 71.6029 199.3323 63.4774 7.0166
Generation: 429 71.5895 199.3223 63.8555 5.5115
Generation: 430 70.7787 198.6174 63.3848 6.4846
Generation: 431 71.5369 199.2706 63.5725 6.2499
Generation: 432 71.7494 199.4831 64.0965 5.9439
Generation: 433 71.5504 199.2824 64.1413 4.6033
Generation: 434 70.9358 198.7747 63.8447 5.7455
Generation: 435 71.7393 199.4737 64.4502 6.0031
Generation: 436 70.9463 198.7848 64.2731 5.7184
Generation: 437 70.9242 198.7629 64.8534 5.4944
Generation: 438 70.9408 198.7777 64.2209 6.1492
Generation: 439 70.8582 198.6971 64.3134 6.5801
Generation: 440 71.6507 199.3840 64.1635 5.9823
Generation: 441 71.8184 199.5502 64.1136 5.8814
Generation: 442 70.6725 198.5108 63.9054 6.6155
Generation: 443 71.4825 199.2148 65.2486 4.5008
Generation: 444 71.9865 199.7174 65.8018 4.9234
Generation: 445 71.9521 199.6848 64.9737 5.8826
Generation: 446 72.1428 199.8736 66.2992 4.2167
Generation: 447 71.7870 199.5178 64.5611 5.6123
Generation: 448 71.6724 199.4027 65.5407 4.8380
Generation: 449 71.9851 199.7164 64.9063 5.4555
Generation: 450 70.9553 198.7923 65.4214 5.3525
Generation: 451 71.8623 199.5935 65.3226 6.0415
Generation: 452 71.5712 199.3037 64.3341 6.0312
Generation: 453 71.9485 199.6798 64.9558 5.5337
Generation: 454 74.1469 201.6577 64.7926 4.9947
Generation: 455 71.5843 199.3160 64.3877 5.8709
Generation: 456 71.7300 199.4627 64.4710 5.3861
Generation: 457 71.0416 198.8770 64.5587 5.5628
Generation: 458 71.9136 199.6444 64.9413 5.1208
Generation: 459 72.0306 199.7608 64.7130 6.3041
Generation: 460 71.5890 199.3198 64.5440 6.1260
Generation: 461 71.7823 199.5135 64.3385 6.5034
Generation: 462 71.7723 199.5035 64.0311 7.1053
Generation: 463 72.0102 199.7411 64.4429 5.4903
Generation: 464 72.0044 199.7356 63.7971 6.7805
Generation: 465 71.7631 199.4941 64.6791 5.9474
Generation: 466 71.8314 199.5619 65.3017 5.1342
Generation: 467 71.9295 199.6576 64.2477 6.9991
Generation: 468 71.8428 199.5719 65.2273 5.9500
Generation: 469 71.8343 199.5656 64.5205 6.2952
Generation: 470 71.3163 199.0486 65.1617 5.2511
Generation: 471 70.9540 198.7923 65.3778 5.3395
Generation: 472 70.8632 198.7021 63.9702 6.5326
Generation: 473 71.9077 199.6385 63.8725 6.9405
Generation: 474 72.0108 199.7404 63.3672 6.8034
Generation: 475 72.0047 199.7360 65.8799 4.7611
Generation: 476 71.6873 199.4182 65.0467 5.5906
Generation: 477 71.5539 199.2836 64.3167 6.0013
Generation: 478 71.6632 199.3960 64.8937 5.5665
Generation: 479 71.8069 199.5378 64.8152 6.0093
Generation: 480 71.8379 199.5685 65.4731 4.5717
Generation: 481 71.4616 199.1930 65.1147 4.8566
Generation: 482 72.7581 200.3784 65.9214 4.4117
Generation: 483 70.7219 198.5554 64.1156 5.5929
Generation: 484 71.7533 199.4860 65.1191 4.7747
Generation: 485 71.6094 199.3390 65.3161 4.7006
Generation: 486 71.5700 199.2998 65.4279 5.9460
Generation: 487 71.9797 199.7056 65.5200 5.4015
Generation: 488 71.8604 199.5910 66.1424 4.9215
Generation: 489 71.4763 199.2086 64.8520 6.3269
Generation: 490 70.7987 198.6375 66.2717 3.9614
Generation: 491 71.7050 199.4339 65.2755 5.6171
Generation: 492 71.7441 199.4766 66.1221 5.7032
Generation: 493 71.0070 198.8446 65.2354 5.3262
Generation: 494 72.0393 199.7703 65.6862 5.6490
Generation: 495 71.6223 199.3532 65.4088 5.7184
Generation: 496 72.1511 199.8816 66.4741 4.7248
Generation: 497 71.9047 199.6335 65.3180 5.6711
Generation: 498 71.6093 199.3432 64.4559 6.5628
Generation: 499 71.7334 199.4648 66.0302 4.8718
Generation: 500 75.0047 202.5102 66.2009 4.9810
Generation: 501 71.7163 199.4452 65.9038 5.3375
Generation: 502 71.8071 199.5356 65.0393 6.0364
Generation: 503 71.7584 199.4882 64.5693 5.6119
Generation: 504 72.1455 199.8744 64.8761 6.1477
Generation: 505 71.9696 199.6964 65.2313 6.3443
Generation: 506 70.8563 198.6941 64.7956 5.3181
Generation: 507 70.6442 198.4797 64.9988 5.2454
Generation: 508 71.8810 199.6119 65.6412 4.8934
Generation: 509 71.7459 199.4756 65.4852 5.2652
Generation: 510 72.7252 200.3459 65.2104 5.6162
Generation: 511 71.5598 199.2895 64.9488 5.4873
Generation: 512 70.6571 198.4941 66.2559 5.0995
Generation: 513 71.4403 199.1735 65.1694 5.4853
Generation: 514 71.2628 199.0998 65.6857 6.5661
Generation: 515 71.1817 199.0181 64.7578 6.2096
Generation: 516 71.5307 199.2608 65.7409 5.6773
Generation: 517 70.9542 198.7923 65.5486 5.2393
Generation: 518 71.5952 199.3280 65.6746 5.0662
Generation: 519 71.9901 199.7190 65.3854 5.5582
Generation: 520 71.8306 199.5589 65.2641 5.6586
Generation: 521 70.9692 198.8029 66.0118 5.1244
Generation: 522 74.5923 202.1022 65.3874 4.7391
Generation: 523 71.4389 199.1719 66.0952 5.0354
Generation: 524 71.9054 199.6348 65.8005 4.9789
Generation: 525 71.7929 199.5227 66.4005 4.7511
Generation: 526 71.1907 199.0277 65.9352 5.3788
Generation: 527 76.0678 203.4502 65.5339 5.1445
Generation: 528 71.5628 199.2937 64.7433 6.2402
Generation: 529 71.0013 198.8316 65.0778 6.3450
Generation: 530 71.8350 199.5648 66.0561 4.7862
Generation: 531 71.0062 198.8338 66.5195 4.9556
Generation: 532 71.1894 199.0246 66.7740 3.9356
Generation: 533 71.7400 199.4727 65.7788 4.9032
Generation: 534 71.8351 199.5640 64.8076 5.2355
Generation: 535 71.8765 199.6048 66.4662 4.4775
Generation: 536 70.9888 198.8243 64.9806 6.5414
Generation: 537 71.0941 198.9292 65.1163 5.1062
Generation: 538 71.3663 199.0986 65.6447 4.5771
Generation: 539 71.8269 199.5581 65.3479 5.6687
Generation: 540 71.5759 199.3057 65.8969 4.3299
Generation: 541 71.5585 199.2902 65.8712 5.2757
Generation: 542 70.9383 198.7731 65.7594 4.1930
Generation: 543 72.0900 199.8190 65.1497 5.1661
Generation: 544 71.7492 199.4793 65.3550 6.1221
Generation: 545 71.0001 198.8358 65.0559 4.9114
Generation: 546 71.8949 199.6277 65.6377 5.2907
Generation: 547 71.7364 199.4677 66.4141 4.2833
Generation: 548 71.6025 199.3323 65.2202 5.4512
Generation: 549 71.8258 199.5532 65.7883 4.7964
Generation: 550 71.5220 199.2532 65.3166 5.1879
Generation: 551 71.4663 199.1977 66.2262 4.5593
Generation: 552 70.5748 198.4121 65.5454 4.4090
Generation: 553 71.5657 199.3009 66.9702 3.2898
Generation: 554 70.9788 198.8144 66.2174 4.0658
Generation: 555 71.8733 199.6031 66.7535 4.2781
Generation: 556 71.8588 199.5877 65.7108 4.7944
Generation: 557 71.3783 199.2129 66.8201 3.9172
Generation: 558 71.5722 199.3040 66.8969 4.6091
Generation: 559 71.7767 199.5065 66.1944 5.6000
Generation: 560 71.4150 199.1477 65.0650 5.8099
Generation: 561 71.7326 199.4624 65.6008 5.4314
Generation: 562 71.7899 199.5210 66.5205 5.0073
Generation: 563 71.7426 199.4719 66.6108 4.7943
Generation: 564 75.8711 203.2742 65.8278 5.1728
Generation: 565 71.9464 199.6773 65.4521 6.6452
Generation: 566 72.1724 199.9008 66.8011 4.6387
Generation: 567 71.0549 198.8915 66.0569 5.7681
Generation: 568 71.7631 199.4940 66.0799 5.1406
Generation: 569 71.7934 199.5235 67.0990 4.9350
Generation: 570 71.6335 199.3635 65.9844 5.2339
Generation: 571 71.6985 199.4294 66.2610 5.6966
Generation: 572 71.9564 199.6873 65.2981 6.3305
Generation: 573 72.2477 199.9768 65.9615 5.9222
Generation: 574 75.5997 203.0014 66.9631 4.9009
Generation: 575 71.8964 199.6273 65.9983 5.4879
Generation: 576 71.8274 199.5552 65.9875 4.8802
Generation: 577 72.0644 199.7928 65.8598 5.5421
Generation: 578 72.2027 199.9312 67.0246 4.6031
Generation: 579 71.9605 199.6894 66.7592 5.3864
Generation: 580 72.0642 199.7952 66.9056 4.9287
Generation: 581 72.2127 199.9412 65.2619 6.0177
Generation: 582 72.5295 200.2561 66.5318 5.8134
Generation: 583 72.2639 199.9944 65.8412 6.0004
Generation: 584 72.0989 199.8277 66.3536 4.3403
Generation: 585 72.1219 199.8506 65.8509 5.8953
Generation: 586 71.8301 199.5627 66.0380 4.9075
Generation: 587 72.2357 199.9641 64.0970 8.6043
Generation: 588 72.2572 199.9858 66.1804 5.2501
Generation: 589 72.3597 200.0883 65.4093 6.3878
Generation: 590 72.2402 199.9689 66.1516 5.7695
Generation: 591 72.1010 199.8323 65.2884 5.9831
Generation: 592 73.2567 200.8738 65.0858 6.7592
Generation: 593 77.3527 204.6418 65.6563 6.2219
Generation: 594 72.0607 199.7891 66.7407 5.5963
Generation: 595 72.2077 199.9362 66.0930 5.2610
Generation: 596 72.2231 199.9489 65.5522 5.9033
Generation: 597 74.2955 201.8056 65.8340 6.2639
Generation: 598 73.3275 200.9487 65.0475 6.2772
Generation: 599 72.2403 199.9673 66.5064 4.6619
Generation: 600 71.9670 199.6974 65.5399 5.6694
Generation: 601 71.9858 199.7160 67.1258 4.7914
Generation: 602 72.3119 200.0396 67.3754 5.1883
Generation: 603 72.3414 200.0702 66.6964 5.7758
Generation: 604 72.2842 200.0089 66.7015 5.8522
Generation: 605 72.1077 199.8362 66.5138 5.5819
Generation: 606 71.9522 199.6819 67.1022 5.1930
Generation: 607 72.2248 199.9556 67.0551 4.8056
Generation: 608 71.9225 199.6527 66.4165 5.3551
Generation: 609 72.0802 199.8089 66.5769 4.8319
Generation: 610 72.2839 200.0124 67.1751 5.2169
Generation: 611 74.9586 202.4628 66.1135 5.8057
Generation: 612 72.2289 199.9577 67.1647 4.9780
Generation: 613 71.9864 199.7173 66.9038 4.7460
Generation: 614 72.2357 199.9641 66.8117 4.3989
Generation: 615 72.0873 199.8131 66.0036 5.4089
Generation: 616 71.9567 199.6868 66.2316 5.7599
Generation: 617 72.3260 200.0548 67.0708 4.9476
Generation: 618 74.6092 202.1119 66.7165 5.5173
Generation: 619 72.2492 199.9781 67.7171 4.4268
Generation: 620 72.4090 200.1353 67.2343 4.9753
Generation: 621 72.2418 199.9706 65.2441 6.4341
Generation: 622 72.1810 199.9098 67.4825 4.7592
Generation: 623 75.8744 203.2598 66.0995 6.3563
Generation: 624 72.3536 200.0819 66.9519 5.0307
Generation: 625 72.2747 200.0036 66.5172 5.0182
Generation: 626 72.3290 200.0571 66.5423 5.3420
Generation: 627 72.2869 200.0174 67.5168 3.4763
Generation: 628 74.6343 202.1375 66.6212 5.3272
Generation: 629 72.3144 200.0449 67.0726 5.3127
Generation: 630 72.2929 200.0206 67.4162 5.6963
Generation: 631 76.7176 203.9947 66.5213 5.6662
Generation: 632 72.2940 200.0221 65.5503 5.9805
Generation: 633 72.3515 200.0778 67.5735 4.5644
Generation: 634 72.3976 200.1226 67.0160 5.3511
Generation: 635 72.3960 200.1225 66.2678 6.2069
Generation: 636 72.2193 199.9452 66.5967 4.4182
Generation: 637 72.1098 199.8379 65.8532 6.6728
Generation: 638 72.2228 199.9511 67.0401 5.8256
Generation: 639 72.2890 200.0171 67.4402 4.4863
Generation: 640 72.1694 199.8999 67.1214 5.8545
Generation: 641 74.3173 201.8269 66.9850 5.1935
Generation: 642 72.2394 199.9699 66.7193 5.9800
Generation: 643 72.2321 199.9580 66.1033 5.4960
Generation: 644 72.3619 200.0904 65.4966 6.6214
Generation: 645 72.6486 200.2695 66.2343 6.3261
Generation: 646 72.3614 200.0900 66.6264 5.1052
Generation: 647 77.8352 204.9776 66.2424 5.4625
Generation: 648 72.5473 200.2737 66.4647 6.1599
Generation: 649 75.7263 203.1100 66.8161 6.0355
Generation: 650 72.4689 200.1971 66.0851 6.7069
Generation: 651 72.2660 199.9924 66.3052 6.3214
Generation: 652 75.7893 203.1824 66.1009 5.9554
Generation: 653 72.3048 200.0334 65.9115 5.4075
Generation: 654 72.5151 200.2433 67.5871 4.4573
Generation: 655 72.4314 200.1602 66.8311 5.6102
Generation: 656 74.4158 201.9150 66.0297 6.9048
Generation: 657 73.0644 200.6817 66.1915 5.5874
Generation: 658 72.4702 200.1967 67.9087 5.5251
Generation: 659 73.5827 201.1935 66.7023 5.9927
Generation: 660 72.4173 200.1454 67.8629 5.0998
Generation: 661 72.2369 199.9674 65.7351 6.0065
Generation: 662 72.4973 200.2237 67.0617 5.7074
Generation: 663 72.3376 200.0651 67.2907 5.4484
Generation: 664 72.3263 200.0548 66.5357 6.1309
Generation: 665 72.5398 200.2662 67.0033 6.0111
Generation: 666 72.2561 199.9844 67.7394 5.1429
Generation: 667 74.2018 201.7093 67.1423 5.5453
Generation: 668 72.2862 200.0104 67.9045 4.5169
Generation: 669 77.1134 204.3979 66.4993 6.4978
Generation: 670 72.4578 200.1813 66.0980 6.4934
Generation: 671 72.1904 199.9211 67.2198 5.7340
Generation: 672 73.5217 201.1426 65.7084 7.8031
Generation: 673 72.4451 200.1728 66.9216 5.9427
Generation: 674 72.3718 200.1017 66.7613 6.0621
Generation: 675 72.4732 200.2015 66.1668 7.4707
Generation: 676 72.4065 200.1346 66.9434 6.1528
Generation: 677 72.4027 200.1292 67.2985 5.7075
Generation: 678 73.3396 200.9707 66.4863 6.8322
Generation: 679 75.1434 202.6495 66.8898 6.5001
Generation: 680 72.4885 200.2149 68.5837 4.7942
Generation: 681 74.7154 202.2077 67.9792 4.9228
Generation: 682 72.3030 200.0348 66.7133 6.2513
Generation: 683 74.4736 201.9940 67.3699 5.2376
Generation: 684 72.3911 200.1194 67.1901 5.1768
Generation: 685 72.3723 200.1004 67.7485 4.8422
Generation: 686 72.2074 199.9373 66.2449 6.0558
Generation: 687 73.2954 200.9074 66.7592 5.9680
Generation: 688 72.4185 200.1450 67.8762 5.6694
Generation: 689 72.6096 200.3349 66.0882 6.6719
Generation: 690 72.3373 200.0654 66.5658 6.0973
Generation: 691 72.3483 200.0744 68.4581 4.6051
Generation: 692 72.3981 200.1262 66.6197 5.5287
Generation: 693 72.4247 200.1512 67.9827 5.4710
Generation: 694 72.5494 200.2775 68.5476 4.9363
Generation: 695 72.4248 200.1529 67.6813 5.3666
Generation: 696 72.4560 200.1825 67.4400 5.3922
Generation: 697 76.6417 203.9295 66.8893 6.0990
Generation: 698 73.4464 201.0685 67.0382 6.3411
Generation: 699 72.4410 200.1675 68.2639 5.1618
Generation: 700 72.8302 200.4502 66.0246 6.9076
Generation: 701 72.4297 200.1583 68.3512 5.3942
Generation: 702 72.3967 200.1239 68.5734 4.8376
Generation: 703 72.3986 200.1269 67.0796 6.6766
Generation: 704 72.9869 200.6057 68.3709 4.9278
Generation: 705 72.4187 200.1454 68.5481 4.9035
Generation: 706 76.6970 203.9792 66.4431 6.2866
Generation: 707 72.5296 200.2566 67.2755 6.1757
Generation: 708 72.4566 200.1815 67.5415 4.9349
Generation: 709 72.3722 200.0987 67.5299 5.8950
Generation: 710 72.4877 200.2134 67.0825 6.1195
Generation: 711 76.7640 204.0572 66.6100 6.9927
Generation: 712 72.3873 200.1154 68.2757 5.2011
Generation: 713 72.3747 200.1019 68.1736 4.4602
Generation: 714 72.5391 200.2643 68.0286 5.2216
Generation: 715 75.7510 203.1512 67.8790 5.7869
Generation: 716 72.4346 200.1599 68.7080 4.7564
Generation: 717 72.4137 200.1386 68.1812 5.0073
Generation: 718 72.4540 200.1803 67.9308 5.5104
Generation: 719 72.4410 200.1675 67.4277 6.4118
Generation: 720 72.4248 200.1512 67.1944 5.9607
Generation: 721 72.4770 200.2006 67.1614 6.0524
Generation: 722 72.4923 200.2187 67.3681 5.8895
Generation: 723 72.5310 200.2575 66.1932 7.3674
Generation: 724 72.3536 200.0819 67.3251 6.6478
Generation: 725 72.3572 200.0860 67.4696 5.9110
Generation: 726 72.4236 200.1509 67.2964 5.7403
Generation: 727 72.4562 200.1833 68.9131 3.9574
Generation: 728 72.4467 200.1739 67.2868 5.8903
Generation: 729 72.4141 200.1402 68.4129 5.0747
Generation: 730 72.3836 200.1119 66.9407 6.2062
Generation: 731 72.6264 200.3522 68.7827 3.8358
Generation: 732 72.6077 200.3312 68.3125 5.5274
Generation: 733 72.5957 200.3225 68.4333 4.9170
Generation: 734 72.5191 200.2440 67.2047 6.3074
Generation: 735 72.3611 200.0894 66.2275 6.5155
Generation: 736 72.5204 200.2452 67.2632 5.6625
Generation: 737 73.0467 200.6663 67.2152 6.6709
Generation: 738 77.0633 204.3351 68.2247 5.2125
Generation: 739 72.4036 200.1317 67.6510 5.7085
Generation: 740 75.5190 202.9236 68.3276 4.9561
Generation: 741 72.5082 200.2335 67.7100 6.2540
Generation: 742 72.3960 200.1225 67.3868 5.1798
Generation: 743 72.6986 200.4236 68.4687 4.8680
Generation: 744 72.4589 200.1847 68.2364 5.1590
Generation: 745 72.5514 200.2772 68.4796 5.0991
Generation: 746 72.6616 200.3870 68.0748 5.5182
Generation: 747 72.6390 200.3656 68.4869 5.7660
Generation: 748 72.6414 200.3672 66.7637 6.2887
Generation: 749 72.5902 200.3159 67.2239 5.7492
Generation: 750 75.6134 203.0010 67.5387 5.9054
Generation: 751 72.5135 200.2399 68.3560 5.0984
Generation: 752 72.6192 200.3458 68.4932 4.7663
Generation: 753 72.5864 200.3109 67.7389 5.5670
Generation: 754 72.4646 200.1899 67.7239 5.8229
Generation: 755 72.6716 200.3964 69.2748 5.0133
Generation: 756 72.6815 200.4081 67.9952 5.6599
Generation: 757 72.5306 200.2582 68.3706 4.9251
Generation: 758 72.6091 200.3340 67.2063 6.0264
Generation: 759 76.6186 203.9057 67.8073 6.0539
Generation: 760 75.7167 203.1117 68.6325 5.6811
Generation: 761 72.5491 200.2740 68.5658 5.7198
Generation: 762 72.7079 200.4327 68.0384 5.8489
Generation: 763 73.1950 200.8113 66.9431 7.2271
Generation: 764 72.4529 200.1796 66.4077 7.0881
Generation: 765 72.5396 200.2644 67.8177 6.3210
Generation: 766 74.4734 201.9826 67.0865 6.8320
Generation: 767 72.5898 200.3155 68.1674 5.7762
Generation: 768 73.5015 201.1164 68.9661 4.7947
Generation: 769 72.5627 200.2884 68.3321 5.6394
Generation: 770 73.0796 200.6956 68.8220 5.8712
Generation: 771 74.6001 202.1032 68.9763 5.2130
Generation: 772 72.6056 200.3332 69.3186 5.4169
Generation: 773 76.8087 204.0915 67.5600 6.1480
Generation: 774 72.6318 200.3593 68.2707 5.7209
Generation: 775 72.6304 200.3552 68.3999 5.7529
Generation: 776 72.6568 200.3844 67.8560 6.3961
Generation: 777 72.6703 200.3970 69.0641 4.8799
Generation: 778 72.6866 200.4114 69.2867 4.3866
Generation: 779 72.7329 200.4577 68.9872 4.5936
Generation: 780 72.6854 200.4102 67.7082 6.4338
Generation: 781 72.6332 200.3600 68.6596 5.3284
Generation: 782 72.5729 200.3000 68.9674 4.5651
Generation: 783 72.7596 200.4844 68.7452 4.9792
Generation: 784 72.6043 200.3308 68.8701 5.3320
Generation: 785 73.3107 200.9271 67.7884 6.8259
Generation: 786 73.2556 200.8756 68.5267 5.5343
Generation: 787 75.7117 203.1040 68.9978 4.5830
Generation: 788 72.6333 200.3571 68.9331 5.2307
Generation: 789 75.7373 203.1244 69.1497 4.4331
Generation: 790 73.3672 200.9825 69.0229 5.0581
Generation: 791 72.6270 200.3536 68.6645 4.9573
Generation: 792 72.7045 200.4311 69.2333 4.7140
Generation: 793 73.4377 201.0529 68.1058 5.7149
Generation: 794 72.5444 200.2700 69.3198 5.1173
Generation: 795 72.6727 200.3984 69.7649 4.1315
Generation: 796 73.4976 201.1110 68.9388 5.0081
Generation: 797 74.4376 201.9307 67.8541 5.8730
Generation: 798 72.6324 200.3591 69.3305 4.2260
Generation: 799 74.4168 201.9225 68.5287 5.6093
Generation: 800 72.6516 200.3764 68.2094 5.7266
Generation: 801 72.6445 200.3711 68.5985 5.1193
Generation: 802 72.5127 200.2384 68.3546 5.4127
Generation: 803 73.2788 200.8963 68.1314 5.7280
Generation: 804 76.6654 203.9491 69.4159 3.7906
Generation: 805 72.4852 200.2109 69.8791 4.0172
Generation: 806 76.9809 204.2788 68.4823 5.1453
Generation: 807 75.5940 202.9860 68.8328 5.0169
Generation: 808 72.5864 200.3139 69.1000 4.6585
Generation: 809 72.6117 200.3383 68.5351 5.2995
Generation: 810 72.6541 200.3790 68.4850 6.0683
Generation: 811 72.7179 200.4427 69.1585 5.0333
Generation: 812 74.4382 201.9424 68.2288 6.0829
Generation: 813 72.5719 200.2975 68.3647 6.4201
Generation: 814 74.7623 202.2682 69.1340 5.0373
Generation: 815 73.4476 201.0609 68.8843 6.2884
Generation: 816 72.6553 200.3820 69.6811 4.6592
Generation: 817 72.6349 200.3598 69.4105 4.7438
Generation: 818 72.6395 200.3661 68.6309 5.5211
Generation: 819 72.6004 200.3252 68.9599 4.9232
Generation: 820 72.6616 200.3865 69.8441 4.4717
Generation: 821 74.6564 202.1709 68.9225 5.1597
Generation: 822 73.7529 201.3821 67.6111 7.0812
Generation: 823 73.8468 201.4710 69.3989 4.0553
Generation: 824 75.8335 203.2184 70.2118 3.4009
Generation: 825 73.7370 201.3504 70.1869 3.5584
Generation: 826 72.6737 200.4002 69.3270 4.4956
Generation: 827 72.6015 200.3281 68.2970 5.5462
Generation: 828 72.6466 200.3715 69.1056 5.6976
Generation: 829 72.6691 200.3940 67.9814 6.3913
Generation: 830 74.9012 202.4158 68.8093 5.5277
Generation: 831 72.5968 200.3244 68.2172 5.7452
Generation: 832 73.7280 201.3365 68.4757 4.9315
Generation: 833 75.7611 203.1646 68.7614 4.7005
Generation: 834 77.0033 204.2775 67.5376 5.9597
Generation: 835 73.2342 200.8513 67.7973 5.8140
Generation: 836 73.7508 201.3668 68.6571 4.8315
Generation: 837 76.2422 203.6424 67.5156 6.2185
Generation: 838 77.3496 204.6341 67.5865 6.2278
Generation: 839 72.5936 200.3192 67.9289 5.3498
Generation: 840 76.7697 204.0615 67.2844 5.8450
Generation: 841 72.6616 200.3865 68.8159 5.0214
Generation: 842 72.6287 200.3552 68.2405 5.3564
Generation: 843 72.5663 200.2940 68.3405 5.9997
Generation: 844 78.3282 205.5053 68.3602 4.9931
Generation: 845 72.6686 200.3936 67.9428 5.5563
Generation: 846 72.5981 200.3257 68.2279 5.5550
Generation: 847 74.2982 201.8061 67.4462 6.4802
Generation: 848 75.9252 203.3209 68.4049 4.9852
Generation: 849 73.2104 200.8279 69.3115 4.3128
Generation: 850 73.2369 200.8563 68.0470 5.4260
Generation: 851 72.5951 200.3209 68.6176 5.1743
Generation: 852 72.6315 200.3581 69.3812 5.0029
Generation: 853 73.3119 200.9288 69.0046 3.9585
Generation: 854 73.6153 201.2474 69.7178 4.5665
Generation: 855 72.5301 200.2578 68.5527 4.7080
Generation: 856 74.6541 202.1603 69.6843 3.6209
Generation: 857 74.1174 201.6220 68.7855 5.0523
Generation: 858 72.6343 200.3619 69.4116 4.1747
Generation: 859 73.3776 200.9933 69.4587 3.9454
Generation: 860 74.5514 202.0566 69.7603 3.5153
Generation: 861 72.6929 200.4177 68.4623 5.5041
Generation: 862 72.6264 200.3522 68.4695 5.0479
Generation: 863 74.4171 201.9223 68.8320 5.6408
Generation: 864 73.4473 201.0629 68.6846 5.2365
Generation: 865 72.6928 200.4195 69.2382 4.6659
Generation: 866 72.6042 200.3307 68.4665 4.8887
Generation: 867 72.6264 200.3522 67.9472 5.8786
Generation: 868 73.8082 201.4159 67.9352 6.1077
Generation: 869 72.9100 200.5297 69.4956 4.1172
Generation: 870 72.6628 200.3895 69.3505 5.1361
Generation: 871 72.6166 200.3415 69.5326 4.5737
Generation: 872 74.5886 202.0932 68.6819 5.1323
Generation: 873 72.6703 200.3970 68.7045 4.9805
Generation: 874 72.7087 200.4352 69.5716 4.7325
Generation: 875 72.5742 200.3008 68.0986 5.9886
Generation: 876 72.6616 200.3865 69.7530 4.1823
Generation: 877 72.6181 200.3455 69.6966 4.3888
Generation: 878 75.8295 203.2380 69.3380 5.3955
Generation: 879 72.6470 200.3737 68.9519 5.8078
Generation: 880 72.7237 200.4502 68.3242 5.8297
Generation: 881 74.4427 201.9495 68.4580 5.4217
Generation: 882 72.6268 200.3544 69.0573 4.0407
Generation: 883 72.6024 200.3291 69.2326 4.1481
Generation: 884 72.6520 200.3786 69.5394 3.6867
Generation: 885 75.9194 203.3030 70.0122 3.5707
Generation: 886 74.2358 201.7450 69.4271 4.3478
Generation: 887 73.2504 200.8646 69.2236 4.6370
Generation: 888 72.6053 200.3326 69.8676 3.3701
Generation: 889 72.8389 200.5718 69.8524 4.1276
Generation: 890 75.8935 203.2912 69.9479 3.7028
Generation: 891 72.5855 200.3119 69.9421 3.6125
Generation: 892 72.6379 200.3627 69.6543 4.2542
Generation: 893 72.6749 200.3998 69.3659 5.1291
Generation: 894 72.6807 200.4073 69.5550 4.1757
Generation: 895 72.5351 200.2616 68.5302 5.4529
Generation: 896 72.6073 200.3330 69.2641 4.5785
Generation: 897 72.5676 200.2953 69.2873 4.3026
Generation: 898 72.6166 200.3415 68.7934 5.4067
Generation: 899 72.6530 200.3794 69.2067 5.0172
Generation: 900 72.6361 200.3634 69.3367 4.8547
Generation: 901 72.5731 200.2989 69.9265 4.0727
Generation: 902 72.6572 200.3836 69.8680 4.0256
Generation: 903 72.6052 200.3328 69.7770 3.6810
Generation: 904 77.0508 204.3379 70.3848 2.7593
Generation: 905 72.6083 200.3351 70.3509 2.9099
Generation: 906 72.5533 200.2800 69.3654 4.2952
Generation: 907 72.5586 200.2859 70.3205 3.4668
Generation: 908 72.5973 200.3249 70.2646 3.6630
Generation: 909 73.4310 201.0450 70.1607 4.1746
Generation: 910 76.9652 204.2509 70.1325 3.6888
Generation: 911 72.6106 200.3364 70.0830 3.1078
Generation: 912 72.6230 200.3494 70.5239 3.3878
Generation: 913 72.6152 200.3409 69.8019 3.6278
Generation: 914 74.7754 202.2773 69.4834 4.7559
Generation: 915 72.6507 200.3773 70.1846 4.1731
Generation: 916 74.7488 202.2638 69.3875 5.2103
Generation: 917 77.0427 204.3284 69.8348 3.8169
Generation: 918 72.6378 200.3644 69.1725 4.1479
Generation: 919 77.1078 204.4022 70.3553 3.5388
Generation: 920 75.9544 203.3402 70.1490 3.9225
Generation: 921 74.1208 201.6296 70.1298 3.5222
Generation: 922 72.6543 200.3818 70.4169 2.8168
Generation: 923 72.6031 200.3289 70.2885 3.1384
Generation: 924 75.6908 203.0860 70.6358 3.8204
Generation: 925 74.1569 201.6658 70.2751 2.8048
Generation: 926 72.6161 200.3411 70.5944 3.0480
Generation: 927 76.5374 203.8062 69.1923 4.7503
Generation: 928 73.4773 201.0909 69.9764 4.1636
Generation: 929 72.6739 200.4014 69.6496 4.1210
Generation: 930 77.3218 204.6120 70.4016 3.0541
Generation: 931 72.6314 200.3589 69.1764 4.5192
Generation: 932 73.0442 200.6639 70.2110 3.3499
Generation: 933 72.6065 200.3331 69.9145 4.4757
Generation: 934 76.8913 204.1826 70.4265 3.5044
Generation: 935 72.6300 200.3565 70.0768 3.7816
Generation: 936 76.8747 204.1622 70.2085 4.0152
Generation: 937 72.6397 200.3655 70.3293 2.8368
Generation: 938 76.9826 204.2699 69.7140 4.3381
Generation: 939 72.6389 200.3664 70.1548 3.5923
Generation: 940 75.7769 203.1699 70.4594 3.3511
Generation: 941 77.0054 204.2944 69.3271 5.1145
Generation: 942 75.8202 203.2115 69.4867 4.7729
Generation: 943 72.6874 200.4123 68.9677 5.0975
Generation: 944 72.5889 200.3164 69.8446 4.2226
Generation: 945 72.6530 200.3759 69.2910 4.9480
Generation: 946 73.2236 200.8400 69.6973 4.1429
Generation: 947 72.5521 200.2799 69.9542 4.0624
Generation: 948 72.6113 200.3390 69.4652 4.7335
Generation: 949 72.6192 200.3458 69.4122 4.2419
Generation: 950 72.6611 200.3861 70.4775 2.4501
Generation: 951 72.6426 200.3703 70.5148 3.2300
Generation: 952 72.7399 200.4627 69.5978 5.2502
Generation: 953 74.2107 201.7116 69.3603 5.0085
Generation: 954 76.0776 203.4773 69.7351 3.9785
Generation: 955 72.6549 200.3816 69.7049 3.9499
Generation: 956 78.0295 205.2107 70.5354 3.6127
Generation: 957 72.6154 200.3402 70.1219 3.4543
Generation: 958 72.6587 200.3852 69.7479 4.4043
Generation: 959 72.6414 200.3689 69.9980 3.7614
Generation: 960 72.6643 200.3919 69.7627 4.4412
Generation: 961 72.6228 200.3477 70.2252 3.4372
Generation: 962 72.6482 200.3750 70.1794 3.5923
Generation: 963 72.6557 200.3825 70.9028 2.5309
Generation: 964 72.6155 200.3419 70.3383 3.0074
Generation: 965 72.5954 200.3220 69.8319 2.9629
Generation: 966 72.6801 200.4078 69.8890 4.1343
Generation: 967 72.6403 200.3670 69.5376 4.1519
Generation: 968 77.7984 204.9653 69.8143 3.9945
Generation: 969 72.6487 200.3752 69.1888 4.1549
Generation: 970 73.5640 201.1759 69.8647 3.1848
Generation: 971 75.7942 203.1839 70.3793 3.3483
Generation: 972 73.2432 200.8580 69.7145 4.0126
Generation: 973 74.0260 201.5336 69.4587 5.0311
Generation: 974 72.6414 200.3672 70.1676 3.7039
Generation: 975 75.8820 203.2761 69.6714 4.2412
Generation: 976 72.6264 200.3539 70.1686 3.6703
Generation: 977 72.6351 200.3628 69.4384 4.2176
Generation: 978 72.6314 200.3589 69.1628 5.1368
Generation: 979 72.6870 200.4136 69.1006 5.8688
Generation: 980 72.6474 200.3741 69.6063 3.5786
Generation: 981 73.1436 200.7621 69.1295 4.8724
Generation: 982 72.6174 200.3441 69.9923 3.4498
Generation: 983 72.5484 200.2759 69.6641 4.2389
Generation: 984 72.5811 200.3084 69.8558 4.4526
Generation: 985 72.6182 200.3450 69.6477 4.1948
Generation: 986 72.6332 200.3600 69.2757 5.1781
Generation: 987 72.6332 200.3600 69.7943 4.1397
Generation: 988 72.6404 200.3652 69.4974 4.3450
Generation: 989 72.6137 200.3402 69.5762 4.6397
Generation: 990 72.5514 200.2772 69.4047 5.2287
Generation: 991 72.6004 200.3252 70.4057 4.3010
Generation: 992 75.5666 202.9519 69.7171 4.6705
Generation: 993 72.5814 200.3072 69.6689 4.0862
Generation: 994 72.6166 200.3415 70.6300 2.4387
Generation: 995 72.5874 200.3141 69.9606 3.9093
Generation: 996 72.5976 200.3253 69.1077 5.5413
Generation: 997 72.6091 200.3340 69.6813 4.2293
Generation: 998 75.4671 202.8588 71.1902 2.4735
Generation: 999 72.5873 200.3147 70.0266 3.6475
