2.756965328890546019e-01
-1.000000000000000000e+00
9.822613055627223977e-01
7.040554908551943658e-01
-1.000000000000000000e+00
-7.362996908287937625e-01
-2.577371025948401728e-01
9.546806692999270094e-01
8.839928255236717547e-02
1.000000000000000000e+00
-1.000000000000000000e+00
9.512036703891690870e-02
-1.000000000000000000e+00
8.609614550802960897e-01
-7.457157688632491954e-01
-1.642984035676696708e-01
8.746834547739417154e-01
7.187517972762375029e-01
-1.000000000000000000e+00
-6.807202147908422152e-01
5.565408805430622774e-01
4.344065154734686462e-01
2.288450051229612425e-01
9.357760542293163120e-01
-3.015283666072865465e-01
5.666982883950280048e-01
1.000000000000000000e+00
7.156783386912723977e-02
-3.515827677573148957e-01
6.533855219043716023e-02
-6.885000019142095695e-02
-7.650603427830269254e-01
-1.795095195713394265e-01
-2.358661214362826053e-01
2.322329633538723903e-01
2.044512955004011978e-01
-5.772686134897311305e-01
-5.087101483658817980e-02
7.878626935174176671e-01
-8.336053742320026494e-01
7.568195018895894632e-01
-1.000000000000000000e+00
9.598064138734778705e-01
-6.154576086805590984e-01
-1.000000000000000000e+00
7.526903360396717257e-01
2.553624286238851404e-01
-1.000000000000000000e+00
-1.000000000000000000e+00
-3.866109696178828825e-01
1.000000000000000000e+00
1.619559152325900087e-02
5.399864532094977854e-02
8.730754715477980765e-01
-1.000000000000000000e+00
9.803403184949449622e-01
1.000000000000000000e+00
-3.399558162478006906e-01
9.751767634227959114e-02
1.000000000000000000e+00
8.219093338727623266e-02
-6.324565404385060763e-01
-1.821591021725013082e-01
-1.000000000000000000e+00
7.392515275755578985e-01
-1.533878996694804098e-02
-7.674015019201820831e-01
-1.000000000000000000e+00
-8.396201161978177341e-01
5.966703827982461350e-01
4.546514070678435715e-01
2.563636629033420045e-01
-7.268307030368916788e-01
3.891320415020568246e-01
7.153303214909487728e-01
-1.000000000000000000e+00
-8.386840748221313646e-01
-6.010420261631301830e-01
-5.466393457515401622e-01
7.514558647237736810e-01
-4.060571233430729787e-01
-1.000000000000000000e+00
2.715954103393114494e-02
2.409027367278407383e-01
-1.000000000000000000e+00
-7.598363569768856740e-01
-9.616821169229927690e-02
9.189505666561512687e-01
-3.994446099802921868e-01
-1.000000000000000000e+00
8.980738391141748211e-01
8.306575681940280287e-01
3.387188039713500132e-01
1.000000000000000000e+00
-8.163781160652183733e-01
-1.406130846038186055e-01
-9.662228420811391771e-02
-2.953447973135819860e-01
-4.109989034334323721e-01
-6.818355981399073507e-01
-4.488077580702676261e-02
6.695146797408424444e-01
-4.294076555963950437e-01
7.863530814861936502e-01
1.000000000000000000e+00
-3.603282814873082773e-01
-4.104272743178406513e-01
-6.905435426817070343e-01
-1.000000000000000000e+00
4.067127951422759846e-01
6.027204643884387369e-01
4.495421832538861739e-01
1.933967588779919033e-01
1.884005074787491463e-01
1.000000000000000000e+00
-6.265041383270092412e-01
-4.036698493492301143e-01
-1.000000000000000000e+00
1.173305163715864241e-01
5.903861843141908761e-01
9.051378043642479554e-01
4.411074871526765584e-02
7.453541411326707333e-01
-6.750352920823590175e-01
4.150798216619423497e-01
4.656915838092834381e-02
-2.239667185819413930e-01
5.856275781429017835e-01
2.812940221289468301e-01
5.673630071573263489e-01
-9.952330329502596662e-01
-7.653454059492241779e-01
7.604584640646522287e-01
1.000000000000000000e+00
3.310674392118241327e-01
2.710534683715737359e-02
-1.625226296186690345e-01
8.525024723776136737e-01
-1.000000000000000000e+00
-8.734509945550361643e-02
1.000000000000000000e+00
8.153892938588391814e-01
-1.000000000000000000e+00
2.570808834246660624e-01
-1.117001915333245554e-01
-5.659825219873375612e-01
7.854771462274968696e-01
-6.321115294469048518e-01
-4.869375607053114674e-01
7.319269257035543319e-01
9.405309254707127087e-01
1.000000000000000000e+00
2.740060011927836214e-02
1.000000000000000000e+00
9.737117467582483421e-01
4.130516565211435065e-01
-7.173944071063544925e-01
-6.224709402651882328e-01
-5.270486113965675568e-01
5.565744110392771837e-01
-4.908144198030998107e-01
-1.000000000000000000e+00
-1.000000000000000000e+00
-6.598591590802397322e-01
-1.168473621890561143e-01
-5.510360765310304831e-01
-8.510415124166167411e-01
-1.000000000000000000e+00
-4.518385567056535379e-01
5.428968380107492830e-01
1.000000000000000000e+00
-1.489837465149634887e-02
-6.021499342623757300e-01
-6.919941724142857353e-01
-1.000000000000000000e+00
-1.000000000000000000e+00
-8.558999665833674220e-01
-2.756807105619729636e-01
2.985703141923105042e-01
-4.495155086768143349e-01
6.041689829371956755e-01
-1.000000000000000000e+00
-8.160913069901265526e-02
2.444314948066428350e-02
3.722930775233532774e-01
-4.907198294468358979e-01
-6.887389337882531271e-01
-2.989978207621124540e-01
-4.158338466377299869e-01
2.347575174948546284e-01
8.942921506177995417e-01
7.396842164468296899e-01
1.000000000000000000e+00
-1.793077168292751544e-01
9.760421326325512403e-01
3.527849121306488867e-01
1.000000000000000000e+00
-1.000000000000000000e+00
7.593257639356606470e-01
-1.000000000000000000e+00
3.994408160795985818e-01
-3.588097522347521995e-02
-8.939181746808063656e-01
-4.537138435140533055e-01
-7.673127157003124532e-01
-1.973257412851732173e-01
-1.000000000000000000e+00
-9.662312540650828119e-01
-5.556134232509785109e-01
-8.432612141876695278e-01
-2.357242949763810325e-01
9.263400513599173713e-02
7.716270222746938190e-01
9.841254143895540318e-01
-7.297685252453540716e-01
5.840782765852636782e-02
-8.054863462735403212e-01
9.545044047006828736e-02
-2.646333999516192748e-01
6.884727278551796559e-01
1.024794430450430838e-01
2.715166032209330726e-01
1.000000000000000000e+00
-2.451841528552851646e-01
-1.000000000000000000e+00
-9.471871573680804568e-01
-3.624302642909261740e-01
-7.423274963827534156e-01
8.746822967159522122e-01
1.965972582938135815e-01
-3.601371723505126798e-01
-1.000000000000000000e+00
4.301058581537247072e-01
1.000000000000000000e+00
-5.916378526811005845e-01
8.880002308010614964e-02
1.205879711265090970e-01
4.147875843953487962e-01
5.632819311556036546e-02
5.231911222901890479e-01
2.925695934743085536e-01
-2.241760090455754417e-01
2.586609834085473736e-01
-7.298267508322477948e-01
1.000000000000000000e+00
2.250712209334793101e-01
-2.295106025280602147e-02
9.950098629148762530e-02
2.280820526351834410e-02
5.613036683806766902e-01
-9.340356246187183631e-01
7.082313415779473154e-01
-3.797916297632052407e-01
-1.000000000000000000e+00
-4.599487029841832220e-01
9.270763726895845380e-01
2.585453735197253966e-01
-8.586771723720154625e-01
-1.711536655543753893e-01
2.259823032225801720e-01
-8.777546452091553597e-01
-8.545202191310763418e-01
-8.296393502557026789e-01
3.207542119027493310e-01
4.019717364715087449e-01
