1.361708048855099884e+00
-2.087840782184641419e+00
-7.225679852337596465e-01
-3.164865088021922013e-01
9.307909808513735728e-01
1.278802766625274367e+00
-2.195107535373177488e+00
-1.765759846621207663e+00
2.292176437040070791e+00
1.268642263644252033e+00
-1.286136751017608271e+00
-1.703564957439888339e+00
1.218989199881461705e+00
-2.147273703143064871e+00
1.199524814164202979e+00
-9.964540430610175914e-01
3.031587772222336330e+00
-1.101273797835363999e-01
-2.999806250860979073e+00
-8.971557701001784402e-01
8.044215648030684784e-01
-4.934326618304792356e-01
-1.435186701539481691e+00
-1.735113372244000418e+00
2.202256579984185336e-01
-2.382967997013264672e+00
-1.046508379145224099e+00
1.969609585828220544e+00
-9.724397049775644619e-02
1.796392298013571809e+00
-6.569071965272100799e-01
8.100281098919748235e-04
1.848753010167110356e+00
1.786739324721632549e+00
2.812042052434904793e+00
2.871298468810250248e-02
3.616024571752080252e+00
-1.223534935626429565e+00
-1.628763520702265710e+00
-2.671951874650051462e+00
-1.130611797484383674e+00
3.609891491490061499e-01
-1.825741725979348917e+00
-2.706611908824021473e+00
1.557699469902164680e+00
-3.087236537297817218e-01
-7.794181307755699839e-01
1.502929756255736438e+00
-3.928903258775615637e-01
-1.482695065178655902e+00
-5.117877932914247641e-01
2.445906634837352600e-01
-1.789003155959793201e+00
3.778508951260903803e-01
3.407534925508682200e+00
1.492319329971317776e+00
1.161093086604005897e+00
2.270117761070002516e+00
-2.104191999926115220e-02
-1.039092554925885814e+00
-2.180371235001549834e+00
-1.730564961026677673e-01
-2.454973027085337378e+00
-3.951645693816033145e+00
8.606855889460087727e-01
-7.927905723035801877e-01
4.831838915934512368e-02
1.685321830869874526e+00
-1.695672401324051615e+00
-8.977133221553159625e-01
-9.043019590003720243e-01
2.707354214061555631e+00
-2.248960230746021249e+00
-2.334265514263235808e+00
-6.480738921774618910e-02
3.888722819806348152e+00
-8.530505500010975295e-01
-6.687226689157858006e-01
-7.310878314911020137e-01
1.514795717217350735e+00
-1.248110473350329874e+00
2.237610709250325236e+00
1.580959061242372288e+00
1.224905372350997945e+00
3.320579165484678796e+00
-1.150356270802775915e+00
1.838954532255756072e-02
-9.525273901067969895e-01
-4.297269879320126384e-01
2.226565320028417172e-01
1.647247800162686904e+00
1.549957220307817352e+00
-9.473728947914009657e-01
9.307712436972892522e-01
1.833782493922137435e+00
-1.872352244859254444e-02
-1.838456893769412570e+00
2.308920168103797188e+00
2.690069224923523628e+00
2.405783442201698263e-01
-7.844616001818298379e-02
1.278575515874574409e+00
-1.910207695071898026e+00
1.192549443848710089e+00
4.158927995315868653e-01
4.132869590544953620e-01
2.655970461859188392e-01
2.441221269297688234e+00
-1.771019071233615794e+00
-1.366409217483293359e+00
-2.022949307509528172e+00
8.599469065634861575e-01
-6.475149674681428547e-01
4.421634927579058960e-01
1.225974661618243644e+00
6.186496387833171351e-01
2.078487536575167383e+00
6.606876105484033035e-02
1.637448223433070282e+00
1.176123707196213009e-01
-8.442492623872144275e-01
1.788765245787329539e+00
1.569351504343438286e+00
5.108057430657306774e-01
-3.346949772547804236e-01
5.945884110447673399e-01
2.700450809141693220e+00
3.106071259016480735e+00
-3.611445286704995539e+00
-1.424324306979954935e+00
2.614445913346324923e-01
-7.952799715017684345e-01
1.659725829828860189e+00
-4.923280186633527955e-01
1.117583686876044036e+00
-1.291391400876197082e+00
1.199943607775959764e+00
5.932829408887574374e-01
-1.079380014070101090e+00
1.237438117476916677e+00
2.301493255445171915e+00
6.275836336620497224e-01
2.508709718035722624e-01
4.709870383578775299e-01
-5.559834359230154677e-01
-1.770375356102469988e+00
-1.112833920923231440e-01
2.372485498383918312e-01
-1.577356330534981088e-01
8.500588498925352177e-01
1.576609613141026489e-01
1.161602957652621670e+00
6.632224388142534677e-01
2.520429175291303281e+00
9.264970995292721723e-01
-1.757963699430501681e+00
-1.230258231251038503e-02
2.315573547379846886e+00
3.052494118077996088e+00
1.342779842696405046e+00
-3.582765301965765703e-01
-3.884963643456688098e-01
1.738713890803654127e+00
4.257431569499365298e-01
-5.081119514626881717e-01
-1.514888704403487552e+00
-8.140614302266142577e-01
-3.868922141760191113e+00
-9.174557669652455560e-01
-1.694767104565761073e+00
-8.802825354743838426e-01
-9.416972395147174546e-03
-3.027616474867109719e+00
-2.765135545284762020e-01
6.926692569446872838e-01
1.361814296014784098e+00
-1.185443456995352030e+00
-6.617559087716495814e-01
2.696671318485352575e+00
-9.506133959358981089e-01
6.200709663518561010e-01
1.495425056975797862e+00
-1.582371465147125900e+00
6.446546907687185080e-01
-1.004849383766533544e+00
7.198107420394705969e-01
-6.078774416575802864e-01
-1.556325160869481916e+00
-1.554662468152497645e+00
2.352079006705486419e-01
1.447308389484335267e+00
-1.760709423881401392e-03
-5.958278880187803939e-01
1.464095029727158437e+00
4.049615364483912794e-01
3.135338763057394118e+00
-2.799272012017405498e+00
-1.590240803984678042e+00
1.077127327609958440e+00
8.873380504665568935e-01
-1.015479058515824651e+00
1.000179982757725572e+00
1.520334944124304144e+00
-5.573902312666900727e-01
-5.073166058456399785e-01
-3.132027420760135517e+00
2.768831455847489686e-01
-8.360904095811035885e-01
-6.162051684661888906e-01
5.131780284081527421e-01
-6.398058957702393856e-01
-4.605388020338064270e-01
8.754629819606490893e-01
2.583764743523398355e+00
-8.661976730102504130e-01
-1.045921441336681967e+00
-1.648696292215664716e+00
-9.007718083098719131e-01
-1.279450212060961656e+00
1.774579789028870591e+00
-1.802488262059136259e+00
-3.605053977685928612e-01
2.071466348834612337e+00
1.355880558389638724e+00
-1.773810368231503620e+00
-7.986077933806730311e-02
-2.442361622643424823e+00
9.767990352494300144e-01
-1.049891492230719425e+00
5.905860249968825082e-01
1.443775883428042972e+00
-1.107208375400150047e+00
6.740860515535229691e-01
4.216725875979108751e-01
7.994844870773678558e-01
1.744280973893755360e-02
3.594166702310739869e-01
-1.515102342955233494e-01
-5.725621425957148070e-01
1.355650856251437553e+00
-8.199604568468218391e-01
-3.244722666105903652e+00
-1.824278609703193110e+00
-9.282180773510247951e-01
1.474588331642029126e-01
-1.496545252406582094e+00
1.197656501700119946e+00
4.767117228203979984e+00
-3.447703788837075956e-01
1.936209815450136817e+00
-2.510099299051821164e-01
2.025695977181317442e+00
-2.385838767283261219e-01
1.235120243058376088e+00
2.362240995024007528e+00
-8.833868941020545096e-01
-4.402118011305576672e+00
-1.700175039486634399e+00
8.626291719566968330e-02
-1.584378999205162120e-01
-2.981208625373969134e+00
-1.853662214606352610e+00
-1.448108826619224132e+00
3.299962780440441890e+00
2.704929023590982418e+00
