Generation: 0 76.5572 129.9871 7.5806 21.5819
Generation: 1 70.6081 106.4378 20.7236 26.2542
Generation: 2 76.4321 106.8572 44.0707 23.0894
Generation: 3 74.1598 104.7802 49.8121 25.9506
Generation: 4 73.7904 104.3941 56.8241 22.8450
Generation: 5 70.8158 124.5976 58.5530 24.8772
Generation: 6 70.4602 141.3865 58.7321 21.2592
Generation: 7 76.4539 106.8811 58.5503 19.4868
Generation: 8 72.6044 108.4241 63.0018 18.2004
Generation: 9 77.3582 130.7722 63.9478 14.2508
Generation: 10 72.7949 126.4197 65.2129 15.9923
Generation: 11 78.6995 108.9098 65.1605 16.0917
Generation: 12 85.6616 155.1947 66.2554 14.5525
Generation: 13 74.0483 104.6913 69.4613 8.7929
Generation: 14 79.2141 132.6052 63.7296 19.7582
Generation: 15 50.7628 105.2942 64.1870 13.0685
Generation: 16 69.7823 122.6314 64.1829 14.9207
Generation: 17 83.0962 112.8374 62.3738 17.7100
Generation: 18 85.6107 155.1743 66.4026 15.3064
Generation: 19 71.9564 102.8195 68.4919 11.7766
Generation: 20 78.0040 131.2036 67.5402 14.2315
Generation: 21 78.6772 108.8815 68.8251 10.3522
Generation: 22 75.2859 128.6948 69.2208 10.3349
Generation: 23 76.4960 106.9227 68.2475 12.5689
Generation: 24 74.3289 104.9739 66.1647 15.7515
Generation: 25 74.8792 128.2885 68.1149 13.0331
Generation: 26 71.7467 125.5835 67.8966 12.0900
Generation: 27 78.7032 108.9141 66.7264 14.2269
Generation: 28 68.3769 122.3768 67.6200 14.5522
Generation: 29 72.1221 142.9528 66.1787 11.3166
Generation: 30 70.8781 124.6603 66.6530 12.5042
Generation: 31 70.6632 124.5152 65.0383 16.8331
Generation: 32 54.7864 108.7588 64.9131 13.6649
Generation: 33 76.6688 130.2769 65.3736 15.5740
Generation: 34 72.6170 126.2362 65.7209 13.1121
Generation: 35 71.6868 125.5296 66.7029 11.4462
Generation: 36 85.6945 138.3937 67.1878 15.4033
Generation: 37 76.4908 130.0885 65.5082 14.9054
Generation: 38 76.5910 130.0140 66.2897 12.0519
Generation: 39 85.9116 155.4447 64.8324 17.0318
Generation: 40 75.0477 128.4535 65.9586 13.0257
Generation: 41 85.4798 155.0375 66.4602 11.9936
Generation: 42 76.4049 146.9671 68.5006 9.8640
Generation: 43 76.6787 130.0926 66.5331 11.3831
Generation: 44 74.5221 128.1610 66.1654 12.7299
Generation: 45 74.9981 128.4060 63.4425 14.4963
Generation: 46 80.2839 133.2582 66.4344 14.7130
Generation: 47 77.1556 130.5811 62.4657 16.1327
Generation: 48 85.6010 155.1630 66.5366 11.6664
Generation: 49 77.1852 130.5950 66.7694 11.6772
Generation: 50 77.5118 130.7048 64.9478 15.6448
Generation: 51 75.0924 128.5010 66.6436 13.4643
Generation: 52 73.8695 127.4869 63.0159 15.4859
Generation: 53 85.3980 154.9601 64.5440 15.4327
Generation: 54 77.1009 130.5232 64.7295 17.9279
Generation: 55 77.1618 130.5751 66.9431 11.9290
Generation: 56 86.0700 155.6264 66.7103 13.3756
Generation: 57 77.0670 130.4730 66.8372 11.9337
Generation: 58 85.4825 155.0409 66.8766 14.3627
Generation: 59 85.5916 155.1519 66.0884 11.8363
Generation: 60 81.3314 134.3225 67.9253 11.3516
Generation: 61 75.4478 128.8572 64.2332 13.0360
Generation: 62 85.6520 155.2105 66.1153 11.8016
Generation: 63 76.4762 129.8860 65.1148 11.2393
Generation: 64 76.6269 130.0494 68.7724 9.1385
Generation: 65 85.9016 155.4694 66.8524 10.9395
Generation: 66 85.5647 155.1184 68.2515 11.2264
Generation: 67 81.5233 134.5148 68.5068 10.3654
Generation: 68 85.4892 155.0509 68.7548 10.6467
Generation: 69 83.8425 136.6149 67.5058 10.1576
Generation: 70 81.7139 134.7061 67.0265 11.5026
Generation: 71 81.5233 134.5148 68.4914 10.9274
Generation: 72 85.7502 138.3038 68.9082 9.7139
Generation: 73 83.2550 136.0198 67.7061 11.6629
Generation: 74 77.7730 130.9765 69.1660 10.1918
Generation: 75 83.6926 136.4649 70.7676 6.8858
Generation: 76 81.2913 134.2756 69.6856 9.5407
Generation: 77 85.4825 155.0409 67.0006 11.2934
Generation: 78 86.1464 155.7080 69.9930 11.3101
Generation: 79 82.1625 135.1548 71.1965 8.6731
Generation: 80 85.6653 138.2237 69.9884 8.0819
Generation: 81 85.7509 138.3082 68.7344 10.1991
Generation: 82 85.5861 155.1445 70.6989 7.4799
Generation: 83 83.4015 136.1685 71.4634 8.3510
Generation: 84 85.7270 155.2809 71.2926 7.2653
Generation: 85 81.2725 134.2508 70.9473 8.2649
Generation: 86 85.4585 155.0189 71.5480 6.4257
Generation: 87 85.4813 155.0450 71.2022 7.1635
Generation: 88 85.9915 138.5492 71.2164 9.2339
Generation: 89 85.5358 155.0943 70.9599 9.7972
Generation: 90 88.9163 181.2652 72.2764 7.0153
Generation: 91 83.8514 153.6356 71.2686 8.7060
Generation: 92 85.6729 155.2256 71.7929 8.1873
Generation: 93 85.5167 155.0733 72.0463 7.3563
Generation: 94 85.4907 155.0489 72.9158 7.0914
Generation: 95 85.8147 155.3684 71.3533 8.3514
Generation: 96 85.8154 155.3693 72.8118 6.0482
Generation: 97 86.0756 138.6325 72.7086 7.1359
Generation: 98 85.6825 155.2511 72.8417 8.1648
Generation: 99 87.7016 180.0404 72.8942 8.0395
Generation: 100 87.8716 180.2176 73.2268 5.8498
Generation: 101 85.0344 154.6034 72.4891 7.3003
Generation: 102 86.0585 138.6118 73.9285 6.4946
Generation: 103 85.5787 155.1317 72.9275 6.3494
Generation: 104 88.0562 180.3849 73.3909 4.9432
Generation: 105 88.3309 180.6625 73.0568 5.9774
Generation: 106 85.8000 138.3559 72.6094 7.4179
Generation: 107 85.7282 138.2848 72.0869 8.7972
Generation: 108 85.4745 155.0284 72.5437 7.8602
Generation: 109 87.7238 180.0707 72.7913 8.3103
Generation: 110 85.6029 155.1613 71.4399 8.3015
Generation: 111 83.7161 136.4955 71.7959 7.3408
Generation: 112 85.4957 155.0562 73.8561 6.1868
Generation: 113 85.4667 155.0353 74.3877 6.1861
Generation: 114 87.7007 180.0403 74.6649 6.9646
Generation: 115 85.5549 138.1117 72.7861 6.5153
Generation: 116 87.4724 179.8136 72.0793 11.6132
Generation: 117 85.8435 138.4009 73.4358 6.8674
Generation: 118 85.5973 138.1552 71.8705 10.2848
Generation: 119 88.2910 180.6235 72.4094 13.3574
Generation: 120 85.8556 138.4132 73.6124 7.5515
Generation: 121 87.9734 180.3211 72.9472 8.4052
Generation: 122 87.9734 180.3211 73.0586 10.5954
Generation: 123 88.2525 180.5927 71.7883 9.8355
Generation: 124 86.9962 179.3409 74.1382 6.2457
Generation: 125 87.7834 180.1311 73.2222 7.1252
Generation: 126 85.5226 138.0802 72.2611 11.7854
Generation: 127 88.3332 180.6820 73.3722 8.2325
Generation: 128 88.3679 180.7151 70.4800 13.6282
Generation: 129 88.1904 180.5390 72.7133 13.1040
Generation: 130 85.7802 138.3372 74.1069 9.4657
Generation: 131 85.7382 138.3014 76.1626 6.5190
Generation: 132 87.9184 180.2661 76.4194 5.4045
Generation: 133 85.7976 155.3653 73.4416 10.6162
Generation: 134 87.8652 180.2130 75.7110 7.5167
Generation: 135 85.1748 137.7343 73.2428 9.1352
Generation: 136 85.9459 138.5025 75.3343 6.6252
Generation: 137 85.7966 155.3657 75.7428 6.4336
Generation: 138 75.5223 150.9440 74.5524 9.5749
Generation: 139 85.3332 154.8974 74.9808 10.1260
Generation: 140 88.9008 181.2463 75.3390 8.9123
Generation: 141 78.0235 148.3588 76.2785 6.6600
Generation: 142 85.7678 155.3299 72.4404 15.6105
Generation: 143 85.7521 138.3099 73.7572 12.7122
Generation: 144 88.1576 180.5072 74.4396 8.2504
Generation: 145 87.7134 180.0611 73.2430 10.5656
Generation: 146 87.9616 180.3018 73.1563 12.2514
Generation: 147 85.3174 154.8815 74.2747 10.9513
Generation: 148 88.0417 180.3902 74.2682 12.7175
Generation: 149 88.3530 180.7011 74.3917 12.3212
Generation: 150 88.0251 180.3713 75.8552 9.4631
Generation: 151 87.9973 180.3376 72.3353 14.4498
Generation: 152 83.7692 153.5478 73.9138 10.2698
Generation: 153 85.8438 138.4018 75.5882 9.0600
Generation: 154 87.6242 179.9653 74.9192 10.6183
Generation: 155 85.7274 138.2838 72.5488 13.0356
Generation: 156 88.2707 180.6166 76.4925 10.7275
Generation: 157 88.1830 180.5300 73.4586 15.9786
Generation: 158 87.7057 180.0526 74.9644 13.8263
Generation: 159 88.1914 180.5400 74.5083 13.0411
Generation: 160 88.2949 180.6431 76.7959 6.4482
Generation: 161 88.3049 180.6507 76.4092 6.3837
Generation: 162 87.9564 180.3050 75.2386 12.2104
Generation: 163 88.3980 180.7461 74.5026 15.5868
Generation: 164 88.0967 180.4452 75.9597 8.3112
Generation: 165 88.4280 180.7761 77.7140 6.2187
Generation: 166 88.4449 180.7931 77.5291 7.3025
Generation: 167 88.2390 180.5871 77.1613 10.0062
Generation: 168 88.0746 180.4222 76.3095 6.9788
Generation: 169 87.9350 180.2823 76.6536 7.7776
Generation: 170 88.1816 180.5276 76.5594 6.9585
Generation: 171 88.1957 180.5416 77.0917 6.4679
Generation: 172 88.7034 181.0397 78.1135 5.5506
Generation: 173 85.8822 138.4394 78.4172 7.0001
Generation: 174 88.1957 180.5416 76.5846 8.1646
Generation: 175 77.2287 152.4312 76.9884 7.4322
Generation: 176 86.0799 138.6371 75.7390 7.6957
Generation: 177 87.6165 179.9577 76.1608 7.8216
Generation: 178 88.0282 180.3690 77.1514 7.1232
Generation: 179 88.0043 180.3520 76.8040 10.2869
Generation: 180 85.7807 138.3380 75.6808 11.0071
Generation: 181 88.3217 180.6702 76.4219 11.7085
Generation: 182 84.2490 153.8117 79.1430 4.8958
Generation: 183 85.8225 138.3793 77.5247 8.1505
Generation: 184 88.0417 180.3902 78.3005 7.6040
Generation: 185 87.9575 180.3052 79.3213 5.5858
Generation: 186 87.6468 179.9868 78.3353 5.7618
Generation: 187 87.8529 180.1997 77.9319 10.9683
Generation: 188 85.8240 138.3811 78.6992 6.2596
Generation: 189 88.3267 180.6752 78.4015 5.3949
Generation: 190 85.7055 138.2630 77.8502 8.6694
Generation: 191 88.0779 180.4271 78.9716 6.5441
Generation: 192 87.5792 179.9203 77.4702 5.7508
Generation: 193 85.6547 155.2240 79.0382 5.6160
Generation: 194 88.3549 180.7030 79.4462 5.2430
Generation: 195 87.9547 180.2959 79.6149 5.2058
Generation: 196 88.0432 180.3840 78.9316 6.3316
Generation: 197 87.9166 180.2642 78.2851 5.8002
Generation: 198 88.0230 180.3700 80.3422 5.2344
Generation: 199 85.8832 138.4402 79.1681 5.7547
Generation: 200 83.2551 153.0396 78.5143 5.3713
Generation: 201 87.6885 180.0297 79.7539 5.3081
Generation: 202 85.8690 138.4261 78.5464 5.5335
Generation: 203 88.0930 180.4411 80.2280 5.0042
Generation: 204 85.9282 138.4852 79.6269 5.4467
Generation: 205 87.9279 180.2747 79.6532 5.2401
Generation: 206 87.9066 180.2468 79.0928 4.9667
Generation: 207 88.2147 180.5559 79.2962 5.2843
Generation: 208 85.4641 155.0325 79.8115 4.9912
Generation: 209 85.4591 155.0270 79.1338 4.8446
Generation: 210 88.2380 180.5861 78.6749 6.2030
Generation: 211 88.0491 180.3971 80.3776 4.9372
Generation: 212 88.3684 180.7161 80.4460 4.8396
Generation: 213 88.0675 180.4008 80.0691 4.6215
Generation: 214 88.2480 180.5961 79.9543 4.9554
Generation: 215 88.1499 180.4957 79.6806 6.0969
Generation: 216 88.2680 180.6161 78.4662 5.4918
Generation: 217 88.6480 180.9961 79.5619 5.3137
Generation: 218 88.7380 181.0861 79.6998 5.3014
Generation: 219 88.5280 180.8761 79.8955 5.2248
Generation: 220 87.8866 180.2326 79.6249 5.2466
Generation: 221 88.3818 180.7291 79.3995 5.2533
Generation: 222 88.6930 181.0411 79.3107 5.4570
Generation: 223 88.3534 180.7011 79.0605 5.2799
Generation: 224 88.1193 180.4671 79.3270 5.0468
Generation: 225 88.2684 180.6161 79.4540 5.0199
Generation: 226 88.6330 180.9811 79.0269 5.1922
Generation: 227 88.8580 181.2061 79.5325 5.3856
Generation: 228 88.7131 181.0604 78.7248 5.5350
Generation: 229 88.5804 180.9290 78.8336 5.7246
Generation: 230 88.4604 180.8090 79.4002 4.8638
Generation: 231 88.7680 181.1161 78.3156 6.3134
Generation: 232 88.4599 180.8057 79.2697 6.0919
Generation: 233 88.2406 180.5768 78.0195 5.1492
Generation: 234 88.1449 180.4931 78.9373 5.5671
Generation: 235 88.3632 180.7120 78.9397 6.3989
Generation: 236 88.5509 180.8990 79.3119 6.4911
Generation: 237 88.4082 180.7570 77.8473 6.4023
Generation: 238 88.3811 180.7237 78.1237 6.8360
Generation: 239 88.6467 180.9952 79.0118 6.2524
Generation: 240 88.4874 180.8204 79.0565 6.6220
Generation: 241 88.3484 180.6961 77.9105 7.2267
Generation: 242 89.0944 181.4415 78.3800 7.2923
Generation: 243 88.6672 181.0103 78.4601 6.3302
Generation: 244 88.5349 180.8807 79.1254 6.1223
Generation: 245 88.5049 180.8507 78.2099 7.1800
Generation: 246 88.6710 181.0173 77.8797 7.4359
Generation: 247 88.6744 181.0215 78.3548 6.8595
Generation: 248 88.8280 181.1761 78.8231 6.9008
Generation: 249 88.5309 180.8790 79.1511 6.8272
Generation: 250 88.6509 180.9990 79.1001 5.3749
Generation: 251 88.1980 180.5470 78.9344 6.4991
Generation: 252 88.7280 181.0761 80.2593 5.5030
Generation: 253 88.7811 181.1300 79.6185 6.4927
Generation: 254 88.6480 180.9961 78.9201 6.2887
Generation: 255 88.5175 180.8603 78.6699 5.4802
Generation: 256 88.9790 181.3271 78.9929 6.7971
Generation: 257 88.5303 180.8728 78.3251 6.4177
Generation: 258 88.8580 181.2061 78.8915 5.6838
Generation: 259 86.0575 155.6265 78.1228 5.5804
Generation: 260 88.7242 181.0730 79.8581 5.1474
Generation: 261 88.4925 180.8402 79.2395 4.7157
Generation: 262 88.4616 180.8076 79.0854 5.3811
Generation: 263 88.7742 181.1230 78.8976 5.2917
Generation: 264 88.5567 180.9052 79.1299 5.0753
Generation: 265 88.6440 180.9921 80.1735 4.9754
Generation: 266 88.7842 181.1330 79.4350 6.1788
Generation: 267 88.5411 180.8900 79.1940 6.0237
Generation: 268 88.7230 181.0711 78.7991 5.4451
Generation: 269 88.6819 181.0283 78.6787 5.4249
Generation: 270 88.6040 180.9521 79.7978 6.5115
Generation: 271 88.5688 180.9157 80.2325 6.5935
Generation: 272 88.5183 180.8586 77.8733 6.8684
Generation: 273 88.6661 181.0150 78.5202 6.0700
Generation: 274 88.4949 180.8431 78.8618 5.6412
Generation: 275 88.8204 181.1690 78.6696 6.3355
Generation: 276 88.9140 181.2621 78.6669 6.8023
Generation: 277 88.1443 180.4787 78.3190 7.1067
Generation: 278 88.7040 181.0521 79.4806 6.3621
Generation: 279 88.6880 181.0361 80.6338 5.5544
Generation: 280 88.7978 181.1443 79.9054 5.8739
Generation: 281 89.0787 181.4245 78.9908 5.5302
Generation: 282 88.7692 181.1180 79.8294 5.5591
Generation: 283 88.5568 180.9050 79.4333 6.7600
Generation: 284 88.8390 181.1871 79.1154 6.1909
Generation: 285 88.7916 181.1376 80.7957 5.1009
Generation: 286 88.6067 180.9552 80.8399 4.7107
Generation: 287 88.7509 181.0990 79.8835 4.5196
Generation: 288 88.7309 181.0790 79.8629 5.4524
Generation: 289 88.7817 181.1302 81.9038 5.5799
Generation: 290 88.7909 181.1390 80.5079 5.5340
Generation: 291 88.9217 181.2702 79.1978 6.5901
Generation: 292 89.0309 181.3790 80.2009 6.0888
Generation: 293 89.0617 181.4102 81.1901 5.3892
Generation: 294 88.7867 181.1352 81.5579 5.6440
Generation: 295 88.9417 181.2902 81.7107 5.1903
Generation: 296 88.7994 181.1440 79.9814 6.1977
Generation: 297 88.8599 181.2081 80.5423 5.6676
Generation: 298 89.2002 181.5461 79.0105 6.8937
Generation: 299 88.9911 181.3400 80.8171 5.6069
Generation: 300 88.8651 181.2140 80.8967 6.2207
Generation: 301 89.2663 181.6134 80.7152 6.1608
Generation: 302 89.0292 181.3780 80.6089 6.1944
Generation: 303 89.1030 181.4511 80.1639 5.6028
Generation: 304 89.3050 181.6500 80.7619 6.0639
Generation: 305 89.1798 181.5218 79.8902 7.3049
Generation: 306 89.2397 181.5854 81.2061 5.0764
Generation: 307 89.1311 181.4771 80.7646 5.9042
Generation: 308 88.8090 181.1571 81.4669 5.4668
Generation: 309 89.1168 181.4650 81.0998 4.8618
Generation: 310 89.3826 181.7253 82.0489 5.5488
Generation: 311 89.5377 181.8776 81.9365 4.7585
Generation: 312 88.9071 181.2525 81.4087 5.1830
Generation: 313 89.1285 181.4730 80.1318 6.2889
Generation: 314 89.0706 181.4192 81.2286 5.4929
Generation: 315 88.8175 181.1652 81.7385 4.5761
Generation: 316 89.4556 181.8042 82.5842 4.9592
Generation: 317 88.8967 181.2452 82.4816 5.1028
Generation: 318 89.4787 181.8228 81.1637 5.6208
Generation: 319 89.4843 181.8040 81.8447 6.0225
Generation: 320 88.7166 181.0591 81.3571 5.1301
Generation: 321 88.8864 181.2350 81.4261 5.7159
Generation: 322 89.1267 181.4752 82.1560 5.3638
Generation: 323 88.7093 181.0456 81.8012 5.4863
Generation: 324 89.2625 181.6102 82.2259 4.5940
Generation: 325 88.9328 181.2673 83.6155 4.5524
Generation: 326 88.9849 181.3331 82.1965 5.3076
Generation: 327 88.9884 181.3361 81.3590 5.9017
Generation: 328 89.1218 181.4670 82.5467 5.1232
Generation: 329 89.0434 181.3893 82.6658 5.0876
Generation: 330 88.9581 181.2955 82.4009 5.0948
Generation: 331 89.2314 181.5772 82.7673 5.7912
Generation: 332 88.7807 181.1255 81.7941 5.5766
Generation: 333 89.0175 181.3652 81.1998 5.5171
Generation: 334 89.1793 181.5222 82.2121 5.0669
Generation: 335 89.0775 181.4252 82.7349 4.9025
Generation: 336 89.3428 181.6880 82.5353 5.5751
Generation: 337 89.1793 181.5222 81.9250 5.6162
Generation: 338 89.1275 181.4752 82.7601 4.8046
Generation: 339 89.1461 181.4726 83.3755 4.4025
Generation: 340 88.9584 181.3061 82.9844 5.0574
Generation: 341 88.9967 181.3384 82.2443 4.6873
Generation: 342 89.1576 181.5003 83.1993 4.2463
Generation: 343 89.3427 181.6826 82.5389 5.3215
Generation: 344 89.8769 182.2094 82.0139 5.3678
Generation: 345 89.4031 181.7504 82.9020 4.9287
Generation: 346 89.0564 181.4050 83.4650 4.3763
Generation: 347 89.2978 181.6328 82.8395 4.6355
Generation: 348 89.4168 181.7641 82.9352 4.6614
Generation: 349 89.6846 182.0231 83.0949 4.9698
Generation: 350 89.3828 181.7280 83.0791 5.2293
Generation: 351 89.3917 181.7402 82.9845 4.9315
Generation: 352 89.4718 181.8170 83.7661 4.5694
Generation: 353 89.2054 181.5540 83.8053 4.2571
Generation: 354 89.0917 181.4402 82.4713 5.7324
Generation: 355 89.8705 182.2090 83.2258 4.9528
Generation: 356 89.3276 181.6703 83.7009 4.5092
Generation: 357 89.5226 181.8653 82.6505 5.4955
Generation: 358 89.4418 181.7870 82.5476 4.4609
Generation: 359 89.5118 181.8570 82.6371 5.9183
Generation: 360 89.1875 181.5352 83.4560 4.7042
Generation: 361 89.2567 181.6052 83.7885 4.0854
Generation: 362 89.2511 181.5897 83.9116 4.0531
Generation: 363 89.3867 181.7352 84.0311 4.1274
Generation: 364 89.1816 181.5276 83.4855 4.2496
Generation: 365 89.1825 181.5302 83.4380 4.4321
Generation: 366 89.3200 181.6650 84.0133 4.4837
Generation: 367 89.7076 182.0503 83.7451 4.5335
Generation: 368 89.4104 181.7590 83.6871 4.9697
Generation: 369 89.5267 181.8693 84.2489 4.1575
Generation: 370 89.1909 181.5390 84.9112 3.3821
Generation: 371 89.4826 181.8253 84.2485 4.1249
Generation: 372 89.6237 181.9678 84.6430 3.8402
Generation: 373 89.7759 182.1210 84.1601 4.4162
Generation: 374 89.3468 181.6950 83.3809 6.2272
Generation: 375 89.3668 181.7120 84.4003 3.9071
Generation: 376 89.2317 181.5802 83.6862 4.2375
Generation: 377 89.3887 181.7231 84.0788 3.7827
Generation: 378 89.2467 181.5893 84.5183 3.6707
Generation: 379 89.2247 181.5704 83.5958 4.3751
Generation: 380 89.5000 181.8425 84.7279 3.9722
Generation: 381 89.3587 181.7028 83.4610 4.4486
Generation: 382 89.5718 181.9170 84.1912 4.1305
Generation: 383 89.6532 181.9971 84.6761 3.9130
Generation: 384 89.5800 181.9250 83.8890 4.4638
Generation: 385 89.2574 181.6001 84.5108 3.4976
Generation: 386 89.4018 181.7470 83.2964 4.2694
Generation: 387 89.6259 181.9710 84.6056 3.3297
Generation: 388 89.0364 181.3850 83.9573 3.5644
Generation: 389 89.1299 181.4757 85.0273 3.9344
Generation: 390 89.2690 181.6171 83.9515 4.7479
Generation: 391 89.6377 181.9776 84.2463 4.2382
Generation: 392 89.4318 181.7716 84.6076 3.9901
Generation: 393 89.1267 181.4642 84.5126 4.3132
Generation: 394 89.1117 181.4602 84.4786 3.8900
Generation: 395 89.5968 181.9420 85.4044 3.6501
Generation: 396 89.0193 181.3556 83.8582 4.2715
Generation: 397 89.5540 181.8990 85.0100 4.6397
Generation: 398 89.7468 182.0866 84.5364 3.7026
Generation: 399 89.4059 181.7510 84.7490 4.7591
Generation: 400 89.1644 181.5115 85.1249 4.0260
Generation: 401 89.7009 182.0407 84.6469 3.8423
Generation: 402 89.6464 181.9922 84.4896 4.3166
Generation: 403 89.5182 181.8621 84.2818 3.6507
Generation: 404 89.2068 181.5466 85.0299 2.7567
Generation: 405 89.4259 181.7710 83.9862 4.7086
Generation: 406 89.3135 181.6511 84.6850 3.9922
Generation: 407 89.5409 181.8860 84.9115 4.3185
Generation: 408 89.4499 181.7872 84.5924 3.7237
Generation: 409 89.6368 181.9766 84.4112 4.1592
Generation: 410 89.7668 182.1120 84.7527 4.0802
Generation: 411 89.5750 181.9144 84.4054 4.3968
Generation: 412 89.7030 182.0442 84.8324 3.9111
Generation: 413 90.0234 182.3630 84.7476 4.6004
Generation: 414 89.4541 181.7990 84.7124 3.6846
Generation: 415 89.4200 181.7650 83.8908 4.4982
Generation: 416 89.7974 182.1216 84.8603 4.2355
Generation: 417 89.4426 181.7853 85.1567 3.8382
Generation: 418 89.3886 181.7154 84.5921 4.1291
Generation: 419 89.8556 182.1886 84.6175 4.5328
Generation: 420 89.6722 182.0037 84.9424 3.8603
Generation: 421 89.8393 182.1811 84.8656 4.5296
Generation: 422 89.4309 181.7760 84.7622 4.3217
Generation: 423 89.4750 181.8200 84.7045 4.6695
Generation: 424 89.1374 181.4861 85.0212 3.7933
Generation: 425 89.3875 181.7352 84.5391 4.9445
Generation: 426 89.2610 181.6018 84.4547 4.7885
Generation: 427 89.5178 181.8630 84.0562 5.3474
Generation: 428 89.6991 182.0430 85.4801 3.5467
Generation: 429 89.6121 181.9554 85.0691 4.2543
Generation: 430 89.5543 181.8972 84.9694 3.4678
Generation: 431 89.4176 181.7603 84.6035 4.1215
Generation: 432 89.5368 181.8820 85.5435 3.4174
Generation: 433 89.6438 181.9744 84.0526 4.0171
Generation: 434 89.6859 182.0310 84.8079 4.2897
Generation: 435 89.3450 181.6900 84.0512 3.9974
Generation: 436 89.6077 181.9520 84.2554 5.9088
Generation: 437 89.3275 181.6736 84.7197 4.1738
Generation: 438 89.8930 182.2342 84.8924 3.5286
Generation: 439 90.3185 182.6606 84.3899 4.0484
Generation: 440 89.5218 181.8670 83.7095 4.5578
Generation: 441 89.5287 181.8686 85.3819 3.7689
Generation: 442 89.6093 181.9522 84.1630 4.5264
Generation: 443 89.5893 181.9322 85.0501 4.2239
Generation: 444 89.6008 181.9295 85.1240 3.5414
Generation: 445 90.0243 182.3673 85.0255 3.5400
Generation: 446 89.7368 182.0782 85.2828 3.1526
Generation: 447 89.3685 181.7081 84.9890 4.2307
Generation: 448 89.5668 181.9120 84.4867 4.8139
Generation: 449 89.2322 181.5690 84.4503 4.6333
Generation: 450 89.5765 181.9160 85.0452 4.3250
Generation: 451 90.1186 182.4571 85.1382 3.8408
Generation: 452 89.4468 181.7920 84.7727 4.0541
Generation: 453 89.7722 182.1194 84.6546 3.8608
Generation: 454 89.9805 182.3190 84.4079 4.6342
Generation: 455 89.4584 181.8012 85.0760 3.9199
Generation: 456 90.0446 182.3850 84.7015 4.0244
Generation: 457 89.7841 182.1235 84.1448 4.7926
Generation: 458 89.6227 181.9626 85.8438 3.0412
Generation: 459 89.6478 181.9930 85.1879 3.7734
Generation: 460 89.4106 181.7592 85.0778 3.9321
Generation: 461 89.4200 181.7650 84.8753 3.5750
Generation: 462 89.8172 182.1611 85.0262 4.0465
Generation: 463 89.8864 182.2250 85.6652 3.6013
Generation: 464 90.0896 182.4281 84.6089 4.8625
Generation: 465 89.8905 182.2290 85.8626 3.1806
Generation: 466 89.6218 181.9670 84.7120 4.7367
Generation: 467 89.8146 182.1531 85.1349 3.6512
Generation: 468 89.9327 182.2704 85.3535 3.2287
Generation: 469 89.6072 181.9511 85.3918 3.9118
Generation: 470 89.7968 182.1420 84.3180 5.0741
Generation: 471 89.7039 182.0503 85.0997 3.5618
Generation: 472 89.4632 181.8071 84.9217 3.8707
Generation: 473 89.4084 181.7512 85.6180 3.3955
Generation: 474 89.8696 182.2081 85.5343 3.8827
Generation: 475 89.6513 181.9952 85.2201 3.5895
Generation: 476 89.7233 182.0695 84.9366 4.4049
Generation: 477 89.6322 181.9794 84.8300 5.0750
Generation: 478 89.5929 181.9316 85.5480 4.0289
Generation: 479 89.7043 182.0472 85.6201 3.7757
Generation: 480 89.6268 181.9720 85.7446 3.5807
Generation: 481 89.9120 182.2531 84.8277 3.8506
Generation: 482 89.6987 182.0428 85.6860 3.7092
Generation: 483 90.0189 182.3602 85.5517 3.5558
Generation: 484 89.5584 181.9012 85.5412 3.5911
Generation: 485 89.6589 182.0002 85.6803 4.2785
Generation: 486 89.7055 182.0440 85.2322 3.9313
Generation: 487 90.1614 182.5000 86.0179 3.5279
Generation: 488 90.1364 182.4750 85.9303 3.3873
Generation: 489 89.6268 181.9720 85.8199 3.3582
Generation: 490 89.8334 182.1762 85.9275 3.6995
Generation: 491 89.4868 181.8320 85.4664 3.9319
Generation: 492 89.6784 182.0212 85.2572 3.5411
Generation: 493 89.5439 181.8903 85.8228 3.5407
Generation: 494 89.4406 181.7828 86.2494 3.4984
Generation: 495 90.0039 182.3452 85.5577 3.2855
Generation: 496 89.5934 181.9297 85.8187 3.6679
Generation: 497 89.7097 182.0517 85.8467 3.1812
Generation: 498 89.5835 181.9256 85.6318 3.5811
Generation: 499 89.8664 182.2050 85.7266 3.8952
Generation: 500 89.9397 182.2817 85.7420 3.1570
Generation: 501 89.5374 181.8832 85.8138 3.4909
Generation: 502 89.9847 182.3270 86.2299 3.2822
Generation: 503 90.0737 182.4160 85.3974 3.9515
Generation: 504 89.7015 182.0410 85.0758 4.2087
Generation: 505 89.8887 182.2310 85.9651 3.9012
Generation: 506 89.9544 182.2837 85.9434 3.2524
Generation: 507 89.9096 182.2481 85.3237 4.3243
Generation: 508 89.7518 182.0970 86.1847 3.2306
Generation: 509 89.5184 181.8612 86.5563 3.3632
Generation: 510 90.0689 182.4102 86.3326 3.4938
Generation: 511 89.7643 182.1040 85.6560 3.5796
Generation: 512 90.2514 182.5900 86.2191 3.0585
Generation: 513 89.9694 182.2987 86.5947 3.0832
Generation: 514 90.0489 182.3902 85.8340 3.3138
Generation: 515 89.6650 182.0102 85.4006 3.9699
Generation: 516 89.9497 182.2917 86.1934 2.9954
Generation: 517 89.8241 182.1586 86.0509 3.5044
Generation: 518 89.8485 182.1906 86.1135 3.0022
Generation: 519 90.0964 182.4350 85.9627 4.1842
Generation: 520 89.6750 182.0165 85.5663 3.8333
Generation: 521 89.7905 182.1290 84.9673 4.6960
Generation: 522 89.7314 182.0700 86.1803 3.2661
Generation: 523 89.6634 182.0062 85.9792 2.7156
Generation: 524 89.7397 182.0817 86.0398 3.5013
Generation: 525 89.8514 182.1900 86.2894 2.9903
Generation: 526 89.8547 182.1970 86.2600 3.1180
Generation: 527 90.1739 182.5152 86.0516 3.2866
Generation: 528 89.9355 182.2740 86.1898 3.1999
Generation: 529 89.8646 182.2050 86.0274 3.6815
Generation: 530 89.8603 182.1953 85.9323 3.3328
Generation: 531 89.9585 182.3006 86.1104 3.0731
Generation: 532 90.2198 182.5612 86.2526 3.6513
Generation: 533 89.8489 182.1902 86.1017 3.8044
Generation: 534 89.9087 182.2510 86.2965 3.1662
Generation: 535 89.9356 182.2761 86.4062 2.8829
Generation: 536 90.0037 182.3478 85.8321 3.6604
Generation: 537 89.9647 182.3067 86.1192 3.6276
Generation: 538 89.7234 182.0662 85.9299 3.1023
Generation: 539 90.2618 182.6008 86.4157 2.5886
Generation: 540 89.8997 182.2417 86.4814 2.6668
Generation: 541 90.2139 182.5552 86.6264 3.2824
Generation: 542 90.0989 182.4402 86.9071 2.3048
Generation: 543 89.9497 182.2917 86.1513 3.7363
Generation: 544 90.2087 182.5510 87.0469 3.3621
Generation: 545 90.3647 182.7067 86.1558 3.7069
Generation: 546 90.0170 182.3581 86.2296 2.9394
Generation: 547 89.9914 182.3300 86.3222 2.8034
Generation: 548 90.0339 182.3752 86.8354 2.9043
Generation: 549 89.9046 182.2431 86.4899 3.2961
Generation: 550 89.9996 182.3381 86.7227 3.1547
Generation: 551 90.0789 182.4202 86.2862 3.5163
Generation: 552 90.0197 182.3617 86.2995 3.3558
Generation: 553 90.0598 182.4012 86.1191 3.2288
Generation: 554 90.0068 182.3520 86.8205 2.5110
Generation: 555 90.1076 182.4518 86.3915 3.5016
Generation: 556 90.0497 182.3920 86.4361 2.6261
Generation: 557 89.9039 182.2452 86.6639 2.7056
Generation: 558 89.6972 182.0287 86.1895 3.1993
Generation: 559 90.0239 182.3652 85.9152 3.9128
Generation: 560 90.1439 182.4852 86.2573 2.8013
Generation: 561 90.1089 182.4502 86.2376 2.9470
Generation: 562 90.4289 182.7702 86.0567 3.3184
Generation: 563 89.8146 182.1531 87.0704 2.2229
Generation: 564 90.0389 182.3802 86.2720 3.3350
Generation: 565 90.1735 182.5156 85.9846 3.8493
Generation: 566 90.0347 182.3767 85.6542 5.1662
Generation: 567 89.9746 182.3131 86.2957 4.7066
Generation: 568 90.0584 182.4013 85.2836 7.4647
Generation: 569 90.0764 182.4150 85.8611 4.8809
Generation: 570 90.0639 182.4052 86.9387 2.5558
Generation: 571 90.0818 182.4270 85.7712 4.4927
Generation: 572 89.7805 182.1190 86.8964 3.2331
Generation: 573 90.1197 182.4617 86.7523 4.6923
Generation: 574 89.8282 182.1721 86.4216 3.5639
Generation: 575 90.4268 182.7658 86.5094 3.0435
Generation: 576 89.9085 182.2506 86.9627 2.8073
Generation: 577 89.9714 182.3100 86.4374 4.1719
Generation: 578 90.1989 182.5402 86.6572 3.1221
Generation: 579 89.9147 182.2567 86.2832 3.1520
Generation: 580 90.0997 182.4417 86.0514 4.4544
Generation: 581 89.9693 182.3122 86.6215 2.9788
Generation: 582 90.2587 182.6010 86.3892 3.3738
Generation: 583 90.0639 182.4052 86.5375 3.1992
Generation: 584 90.3748 182.7164 86.9573 2.4874
Generation: 585 90.3268 182.6658 86.1367 4.6111
Generation: 586 90.2835 182.6106 86.4716 3.6200
Generation: 587 90.2697 182.6117 86.7294 3.6451
Generation: 588 90.2898 182.6314 86.3190 3.9917
Generation: 589 90.1589 182.5002 87.3561 3.5016
Generation: 590 90.0539 182.3952 86.5539 3.4366
Generation: 591 90.0539 182.3952 87.5032 2.4853
Generation: 592 89.9489 182.2902 86.7517 2.8038
Generation: 593 90.3887 182.7310 86.9506 2.4513
Generation: 594 89.8855 182.2240 86.8370 3.2892
Generation: 595 90.0141 182.3486 86.7484 2.8860
Generation: 596 89.9964 182.3350 86.5055 4.1490
Generation: 597 90.1339 182.4752 86.3998 3.0024
Generation: 598 90.0355 182.3740 87.0740 2.6220
Generation: 599 90.2052 182.5450 86.6518 3.5339
Generation: 600 90.0637 182.4060 85.9863 4.5816
Generation: 601 90.2489 182.5902 86.3953 4.2535
Generation: 602 90.0587 182.4010 86.9691 2.6856
Generation: 603 90.1113 182.4440 86.6019 3.8452
Generation: 604 90.1037 182.4460 86.8160 3.8669
Generation: 605 90.2106 182.5537 86.6650 2.6122
Generation: 606 89.9714 182.3100 86.6370 3.4093
Generation: 607 89.9055 182.2440 86.1509 3.0530
Generation: 608 90.0339 182.3752 86.5763 3.1472
Generation: 609 90.0863 182.4190 86.5423 2.6986
Generation: 610 90.0518 182.3970 86.7795 2.5305
Generation: 611 90.1505 182.4890 86.5334 3.4908
Generation: 612 90.2547 182.5967 86.2230 3.3073
Generation: 613 89.7616 182.1075 86.9077 3.1093
Generation: 614 90.0005 182.3390 86.3308 3.6130
Generation: 615 90.1455 182.4840 86.5417 3.1631
Generation: 616 89.9685 182.3106 87.2390 2.4762
Generation: 617 90.4446 182.7875 87.0210 2.8614
Generation: 618 89.9747 182.3167 86.4538 2.8321
Generation: 619 89.9805 182.3190 86.5118 3.4793
Generation: 620 89.8316 182.1775 86.4688 3.3262
Generation: 621 89.8264 182.1722 86.1393 3.0183
Generation: 622 90.0896 182.4281 86.8320 3.1530
Generation: 623 90.0294 182.3720 87.0277 2.5776
Generation: 624 90.1285 182.4706 87.1162 2.8972
Generation: 625 89.8268 182.1720 86.8778 2.5872
Generation: 626 90.1087 182.4510 86.1386 5.1239
Generation: 627 90.3268 182.6658 86.8133 3.4938
Generation: 628 90.2485 182.5906 86.2026 4.4773
Generation: 629 90.4387 182.7810 86.2084 3.9619
Generation: 630 90.0039 182.3452 86.8793 3.1862
Generation: 631 89.8696 182.2081 86.4032 2.7921
Generation: 632 90.0854 182.4194 86.3922 3.3363
Generation: 633 90.4439 182.7852 86.8783 2.5814
Generation: 634 89.9710 182.3104 86.4860 4.7323
Generation: 635 90.1339 182.4752 86.6851 3.9789
Generation: 636 90.3768 182.7158 86.2153 3.4795
Generation: 637 90.2437 182.5860 86.5132 3.2969
Generation: 638 90.0547 182.3930 86.8280 2.9038
Generation: 639 90.2714 182.6100 86.9009 2.5972
Generation: 640 89.9638 182.3021 86.4432 3.5866
Generation: 641 90.3037 182.6460 86.4952 3.7422
Generation: 642 90.2014 182.5400 87.1349 2.8057
Generation: 643 90.1805 182.5190 86.6104 4.0739
Generation: 644 89.8974 182.2432 86.6118 3.1506
Generation: 645 90.2555 182.5940 87.0394 2.7037
Generation: 646 90.3305 182.6690 86.7846 3.3903
Generation: 647 90.1902 182.5202 85.3450 3.3832
Generation: 648 90.2139 182.5552 86.0530 4.1571
Generation: 649 90.3163 182.6490 86.9727 2.9342
Generation: 650 90.0297 182.3608 85.6315 4.3967
Generation: 651 90.1952 182.5350 85.9254 4.3585
Generation: 652 90.2897 182.6317 86.5083 2.8310
Generation: 653 89.9627 182.3081 87.0083 2.6770
Generation: 654 90.0510 182.3884 86.8721 2.7992
Generation: 655 90.0196 182.3581 86.4854 3.1909
Generation: 656 89.9917 182.3343 86.8121 2.9888
Generation: 657 90.3796 182.7181 86.4310 3.6616
Generation: 658 90.2035 182.5456 86.5663 3.3947
Generation: 659 90.1766 182.5225 86.7294 2.7705
Generation: 660 90.2511 182.5913 86.0691 3.1328
Generation: 661 90.0446 182.3831 86.3251 3.0010
Generation: 662 90.4289 182.7702 86.6647 3.1936
Generation: 663 90.6898 183.0314 86.0990 3.7411
Generation: 664 90.2485 182.5906 86.6840 3.3791
Generation: 665 90.2148 182.5533 86.3314 4.5945
Generation: 666 90.3014 182.6401 86.0838 3.8067
Generation: 667 90.2725 182.6189 86.3248 3.2981
Generation: 668 90.6939 183.0352 87.1569 2.8452
Generation: 669 90.3939 182.7352 87.3041 2.9322
Generation: 670 90.2247 182.5667 86.4221 3.7788
Generation: 671 90.3237 182.6660 87.3372 2.3406
Generation: 672 90.0084 182.3512 87.2418 2.5501
Generation: 673 89.9101 182.2475 86.9398 3.6983
Generation: 674 90.2394 182.5687 87.1753 2.7539
Generation: 675 90.0385 182.3849 87.1740 3.3941
Generation: 676 90.3096 182.6481 86.9066 2.9564
Generation: 677 90.1518 182.4894 86.8627 3.0515
Generation: 678 90.4325 182.7789 87.3033 2.8432
Generation: 679 90.2405 182.5790 86.8417 4.0606
Generation: 680 90.0927 182.4385 86.3491 3.2052
Generation: 681 90.3946 182.7331 87.0301 3.2179
Generation: 682 90.1996 182.5381 86.8235 3.0252
Generation: 683 90.3097 182.6520 86.9289 2.9665
Generation: 684 90.3464 182.6850 86.4885 3.9721
Generation: 685 90.1488 182.4871 86.5700 3.0167
Generation: 686 90.6337 182.9760 86.4006 3.2987
Generation: 687 90.1596 182.4981 87.4641 2.6873
Generation: 688 90.2587 182.6010 86.4896 3.8460
Generation: 689 90.3537 182.6960 87.4605 3.0100
Generation: 690 90.2996 182.6381 87.0062 2.8034
Generation: 691 90.4897 182.8320 87.3086 2.8988
Generation: 692 90.3237 182.6660 87.4000 2.4235
Generation: 693 90.3188 182.6570 87.2479 3.5018
Generation: 694 90.1214 182.4672 86.9143 2.9957
Generation: 695 90.5048 182.8462 87.3669 2.6406
Generation: 696 90.2146 182.5531 86.5038 3.4826
Generation: 697 90.7485 183.0896 86.8321 3.0863
Generation: 698 90.4589 182.8002 86.9597 3.6060
Generation: 699 90.1747 182.5170 86.6782 3.1839
Generation: 700 90.2001 182.5375 86.7038 3.0206
Generation: 701 90.5639 182.9052 86.8821 2.6637
Generation: 702 90.3897 182.7320 86.5496 3.2959
Generation: 703 90.3747 182.7170 86.9043 3.3846
Generation: 704 90.3255 182.6640 86.4853 3.0012
Generation: 705 90.3497 182.6920 86.7751 2.9408
Generation: 706 90.2288 182.5671 86.6250 3.6949
Generation: 707 90.4199 182.7651 86.9963 2.7301
Generation: 708 90.4987 182.8410 86.5401 2.9636
Generation: 709 90.1079 182.4461 87.1653 2.9579
Generation: 710 90.7387 183.0810 87.0788 2.8813
Generation: 711 90.7444 183.0865 86.8794 3.4536
Generation: 712 90.3635 182.7056 86.2294 4.4205
Generation: 713 90.3597 182.7020 86.0048 4.4409
Generation: 714 90.3237 182.6660 86.7146 4.1546
Generation: 715 90.2305 182.5690 86.9616 3.2496
Generation: 716 90.2997 182.6420 86.8496 3.4849
Generation: 717 90.4885 182.8296 86.7002 3.6670
Generation: 718 90.2485 182.5906 86.5044 3.9982
Generation: 719 90.1779 182.5221 87.1778 3.5186
Generation: 720 90.3152 182.6550 87.1417 3.7681
Generation: 721 90.2885 182.6306 86.5557 3.0279
Generation: 722 90.4030 182.7442 87.4653 2.8857
Generation: 723 90.3798 182.7201 87.1698 2.8044
Generation: 724 90.4985 182.8396 87.5545 2.8034
Generation: 725 90.4687 182.8110 87.0255 3.6570
Generation: 726 90.1739 182.5152 87.3507 3.4214
Generation: 727 90.4447 182.7870 87.5998 3.0132
Generation: 728 90.5137 182.8560 87.7128 2.6183
Generation: 729 90.6987 183.0410 87.5693 2.6834
Generation: 730 90.2596 182.5981 86.2757 3.0927
Generation: 731 90.1575 182.5039 87.2645 2.5143
Generation: 732 90.4288 182.7671 87.0831 2.8941
Generation: 733 90.6635 183.0046 87.1176 2.5537
Generation: 734 90.4906 182.8337 87.0272 2.7395
Generation: 735 90.2289 182.5702 86.6010 3.2786
Generation: 736 90.5897 182.9320 86.9826 2.9821
Generation: 737 90.4146 182.7531 87.0963 2.7435
Generation: 738 90.3630 182.7042 87.2234 2.6773
Generation: 739 90.7289 183.0702 86.7884 3.4195
Generation: 740 90.5237 182.8660 87.4512 3.4586
Generation: 741 90.4787 182.8210 86.9185 4.2013
Generation: 742 90.4146 182.7531 87.6641 2.7041
Generation: 743 90.4998 182.8414 86.8534 3.1186
Generation: 744 90.3837 182.7260 87.4445 2.7791
Generation: 745 90.6048 182.9464 88.1855 2.3331
Generation: 746 90.3196 182.6581 87.5890 2.4498
Generation: 747 90.5635 182.9056 87.4729 2.9362
Generation: 748 90.5335 182.8746 87.7066 2.7026
Generation: 749 90.6137 182.9560 87.6935 2.5677
Generation: 750 90.4937 182.8360 87.5305 2.9791
Generation: 751 90.3335 182.6756 87.2676 2.6638
Generation: 752 90.6287 182.9710 87.4992 2.6184
Generation: 753 90.5139 182.8552 87.7934 2.5372
Generation: 754 90.6147 182.9570 88.0437 2.3767
Generation: 755 90.6985 183.0396 87.4805 2.9061
Generation: 756 90.5837 182.9260 87.9270 2.4146
Generation: 757 90.5787 182.9210 87.8872 2.7369
Generation: 758 90.8737 183.2160 88.1562 2.3161
Generation: 759 90.5687 182.9110 88.1370 2.4228
Generation: 760 90.5537 182.8960 88.4490 2.1578
Generation: 761 90.6468 182.9858 88.4188 2.1593
Generation: 762 90.6139 182.9552 87.8123 2.3084
Generation: 763 90.6989 183.0402 88.1303 2.3837
Generation: 764 90.6987 183.0410 88.1540 2.5065
Generation: 765 90.6980 183.0392 88.4171 2.2333
Generation: 766 90.8087 183.1510 88.0949 2.3403
Generation: 767 90.8135 183.1546 87.8097 2.3802
Generation: 768 90.5705 182.9090 87.9139 2.5453
Generation: 769 90.5987 182.9410 87.8494 2.3910
Generation: 770 90.7589 183.1002 88.1833 2.4424
Generation: 771 90.7289 183.0702 88.1238 2.3977
Generation: 772 90.7485 183.0896 88.7970 1.9622
Generation: 773 90.5837 182.9260 88.4573 2.1312
Generation: 774 90.5987 182.9410 87.8123 2.2498
Generation: 775 90.6437 182.9860 88.2896 2.4799
Generation: 776 90.4850 182.8253 88.3303 2.4273
Generation: 777 90.6689 183.0102 88.3711 2.1481
Generation: 778 90.6689 183.0102 87.9639 2.4031
Generation: 779 90.5589 182.9002 87.6517 2.3822
Generation: 780 90.6989 183.0402 88.4794 2.1046
Generation: 781 90.6439 182.9852 88.1971 2.3644
Generation: 782 90.6939 183.0352 88.5355 2.6153
Generation: 783 90.7089 183.0502 88.4629 2.4013
Generation: 784 90.7139 183.0552 88.5370 2.3585
Generation: 785 90.5705 182.9090 88.2939 2.5057
Generation: 786 90.7289 183.0702 88.0741 2.3414
Generation: 787 90.6787 183.0210 88.3395 2.5591
Generation: 788 90.6830 183.0242 88.1815 2.2522
Generation: 789 90.6989 183.0402 88.4107 3.0200
Generation: 790 90.7837 183.1260 87.9763 2.4773
Generation: 791 90.7987 183.1410 88.2396 2.3287
Generation: 792 90.7687 183.1110 88.9343 1.8562
Generation: 793 90.7439 183.0852 88.7091 2.4418
Generation: 794 90.7687 183.1110 88.5514 2.5865
Generation: 795 90.6539 182.9952 88.3041 2.2436
Generation: 796 90.7798 183.1183 88.6032 1.9910
Generation: 797 90.8485 183.1896 88.8812 2.0310
Generation: 798 90.6989 183.0402 88.3100 2.1741
Generation: 799 90.6837 183.0260 89.0128 1.8283
Generation: 800 90.9485 183.2896 88.8725 1.9575
Generation: 801 90.6689 183.0102 89.0797 1.6752
Generation: 802 90.7187 183.0610 89.0502 1.9113
Generation: 803 90.7439 183.0852 88.5851 2.1373
Generation: 804 90.6985 183.0396 89.1193 1.8059
Generation: 805 90.6989 183.0402 88.7281 2.0755
Generation: 806 90.6939 183.0352 88.8093 1.9881
Generation: 807 90.6335 182.9746 88.9217 1.9618
Generation: 808 90.7187 183.0610 88.8239 2.3512
Generation: 809 90.7837 183.1260 88.8420 2.1026
Generation: 810 90.7598 183.1014 88.9350 2.0881
Generation: 811 90.9485 183.2896 88.9580 1.9924
Generation: 812 90.9035 183.2446 88.3127 2.3657
Generation: 813 90.7439 183.0852 88.4181 2.7327
Generation: 814 90.8039 183.1452 88.7027 2.2797
Generation: 815 90.7687 183.1110 88.9854 1.8885
Generation: 816 90.8198 183.1614 88.7813 1.9917
Generation: 817 90.6989 183.0402 88.7325 1.9071
Generation: 818 90.7439 183.0852 88.8150 1.8772
Generation: 819 90.7739 183.1152 88.8106 1.9275
Generation: 820 90.7487 183.0910 89.0914 1.9996
Generation: 821 90.8048 183.1464 89.0062 2.1336
Generation: 822 90.9285 183.2696 89.0468 1.9348
Generation: 823 90.8048 183.1464 89.3222 1.7557
Generation: 824 90.8048 183.1464 89.2551 1.7576
Generation: 825 90.9485 183.2896 89.2288 1.8251
Generation: 826 90.7485 183.0896 88.6651 2.2486
Generation: 827 90.8147 183.1570 88.9664 1.9693
Generation: 828 90.6989 183.0402 88.9090 2.0534
Generation: 829 90.7987 183.1410 89.1579 1.9050
Generation: 830 90.7589 183.1002 88.3938 3.2234
Generation: 831 90.8485 183.1896 89.5944 1.4218
Generation: 832 90.9485 183.2896 88.9497 1.9505
Generation: 833 90.8030 183.1442 88.8417 2.0860
Generation: 834 90.7430 183.0842 88.7585 2.2579
Generation: 835 90.7139 183.0552 88.8828 2.1109
Generation: 836 90.8935 183.2346 88.9066 2.1420
Generation: 837 90.7289 183.0702 88.7391 2.0862
Generation: 838 90.7589 183.1002 88.7961 1.9667
Generation: 839 90.7987 183.1410 89.1889 1.9250
Generation: 840 90.7987 183.1410 88.5122 2.9685
Generation: 841 90.9285 183.2696 88.5678 2.2332
Generation: 842 90.7837 183.1260 88.7960 2.0908
Generation: 843 90.9785 183.3196 88.7524 2.2030
Generation: 844 90.7687 183.1110 88.9299 2.1251
Generation: 845 90.7987 183.1410 89.3627 1.6797
Generation: 846 90.7987 183.1410 88.9502 1.9976
Generation: 847 90.8137 183.1560 88.9640 1.8738
Generation: 848 90.8596 183.2025 88.8806 2.1987
Generation: 849 90.8287 183.1710 88.8999 1.9722
Generation: 850 90.8287 183.1710 88.9876 1.9109
Generation: 851 90.7987 183.1410 89.0854 1.8334
Generation: 852 90.9785 183.3196 88.7493 3.3327
Generation: 853 90.7785 183.1196 88.5718 2.0697
Generation: 854 90.9935 183.3346 88.7729 2.1085
Generation: 855 90.9235 183.2646 88.7658 2.1280
Generation: 856 90.8785 183.2196 88.5063 2.0818
Generation: 857 90.9285 183.2696 88.9528 1.8892
Generation: 858 90.8737 183.2160 88.8005 2.9212
Generation: 859 90.9635 183.3046 88.9489 1.9614
Generation: 860 90.8287 183.1710 88.7420 2.0279
Generation: 861 90.9935 183.3346 89.4155 1.8571
Generation: 862 90.8287 183.1710 88.8216 2.0695
Generation: 863 90.9785 183.3196 89.1225 1.8434
Generation: 864 90.8885 183.2296 89.0201 2.0406
Generation: 865 90.9785 183.3196 89.2721 1.8424
Generation: 866 90.9335 183.2746 88.8881 1.9602
Generation: 867 90.9635 183.3046 88.8629 2.0996
Generation: 868 90.8935 183.2346 89.0295 1.9443
Generation: 869 90.8635 183.2046 88.7550 2.1689
Generation: 870 90.9935 183.3346 88.5762 2.2699
Generation: 871 90.9785 183.3196 88.7467 2.1250
Generation: 872 91.0544 183.3965 88.8753 1.9892
Generation: 873 90.8446 183.1875 88.6753 2.0263
Generation: 874 90.9944 183.3365 89.0040 1.9424
Generation: 875 90.8587 183.2010 88.9791 1.8720
Generation: 876 90.9335 183.2746 88.8852 2.0276
Generation: 877 90.9485 183.2896 88.8779 2.1388
Generation: 878 90.9935 183.3346 89.5377 1.6001
Generation: 879 90.9944 183.3365 89.2296 1.9413
Generation: 880 90.8587 183.2010 89.1544 1.8032
Generation: 881 90.9785 183.3196 89.1894 1.9385
Generation: 882 90.7935 183.1346 89.2195 1.7654
Generation: 883 90.9935 183.3346 89.2648 1.8064
Generation: 884 90.9635 183.3046 89.3443 1.7586
Generation: 885 91.0244 183.3665 88.7903 2.0259
Generation: 886 90.9485 183.2896 88.8425 2.0205
Generation: 887 90.9785 183.3196 89.1320 1.9493
Generation: 888 90.8335 183.1746 89.0976 2.0417
Generation: 889 91.0344 183.3765 89.3376 1.7492
Generation: 890 91.0244 183.3665 88.6976 2.2458
Generation: 891 90.9635 183.3046 89.1229 1.9968
Generation: 892 90.9785 183.3196 89.1780 1.8464
Generation: 893 90.9335 183.2746 89.1627 1.8293
Generation: 894 90.9935 183.3346 89.2824 1.6979
Generation: 895 91.0394 183.3815 89.2737 1.8337
Generation: 896 90.9935 183.3346 89.5488 1.7045
Generation: 897 90.9785 183.3196 89.1283 1.8821
Generation: 898 90.9785 183.3196 89.4472 1.8171
Generation: 899 90.9485 183.2896 89.7832 1.4042
Generation: 900 90.9485 183.2896 89.0751 1.8699
Generation: 901 91.0394 183.3815 89.4261 1.7239
Generation: 902 90.9944 183.3365 89.1175 2.0351
Generation: 903 91.0244 183.3665 89.2187 1.9873
Generation: 904 90.9285 183.2696 89.0243 1.9225
Generation: 905 91.0394 183.3815 89.3389 1.7191
Generation: 906 91.0244 183.3665 88.9002 1.9882
Generation: 907 90.9935 183.3346 88.8186 2.1750
Generation: 908 91.0394 183.3815 89.2356 1.7586
Generation: 909 91.0544 183.3965 89.2654 1.8829
Generation: 910 90.9935 183.3346 89.0906 1.8153
Generation: 911 91.0244 183.3665 88.9999 2.0045
Generation: 912 90.9335 183.2746 89.2125 1.9068
Generation: 913 90.9635 183.3046 89.4282 1.6344
Generation: 914 90.9635 183.3046 89.7373 1.4262
Generation: 915 90.9635 183.3046 89.6159 1.7245
Generation: 916 90.9785 183.3196 89.4162 1.7312
Generation: 917 91.0094 183.3515 89.5351 1.8443
Generation: 918 90.9935 183.3346 89.2408 1.7581
Generation: 919 90.8785 183.2196 89.3293 1.6868
Generation: 920 91.0094 183.3515 89.3711 1.6571
Generation: 921 90.9935 183.3346 89.4715 1.6099
Generation: 922 91.0244 183.3665 89.4027 1.6273
Generation: 923 91.0394 183.3815 89.3635 1.7616
Generation: 924 90.9635 183.3046 89.5379 1.5568
Generation: 925 90.9635 183.3046 89.8104 1.2357
Generation: 926 91.0094 183.3515 89.7383 1.5441
Generation: 927 91.0394 183.3815 89.2226 1.7852
Generation: 928 91.0544 183.3965 89.6872 1.6467
Generation: 929 91.0244 183.3665 89.1550 2.0671
Generation: 930 91.0094 183.3515 89.4463 1.8471
Generation: 931 91.0094 183.3515 89.7544 1.6051
Generation: 932 91.0235 183.3646 89.5026 1.7379
Generation: 933 90.9635 183.3046 89.4899 1.7461
Generation: 934 90.9635 183.3046 89.8121 1.3974
Generation: 935 90.9635 183.3046 89.4510 1.7386
Generation: 936 90.9785 183.3196 89.8070 1.5264
Generation: 937 91.0094 183.3515 89.9923 1.3905
Generation: 938 91.0094 183.3515 89.5947 1.6587
Generation: 939 91.0094 183.3515 89.8712 1.3357
Generation: 940 91.0244 183.3665 89.5868 1.5629
Generation: 941 90.9635 183.3046 89.4062 1.9057
Generation: 942 91.0244 183.3665 89.8391 1.4827
Generation: 943 91.0394 183.3815 89.4579 1.8825
Generation: 944 90.9785 183.3196 89.6055 1.7374
Generation: 945 90.9785 183.3196 89.5547 1.6978
Generation: 946 91.0094 183.3515 89.9639 1.3857
Generation: 947 90.9944 183.3365 89.7271 1.5400
Generation: 948 90.9944 183.3365 89.7202 1.6093
Generation: 949 91.0394 183.3815 89.5028 1.7361
Generation: 950 90.9935 183.3346 89.8070 1.5810
Generation: 951 90.9944 183.3365 89.9934 1.2935
Generation: 952 91.0244 183.3665 90.0189 1.3040
Generation: 953 90.9935 183.3346 89.9774 1.4387
Generation: 954 91.0544 183.3965 90.0507 1.3589
Generation: 955 91.0394 183.3815 89.2646 1.9358
Generation: 956 91.0094 183.3515 89.8655 1.5655
Generation: 957 91.0094 183.3515 89.3269 2.0132
Generation: 958 91.0535 183.3946 89.8649 1.6140
Generation: 959 91.0244 183.3665 89.7360 1.6773
Generation: 960 91.0244 183.3665 89.8185 1.6561
Generation: 961 91.0094 183.3515 89.6980 1.6069
Generation: 962 91.0094 183.3515 90.0010 1.3850
Generation: 963 91.0394 183.3815 89.8411 1.5189
Generation: 964 91.0394 183.3815 89.6029 1.7758
Generation: 965 91.0244 183.3665 89.7892 1.6247
Generation: 966 90.9785 183.3196 89.6993 1.6309
Generation: 967 91.0244 183.3665 90.0459 1.3736
Generation: 968 91.0244 183.3665 89.8234 1.4785
Generation: 969 91.0394 183.3815 90.1866 1.0423
Generation: 970 91.0394 183.3815 89.4740 1.6422
Generation: 971 91.0244 183.3665 89.7149 1.4850
Generation: 972 91.0244 183.3665 89.5727 1.7259
Generation: 973 91.0394 183.3815 89.6505 1.7743
Generation: 974 91.0544 183.3965 89.9323 1.5878
Generation: 975 91.0394 183.3815 89.5862 1.7866
Generation: 976 91.0544 183.3965 89.5841 1.7596
Generation: 977 91.0385 183.3796 89.5926 1.6926
Generation: 978 91.0244 183.3665 89.5449 1.7398
Generation: 979 91.0694 183.4115 89.3118 1.7730
Generation: 980 91.0994 183.4415 89.3140 1.9033
Generation: 981 91.0394 183.3815 89.4048 1.8045
Generation: 982 91.0094 183.3515 89.8714 1.5220
Generation: 983 91.0244 183.3665 89.4960 1.7482
Generation: 984 91.0244 183.3665 89.6582 1.7063
Generation: 985 91.0694 183.4115 89.7506 1.5911
Generation: 986 91.0394 183.3815 89.6171 1.6716
Generation: 987 91.0244 183.3665 89.5079 1.8870
Generation: 988 91.0544 183.3965 89.6133 1.6579
Generation: 989 91.0694 183.4115 89.3994 1.8852
Generation: 990 91.0394 183.3815 89.6556 1.7223
Generation: 991 91.0394 183.3815 89.5764 1.7222
Generation: 992 91.0544 183.3965 89.2816 1.8436
Generation: 993 91.0244 183.3665 89.6863 1.5716
Generation: 994 91.0694 183.4115 89.6364 1.6947
Generation: 995 91.0694 183.4115 89.5939 1.7157
Generation: 996 91.0694 183.4115 89.7330 1.6186
Generation: 997 91.0244 183.3665 89.1533 1.9980
Generation: 998 91.0844 183.4265 89.5337 1.7341
Generation: 999 91.0394 183.3815 89.7034 1.5691
