-9.031200585556039551e-01
3.087622151525647451e-01
-1.752548356279459152e-01
8.655921746704106079e-01
-4.653047781244620262e-01
-1.000000000000000000e+00
-1.521325646506830331e-01
5.442900584062437819e-01
-1.000000000000000000e+00
1.000000000000000000e+00
1.000000000000000000e+00
-6.018659821347482897e-01
1.972730202921034182e-01
5.880261727663674276e-02
-2.946208691924462886e-01
-7.002455732513728215e-01
-2.359596161011891235e-01
1.000000000000000000e+00
-8.121951576997892275e-01
-1.000000000000000000e+00
-1.000000000000000000e+00
7.781655413547612365e-01
-1.000000000000000000e+00
-6.263731727052977982e-01
-1.031172952563469969e-01
5.583056341671081002e-01
2.079280310429207079e-01
-4.940419166543392193e-01
-9.774382578460392157e-01
1.000000000000000000e+00
2.681306900763853474e-01
1.000000000000000000e+00
-5.610080014368468149e-01
-1.691854237697702490e-01
-6.109603080991631296e-01
7.818913053291369764e-01
-1.000000000000000000e+00
1.287867534918397672e-01
1.000000000000000000e+00
-9.008719754651899059e-02
-2.713061382077879280e-01
2.880720008680330846e-01
-1.790789714347565953e-01
-1.422539892819517648e-01
-1.000000000000000000e+00
-2.405386454572571164e-01
1.037620108446635769e-01
-1.000000000000000000e+00
1.000000000000000000e+00
9.719400785942667875e-01
1.000000000000000000e+00
-2.521330282564819836e-01
9.134605980220920074e-01
-5.484468684078591671e-03
3.799010809988837556e-01
6.016291175724917117e-01
1.000000000000000000e+00
-3.560451589000468986e-01
1.279251293311253757e-02
9.687976463559195839e-01
-3.193925335800917309e-01
3.222760159454769457e-01
-5.627852430560179586e-01
9.174393359710999452e-01
-1.000000000000000000e+00
1.000000000000000000e+00
-6.459213408429724801e-01
6.784953989434521215e-01
1.775388814791346026e-01
6.716604288491415109e-02
1.549256924519892276e-01
-3.643751997225943007e-01
3.841980668159852286e-01
-1.925910827143432202e-01
-7.053787814968930370e-01
-1.000000000000000000e+00
-8.186640945400636138e-01
1.000000000000000000e+00
7.217351756199699153e-01
-5.650211887595796290e-01
-3.072638903670234511e-01
7.242207134508731325e-01
-3.574557760093970415e-01
-7.983656771624044746e-01
6.613298342628702864e-01
-8.672272852328348769e-01
-1.000000000000000000e+00
-6.350907286936537943e-01
1.134201394717205547e-01
2.077107356974358388e-01
1.000000000000000000e+00
-6.289367304626385380e-01
-1.000000000000000000e+00
-3.934176592658494842e-01
-6.431151750711791015e-01
3.781292290741108397e-01
4.409785436516432400e-01
-1.000000000000000000e+00
-5.941185944155105148e-01
-5.055906109398873305e-01
7.987568659020335415e-01
1.000000000000000000e+00
3.407333814978714681e-01
-6.855150231873491373e-02
3.978864384648312935e-01
5.179416458972202486e-01
-8.205050105134151783e-01
-2.552780058824520859e-01
-1.000000000000000000e+00
5.645770142242311218e-01
1.000000000000000000e+00
-9.198586504323015278e-01
-4.505174319378479342e-01
-2.607439126166382071e-01
-9.763949245435182833e-01
1.000000000000000000e+00
8.524061043466892862e-01
8.914251309991014782e-01
-1.000000000000000000e+00
-1.000000000000000000e+00
1.000000000000000000e+00
1.000000000000000000e+00
9.471099300194734116e-01
-3.845280356004320832e-01
6.205462946651210121e-01
-2.856148581398388342e-01
-2.947633834704908584e-01
-2.083021457504679042e-01
3.452745236455458944e-01
-5.378449852443056844e-02
2.389167804556967534e-01
3.956115672176260256e-01
9.445106355377219653e-01
1.705112028760180642e-01
-5.331968140609769646e-01
-3.291420923123006270e-01
1.000000000000000000e+00
-7.044577005808330128e-01
-1.163321690456087243e-01
-1.000000000000000000e+00
1.000000000000000000e+00
-1.693492884633507611e-01
1.000000000000000000e+00
7.951632473312424398e-01
1.000000000000000000e+00
1.000000000000000000e+00
-2.749144947750125079e-01
1.235574121416210813e-01
2.710801751107248803e-02
-7.497584748045009739e-01
-2.184135226201117108e-01
1.000000000000000000e+00
7.768151165219656651e-01
7.872876587785710978e-01
-1.820316381142243478e-01
1.000000000000000000e+00
-9.664410213503843439e-02
7.956775516539650317e-01
-6.243193310444852262e-01
2.628071953601781585e-01
1.000000000000000000e+00
1.000000000000000000e+00
-4.367555273195589671e-01
1.000000000000000000e+00
-1.000000000000000000e+00
-8.312766515487877150e-01
-1.426392750278889787e-01
2.563545380888887504e-02
-1.000000000000000000e+00
-4.670214963265130192e-01
4.123611210625035550e-01
3.992991718121835509e-02
8.114191962428728422e-01
7.117305199287941031e-01
-6.867981375826767154e-01
-5.172938062561908135e-01
1.000000000000000000e+00
-4.087393149675166426e-01
6.852339844544754754e-01
-6.025619868591916006e-01
1.000000000000000000e+00
-4.565564912343483828e-01
4.171974969954999057e-01
3.356524567840251105e-01
-5.039505162020563311e-02
8.378236488824565287e-01
8.211067090335311125e-01
-1.000000000000000000e+00
-9.601479033198709323e-02
1.572443430828948940e-01
-9.772362826557261517e-01
-1.000000000000000000e+00
6.947177500976539077e-01
5.811992449666503191e-01
7.121030308439075807e-01
3.258125977691090913e-01
-9.293715045004982134e-01
2.104286202853516419e-01
-4.784344722418456541e-01
-1.000000000000000000e+00
1.000000000000000000e+00
-1.000000000000000000e+00
-2.600645547148319192e-01
-1.000000000000000000e+00
-2.556883800834047760e-01
7.352794082572440271e-01
-7.030547618850754299e-01
1.000000000000000000e+00
5.375395727088205788e-01
8.801808205844021682e-01
-2.175978673051903733e-02
1.778900753748710040e-01
-5.064980650749272284e-01
1.578444179113849266e-01
-1.000000000000000000e+00
4.870409915722115901e-01
5.141470698220504953e-01
-1.000000000000000000e+00
-3.581319275585750361e-01
-1.000000000000000000e+00
-1.000000000000000000e+00
-1.000000000000000000e+00
-6.915280582569757195e-01
6.150636020818142091e-01
-1.000000000000000000e+00
4.330439381038941882e-04
-1.000000000000000000e+00
-6.756741235827594672e-01
1.000000000000000000e+00
-1.604533033714793944e-01
4.155271572022800619e-02
1.555298389388528602e-01
-6.643711343465040775e-01
7.715897646701039281e-02
-6.636410371565870658e-01
1.000000000000000000e+00
-6.889525312774857913e-02
1.000000000000000000e+00
1.000000000000000000e+00
5.944137866387833036e-01
-8.985004507518966621e-01
7.406711177318046069e-01
6.881724762493716119e-01
1.000000000000000000e+00
6.524935377833011863e-02
1.000000000000000000e+00
1.000000000000000000e+00
-1.000000000000000000e+00
1.000000000000000000e+00
-7.449580797836676815e-01
5.902751059506545772e-01
1.000000000000000000e+00
-1.000000000000000000e+00
-9.132315836215977312e-01
9.177277470647171587e-01
-3.856194798084849884e-01
1.000000000000000000e+00
-1.000000000000000000e+00
-1.000000000000000000e+00
-5.620401490428993396e-01
-8.703960365696501444e-01
-6.628044015355661900e-01
-6.105190409300672583e-01
1.000000000000000000e+00
8.284643537279756664e-01
3.403908944132322811e-01
4.687009321149242513e-01
4.443073002723620935e-01
1.657007951113329547e-01
1.000000000000000000e+00
5.580481936425963907e-01
7.940760004531816074e-01
9.946353031415150481e-01
9.249789395069490938e-01
3.858115477767651846e-01
1.000000000000000000e+00
1.000000000000000000e+00
3.069898471185954492e-01
6.355070634517315797e-01
3.171354321398196507e-01
8.759014376179315997e-01
4.068712325949991881e-01
9.928739980255502084e-01
1.000000000000000000e+00
5.812826290563903875e-01
1.000000000000000000e+00
8.270360224905988211e-01
8.012219098888903046e-01
6.668537547659640907e-01
9.851099234592957110e-01
5.643448554261488725e-01
5.862725134983312048e-01
1.335468286985252440e-01
4.275729638304828772e-01
4.675514366875461736e-01
1.000000000000000000e+00
4.744944273948094593e-01
1.261340657904385099e-01
4.577394674277053821e-01
5.761778040565890269e-01
4.382627818419390642e-01
9.726137804426397970e-01
4.643928106578146808e-01
7.422527202757824849e-01
8.216758371117982573e-01
1.000000000000000000e+00
5.297916910850055672e-01
7.533731650425855575e-01
6.108488326730047158e-01
1.000000000000000000e+00
8.827137922056319530e-01
6.348611632712924946e-01
5.440975088027857343e-01
1.000000000000000000e+00
3.247401181988706642e-01
7.684053773513204177e-01
1.968853521248927207e-01
5.049465979671684535e-01
9.787412912549809940e-01
5.347274405775569450e-01
3.491573237178682843e-01
1.000000000000000000e+00
6.291764315052736922e-01
4.158301271267592081e-01
1.000000000000000000e+00
3.627699575188455539e-01
8.038666070007098874e-01
1.000000000000000000e+00
5.491411746254423187e-01
1.000000000000000000e+00
1.000000000000000000e+00
4.380777304708814435e-01
2.445567575508651448e-01
4.535827816174608507e-01
5.086901956446161499e-01
2.691021501233959445e-01
6.954986869146810857e-01
9.467975328812083813e-01
7.709946201149102674e-01
5.555496549444310928e-01
4.721921743710014163e-01
6.574240323150867260e-01
6.424524481340789794e-01
4.706723443074271596e-01
5.051722961393471101e-01
2.047634404117359974e-01
3.693559187633779217e-01
1.000000000000000000e+00
1.000000000000000000e+00
7.414637706188517141e-01
9.658328572607852713e-01
9.345266669382000790e-01
2.190249220924011253e-01
6.703451141830419902e-01
7.298666530547935904e-01
6.644390603674523721e-01
6.825872437940836424e-01
1.000000000000000000e+00
1.000000000000000000e+00
9.522070021316665356e-01
3.739896244156654670e-01
8.704616133396227973e-01
5.843703428980231429e-01
4.159318549274105825e-01
6.425181385908946829e-01
1.468768978947825876e-01
8.457092702688652208e-01
6.146845039529846844e-01
3.211135673606357877e-01
2.087921752752688043e-01
5.177993005570422635e-01
6.805644793608871534e-01
5.239905361471440814e-01
1.000000000000000000e+00
6.262935298696540309e-01
5.810755486565882810e-01
6.503951682773366771e-01
4.419608664149735078e-01
7.861183438320556993e-01
6.964925958795206151e-01
8.597771055951826114e-01
4.641906490315946265e-01
8.732905845172835857e-01
6.841829629332166762e-01
8.242206148071870020e-01
8.945516964626016865e-01
7.087553245450916029e-01
6.592885829494108396e-01
5.679370946783740548e-01
7.608634355945840255e-01
6.045746090429177100e-01
8.262114777874194349e-01
3.550353046768230936e-01
7.192703077734790007e-01
4.689473278513840437e-01
1.509386190601668398e-01
5.496323531221964931e-01
7.153033923038715214e-02
8.435377604219264080e-01
5.866003889863025123e-01
2.500979629400664206e-01
1.000000000000000000e+00
4.265369499900368844e-01
7.007009305968505686e-01
9.139460215749802829e-01
5.827472815759532354e-01
8.989704342407710547e-01
4.683089815404581913e-01
4.252300320187292204e-01
3.838246826039507509e-01
6.189456952288819869e-01
3.280296897719198190e-01
6.965280263988001819e-01
7.367848359873822028e-01
1.751588426482679484e-01
9.905519251500086719e-01
8.124194876923708231e-01
5.268762101306631029e-01
5.217555825724009555e-01
7.626114408675971346e-01
5.693813876423451381e-01
7.583186572004707582e-01
5.519624697231713117e-01
2.753572262935576331e-01
2.404662631889042390e-01
1.000000000000000000e+00
1.000000000000000000e+00
3.703694914786794246e-01
3.628409510792401371e-01
6.045200198412454817e-01
3.204986070205763093e-01
6.996760196300755297e-01
9.846110609585533302e-01
8.066710462394316439e-01
4.077956657773772475e-01
9.487274419431757089e-01
7.893858016969336200e-01
8.739139671481264138e-01
1.000000000000000000e+00
1.954768949082583973e-01
1.000000000000000000e+00
6.977360319525904853e-01
9.002830342781634188e-02
5.318414469910088815e-01
2.257504778999551709e-01
1.000000000000000000e+00
1.000000000000000000e+00
9.418913763130484229e-01
8.516883109187457501e-01
6.864997054621712058e-01
5.979769608948860560e-01
3.178428167506889279e-01
3.142593093974510587e-01
6.154745611794342208e-01
4.748963157050384853e-01
7.242456765737418367e-01
5.943126107998842889e-01
3.407396317898096494e-01
2.991612168124750393e-01
8.911246338475117268e-01
8.636344524120271871e-01
7.094546458293875535e-01
5.231654962033639444e-01
2.387961939144565282e-01
7.694956194399260596e-01
8.911055273610151151e-01
3.231179574320527381e-01
7.848119599226884846e-01
7.182883907026138548e-01
8.606141547663029856e-01
3.730482737083736233e-01
1.075849869708821460e-01
1.000000000000000000e+00
7.822192262805477414e-01
3.758155177227250343e-01
6.191635105950636930e-01
3.281753137734380044e-01
4.014153819720452376e-01
3.151792594244088308e-01
3.268808231958819643e-01
8.588319288434186349e-01
2.190541171629792894e-01
6.018102066741772838e-01
6.380103084398234259e-01
9.732378215138853816e-01
3.345030116737676140e-01
9.057032997856337975e-01
7.489325006670141116e-01
1.000000000000000000e+00
3.225384504341560765e-01
8.953419067458862068e-01
4.994388531495104755e-01
1.051683602852987731e-01
3.049919530673222412e-01
8.930962329877542016e-01
1.000000000000000000e+00
5.277612467859860157e-01
7.445030853631088297e-01
2.433079277400077844e-01
7.692787775329074096e-01
9.359677686994863910e-01
2.094754514048035032e-01
6.979469178909007976e-01
8.635479002300529006e-01
8.977390314368007829e-01
1.000000000000000000e+00
7.799589314589587818e-01
1.731694287611909300e-01
9.207766183787241543e-01
2.815034978265199550e-01
1.000000000000000000e+00
6.014288230456096285e-01
5.733379396560527308e-01
8.777531670345015691e-01
8.679992649446552910e-01
3.263522134144551390e-01
9.774599759153460576e-01
5.826174475973413536e-01
1.729487221216117754e-01
4.549914179461239661e-01
5.510139572956980203e-01
8.449030110889182987e-01
5.084125659940260666e-01
5.851246141081816177e-01
5.005571562875328340e-01
2.541039450990087434e-01
6.356973995624153329e-01
3.669024987998394938e-01
5.872885310837173689e-01
7.617960132457197719e-01
