-2.052156940160640985e+00
1.283764909613848371e+00
2.858169215335987889e+00
-6.747774785738170911e-01
3.295813419454756144e-01
-2.298416257422705167e-01
-7.374926221734727783e-01
-3.605666819112568477e-01
-3.978202738624320167e-02
-4.173718439793013824e-01
2.258642238262676960e-01
-2.545367740707582538e+00
-1.022804376675821469e+00
-1.739346499901601173e-01
8.679225707280517899e-01
-2.260466074206610276e+00
-4.424746823138055452e-01
1.121759585640085932e+00
-1.107122904202614722e+00
-8.626518921127780404e-01
7.274349553275378799e-01
-6.380418015326253522e-01
-1.080183009376711079e+00
-6.464805424319403082e-01
-1.195092019027065300e+00
-4.890325484187270644e-01
1.659514044062697424e+00
1.720542335756892749e+00
-7.098114044728052185e-01
1.700263996022341462e-01
1.609186096812200706e+00
-1.549548698850292672e+00
-2.019372217188368790e+00
-1.343191217478528543e+00
5.626335226539030954e-01
-1.576808289475507996e+00
1.090780564295058097e+00
-5.209689797451566573e-03
-1.987413692367575369e+00
-1.918635537850802153e-01
-1.681491014989443533e+00
-3.949269853869520341e-01
-7.066721119153829278e-01
6.024310547349958078e-01
3.433972019115193230e+00
2.672318529241076934e+00
-5.788552097462159596e-01
-6.967518057157078004e-02
-1.127155341801229449e+00
-7.165808654026531999e-01
-9.698863480491785038e-01
1.651073523197337689e+00
-1.094020489687342446e+00
8.122002643021012380e-01
-4.089871435386890908e-01
-4.767703917745538811e-01
2.349717179834938385e-02
-3.563578068964105006e-01
2.818333002305453583e+00
-4.886000974509777661e-01
-8.987670198487875961e-01
-1.074006774907947381e+00
4.346900655397979013e-02
-1.035491793277508066e+00
-1.352204911331660098e+00
-1.255231561125668582e+00
-4.717548557058237613e-01
1.624338103377485909e-02
-1.909799968434463091e+00
-1.816172069853831395e-01
-1.816192715867679386e+00
2.072333567574978108e+00
8.409244637925230581e-01
8.244029962393741862e-01
6.863329875048563844e-01
2.016941215714595226e-01
5.831874186340355593e-01
6.480540631827961251e-01
2.048292849585266473e-01
5.430503831755947308e-01
5.349147193718472026e-01
-1.735578972626076633e+00
-1.196992732892399269e+00
-2.287816546833658204e+00
-1.935882983642776223e+00
-1.977304896476129281e+00
6.376212888501062714e-01
-6.972597566021724314e-01
5.879458873230467564e-01
-4.982719015267662588e-01
8.145928327540165048e-01
8.353664807945633264e-01
1.000941502397997063e+00
4.804450289670056939e-01
-1.102817898356083237e+00
1.696953365640594846e+00
-1.752135005075885266e+00
-7.210297032332847467e-01
1.583814355461458101e+00
-8.853009651886692422e-02
-1.271301141660839074e+00
1.112231322823995505e+00
-1.172874493514897809e+00
1.125838446043536889e+00
-1.465268120524125139e+00
1.646371380397053663e+00
3.765356151676478302e-01
1.220459574035989148e+00
5.439480880438259947e-01
1.798708742486975209e-01
-8.256467650309347039e-01
-3.301753225648109136e-01
-1.124393437217882763e+00
-1.030644816312829282e-01
2.307432781402962707e-02
-1.002001017188585280e-01
3.189695003468705492e-01
-5.566250927536996462e-01
-6.981270600537605731e-01
-1.978844579868245246e+00
-2.162692128247825640e-02
8.429990931867533677e-01
-2.495444598858822527e-01
2.550513235916734844e-01
8.502751425384035278e-01
-7.978432160806622764e-02
-1.439023493064932380e+00
-1.843693807665381712e+00
3.731816953983015384e-01
-5.918137963942169399e-01
-1.001268050773801876e+00
4.394876734809765040e-01
9.942107324084855646e-01
5.915626780212235314e-02
2.132997767809506617e-01
1.076598628393221402e+00
-1.754557635266094318e+00
7.700761111063239017e-01
7.119227535328856993e-01
-2.387323839645704715e-01
1.948701505785437327e-01
8.731199586818315372e-02
-4.509119672459495076e-01
-1.002906877777457684e+00
-7.007450650304416495e-01
-1.061672810467395811e+00
2.507725506349695710e+00
7.071528937026611006e-01
-1.781367523515107743e-01
-1.614959327377997411e+00
-7.583472155924804170e-01
1.396432946164781752e+00
8.914973313872498473e-02
3.627641329175226304e-01
5.806848931450080409e-01
-1.643836463947556670e+00
-1.726303429797299671e+00
-2.217712848287853866e+00
-1.942345721809769721e+00
4.815116723451697833e-01
1.174876470718204002e+00
2.120352407776946446e-01
4.692318603838141478e-01
2.129868000918878068e-01
-1.390978220153910261e+00
-6.464568642120692432e-02
3.468690501189488629e-01
-1.257375679329903573e+00
8.514664102018690839e-01
1.826465316433592556e-01
-4.531024113509080076e-01
1.194979539464040341e+00
-1.156725124097851554e+00
-6.069085893909398344e-02
9.821036048749904879e-01
1.130616645688583777e+00
2.867253484274101538e-01
-1.418920726005461930e+00
-1.597378496067364040e+00
-1.130523135261369161e+00
3.702186859425439902e+00
-1.898015372278233137e+00
-8.741644571589493040e-01
1.906793651170906490e+00
-4.387918449365311169e-01
-2.389460253625297070e-01
-4.900016875429658580e-01
-1.649321971787318097e-01
4.489926212406582517e-01
-7.177808939709403591e-01
3.536296516801643586e-01
1.392296917998771200e+00
-2.816864163786530484e-01
-1.062837225676265485e+00
-1.605316527492415046e+00
1.133340667977988714e+00
5.092311042628577811e-01
-1.129754208632483659e+00
-5.673069468206116683e-01
-6.218467780947012358e-01
4.590457078699282656e-01
-1.021110429759970906e+00
1.342282884587108649e+00
-9.988381073562080381e-01
3.729715341150285912e-01
-1.014538160264745636e+00
-1.765924439642660770e+00
8.002053795358202715e-01
1.097730039310087946e+00
-2.886296685477106605e-01
-2.381074796782454150e+00
1.474178113323078687e+00
7.406280739857536988e-01
-6.653319221737685751e-01
8.334168744750400926e-01
-1.097466503091129253e+00
1.999484226097586026e+00
1.026321521323479979e+00
1.483679400219980182e-01
-2.543668122269287846e+00
1.099178900494383715e+00
-1.609807071594193895e+00
-2.517376912864434102e-01
2.062490424108999854e+00
2.810011684261267018e+00
-1.408452925568027592e+00
-2.019075145974086105e+00
1.214533293282107129e+00
1.359883854696121830e+00
-5.074433251178291915e-01
-1.067460721265646395e+00
-1.954422715380403686e+00
-4.542264227120911824e-01
1.062159454788840662e+00
3.727045419108944713e-01
-4.891861367737617705e-01
-9.199963978086818095e-01
-7.300309146388865855e-01
-1.628076652895871224e-02
-4.276662709321998879e-02
1.950003098281915426e+00
-2.122469702127276481e+00
1.279044630841482233e+00
-5.247409219450909212e-01
1.080966699532453390e+00
-1.106046533779925234e+00
-7.329358063608458762e-01
1.653952936430459264e+00
3.025584290217727013e+00
-4.989691888076766557e-01
9.783899609052878477e-01
6.202617523358603391e-01
-3.208400294603497294e-01
9.845562541710820570e-01
-1.698899961021119509e+00
-1.976082091485629633e+00
-2.230618962183472220e+00
1.408304303958410442e+00
-3.426864356888524865e-01
-1.019474429526187054e+00
-1.331533897978984138e+00
-1.291270575245269114e-01
-8.518881068401202850e-01
2.050799864416398499e+00
1.458727324326380970e+00
