Generation: 0 45.6232 78.8462 4.9124 15.9705
Generation: 1 45.6239 78.8467 11.4953 17.0934
Generation: 2 53.0331 112.4894 20.7637 15.9005
Generation: 3 44.9029 103.0796 24.9217 14.0376
Generation: 4 58.2703 112.2988 28.0272 11.5521
Generation: 5 60.2891 137.1014 28.4975 13.2894
Generation: 6 51.9429 111.4558 31.9524 11.7613
Generation: 7 54.6270 108.9647 36.3853 10.9523
Generation: 8 48.9191 81.8117 34.7111 14.3313
Generation: 9 56.9519 134.0770 40.7322 10.0985
Generation: 10 53.9649 113.3116 41.8603 10.5439
Generation: 11 50.2837 106.0736 39.2426 12.5232
Generation: 12 60.5525 114.3848 40.7287 11.5599
Generation: 13 58.2836 117.1764 40.1290 9.6727
Generation: 14 48.8883 103.7873 41.4300 9.0198
Generation: 15 60.4573 114.2910 42.2481 8.5167
Generation: 16 51.6977 129.3610 41.2059 10.7947
Generation: 17 58.5492 117.4573 39.3937 11.4470
Generation: 18 58.3257 112.3633 41.8663 10.4935
Generation: 19 57.1176 134.2543 40.5486 9.7049
Generation: 20 63.8024 117.2589 42.4517 9.4317
Generation: 21 57.8882 111.9204 38.9016 13.1219
Generation: 22 57.1305 111.2457 40.3888 9.9656
Generation: 23 54.3312 131.6830 40.8290 10.5185
Generation: 24 50.5194 128.3107 42.2220 8.1020
Generation: 25 57.3772 134.5178 41.3329 11.1228
Generation: 26 56.7096 133.8444 43.7567 8.2232
Generation: 27 56.1942 133.4448 44.1083 7.8072
Generation: 28 54.3379 131.6938 42.8422 8.9510
Generation: 29 64.1030 140.5980 43.1804 8.2428
Generation: 30 58.4218 135.4437 43.8939 6.9977
Generation: 31 59.1239 136.0369 44.4757 8.8695
Generation: 32 58.1294 135.1551 40.3285 10.0254
Generation: 33 55.8020 133.0372 43.6209 10.8427
Generation: 34 65.2746 141.6541 43.6783 9.0166
Generation: 35 56.2536 133.4983 44.7703 9.2332
Generation: 36 64.5018 140.9957 44.0249 10.9512
Generation: 37 59.1486 136.0699 45.4504 10.0286
Generation: 38 65.2220 141.5780 45.3585 8.3032
Generation: 39 59.2222 136.1425 44.6885 10.4279
Generation: 40 65.0119 141.3987 46.9370 7.9333
Generation: 41 60.5940 137.4074 45.4157 9.0726
Generation: 42 64.6794 158.0653 45.2236 9.2485
Generation: 43 60.0625 136.8707 46.4750 8.1268
Generation: 44 66.2386 142.5039 46.7951 8.8673
Generation: 45 64.6112 140.9913 47.3977 8.8162
Generation: 46 62.5256 139.1191 48.4914 8.6727
Generation: 47 62.2734 150.8593 46.4963 9.8065
Generation: 48 65.3776 141.7628 48.0982 9.2266
Generation: 49 63.7642 180.2487 49.1761 8.7246
Generation: 50 69.7408 145.6704 48.6783 8.2403
Generation: 51 65.6832 141.9548 46.7514 9.5674
Generation: 52 65.4003 141.7852 46.8383 8.5764
Generation: 53 63.5583 180.0459 49.2851 8.5398
Generation: 54 64.0061 140.4931 47.3308 10.5945
Generation: 55 63.5172 140.0065 49.4010 8.2849
Generation: 56 63.7375 140.2436 47.7158 11.1665
Generation: 57 63.6577 180.1399 50.1223 7.3266
Generation: 58 61.8135 138.5090 48.9381 9.2954
Generation: 59 63.5938 180.0789 49.7172 9.0660
Generation: 60 63.0559 139.6610 50.2991 7.7915
Generation: 61 62.8847 151.4832 50.1843 8.5393
Generation: 62 66.2336 142.5040 49.8382 8.4181
Generation: 63 61.9441 150.5389 51.0287 8.0550
Generation: 64 64.0852 140.5776 51.0492 7.9965
Generation: 65 65.1963 141.5805 52.0793 7.8335
Generation: 66 63.3522 151.8312 50.8015 7.9182
Generation: 67 64.0812 140.5740 51.3437 9.2874
Generation: 68 64.0268 140.5194 52.5795 7.4484
Generation: 69 63.6964 180.1838 51.7790 7.8749
Generation: 70 69.6898 145.6038 51.4930 7.4664
Generation: 71 61.2308 154.9317 53.0695 6.9001
Generation: 72 62.1178 150.7007 50.5853 7.9960
Generation: 73 72.8308 148.4351 53.0998 8.6049
Generation: 74 65.3107 141.6819 53.4954 6.7689
Generation: 75 71.7580 147.4670 51.9837 6.9558
Generation: 76 65.9434 154.2015 51.7263 7.4158
Generation: 77 60.8248 149.5268 52.9768 6.7594
Generation: 78 61.9807 150.5742 53.1988 7.3566
Generation: 79 62.0074 150.5887 53.3189 6.4742
Generation: 80 65.1739 141.5566 53.3301 7.3190
Generation: 81 61.4341 178.1213 54.5781 6.4066
Generation: 82 63.4718 179.9567 52.7734 7.2960
Generation: 83 64.7815 181.1573 52.9021 6.9006
Generation: 84 72.0225 147.7315 53.2630 6.9506
Generation: 85 63.5207 180.0088 53.9892 7.6642
Generation: 86 67.3160 143.4786 54.8283 6.4389
Generation: 87 64.8736 181.2491 54.4462 6.5688
Generation: 88 60.9137 149.6053 54.1037 6.4884
Generation: 89 64.7062 181.0842 55.0292 6.7688
Generation: 90 60.9724 149.6729 54.3991 8.6720
Generation: 91 62.4845 179.0774 54.8787 6.2433
Generation: 92 62.0106 150.6059 55.2487 7.3000
Generation: 93 69.4975 145.4376 54.2859 9.1259
Generation: 94 54.8889 150.3048 54.5131 9.1603
Generation: 95 61.5683 160.2664 54.9044 5.9199
Generation: 96 62.3589 178.9480 55.1927 6.6164
Generation: 97 61.3498 178.0449 55.6699 6.1896
Generation: 98 63.6249 180.1097 55.2545 6.7878
Generation: 99 64.6694 181.0487 55.0570 7.3219
Generation: 100 64.6788 181.0578 54.5381 6.3633
Generation: 101 60.4503 177.2438 56.0679 5.8104
Generation: 102 61.1842 155.8998 55.7912 5.8035
Generation: 103 64.8409 181.2200 55.9612 5.5498
Generation: 104 65.0020 181.3800 55.6555 7.8935
Generation: 105 66.8183 182.9834 55.8294 7.9955
Generation: 106 66.9611 183.1250 55.1320 10.8811
Generation: 107 63.6157 180.0998 56.2564 5.7679
Generation: 108 63.6795 180.1602 55.8955 5.7685
Generation: 109 66.8525 183.0176 56.4950 6.3093
Generation: 110 67.9521 184.0088 56.8906 6.5057
Generation: 111 65.7089 181.9825 56.0819 5.3769
Generation: 112 63.6084 180.0893 56.9559 4.8912
Generation: 113 65.7494 182.0219 57.9377 5.1162
Generation: 114 64.6942 181.0717 55.9655 9.0208
Generation: 115 65.6322 181.9058 56.1749 5.8259
Generation: 116 60.9719 149.6623 57.7208 5.7852
Generation: 117 70.4884 146.3191 55.7233 5.9007
Generation: 118 64.7499 181.1283 56.2427 7.6965
Generation: 119 62.8182 179.4114 56.7968 6.1666
Generation: 120 60.8910 149.5808 57.4407 5.2527
Generation: 121 62.4959 179.0891 57.4123 5.0705
Generation: 122 62.6291 179.2179 58.0269 4.9585
Generation: 123 61.4254 150.1163 57.1124 5.5454
Generation: 124 63.5712 180.0553 57.7516 5.7644
Generation: 125 61.3586 150.0483 57.9826 5.3448
Generation: 126 63.8527 180.3329 58.0665 4.6451
Generation: 127 63.6226 180.1069 57.5656 5.1854
Generation: 128 63.6929 180.1772 58.0076 5.2617
Generation: 129 63.7637 180.2474 57.7254 5.3016
Generation: 130 68.0194 184.0759 58.9165 3.8173
Generation: 131 66.9851 183.1497 57.7764 5.1973
Generation: 132 64.6730 181.0484 58.4926 4.7483
Generation: 133 68.1890 184.2439 57.4569 5.4399
Generation: 134 67.0382 183.2022 57.6723 5.5924
Generation: 135 68.0712 184.1254 57.1475 4.7584
Generation: 136 68.1639 184.2161 57.1961 5.5567
Generation: 137 68.0424 184.0977 58.1540 5.0633
Generation: 138 64.7418 181.1204 57.7655 5.0346
Generation: 139 63.7151 180.1973 56.5353 5.6595
Generation: 140 63.5961 180.0830 57.8848 4.8374
Generation: 141 64.8301 153.1953 57.6600 4.5237
Generation: 142 67.0636 183.2263 57.7264 5.2168
Generation: 143 63.7087 158.1892 56.9759 5.5034
Generation: 144 68.1502 184.2052 57.3470 5.9814
Generation: 145 63.9683 180.4563 58.1046 4.9477
Generation: 146 68.1791 184.2311 57.7585 5.6088
Generation: 147 63.8196 180.3023 58.2490 4.6546
Generation: 148 65.9111 182.1815 57.1041 5.9616
Generation: 149 65.7911 182.0636 57.6528 5.1805
Generation: 150 68.1432 184.1981 57.8961 5.2465
Generation: 151 68.2268 184.2822 57.3622 5.1565
Generation: 152 68.0421 184.0973 58.6066 4.7387
Generation: 153 64.6385 181.0151 57.1678 5.5685
Generation: 154 65.8796 182.1506 57.0639 5.9781
Generation: 155 68.1361 184.1910 56.6894 8.1567
Generation: 156 67.0680 183.2308 56.4138 5.3031
Generation: 157 68.0633 184.1186 57.4499 6.8928
Generation: 158 64.6517 181.0276 58.6281 4.9091
Generation: 159 64.9753 181.3526 57.4501 7.1958
Generation: 160 67.0546 183.2184 57.5983 7.1037
Generation: 161 63.5806 180.0652 57.0380 7.9816
Generation: 162 68.0705 184.1283 58.5829 4.5113
Generation: 163 67.0123 183.1750 58.3388 4.5843
Generation: 164 68.1508 184.2056 58.0234 5.2022
Generation: 165 64.6900 181.0699 58.2526 4.5212
Generation: 166 63.7267 180.2112 57.2340 6.5656
Generation: 167 68.4320 184.4844 57.6342 6.4378
Generation: 168 64.8151 181.1915 57.9348 5.1137
Generation: 169 68.1635 184.2180 57.8507 4.6582
Generation: 170 68.0904 184.1454 58.6659 4.8163
Generation: 171 68.0221 184.0777 58.1355 5.8977
Generation: 172 65.8057 182.0777 58.8245 4.5708
Generation: 173 67.0052 183.1692 59.2052 4.4070
Generation: 174 64.8349 181.2089 57.3358 6.1129
Generation: 175 67.2967 183.4601 58.6297 4.4040
Generation: 176 63.5974 180.0812 57.6418 5.4197
Generation: 177 68.1583 184.2131 58.2971 5.0355
Generation: 178 63.6147 180.0987 57.5965 6.2828
Generation: 179 64.7641 181.1433 58.1430 4.8835
Generation: 180 65.9528 182.2227 59.0742 3.8012
Generation: 181 65.7861 182.0581 58.3280 4.4454
Generation: 182 67.0830 183.2458 58.5816 4.8456
Generation: 183 63.6044 180.0901 57.6288 6.6713
Generation: 184 63.7827 180.2685 56.7966 9.0146
Generation: 185 68.0388 184.0935 59.0467 4.2994
Generation: 186 64.6524 181.0292 59.5583 3.6210
Generation: 187 68.1830 184.2380 57.9312 5.3994
Generation: 188 63.5120 179.9981 58.7336 4.8803
Generation: 189 63.5829 180.0666 58.3241 4.9488
Generation: 190 63.4934 179.9781 58.5273 4.2875
Generation: 191 68.5717 184.6189 59.2098 4.4722
Generation: 192 66.8108 182.9759 58.0649 4.4478
Generation: 193 63.4945 179.9789 59.0376 4.7149
Generation: 194 64.7317 181.1077 58.2269 4.4253
Generation: 195 63.5572 180.0451 58.4135 5.2303
Generation: 196 68.1659 184.3254 56.9067 5.2245
Generation: 197 63.4617 179.9468 58.3425 4.9960
Generation: 198 68.1628 184.2154 57.9049 5.6833
Generation: 199 64.1964 180.7919 57.4268 6.3984
Generation: 200 65.6066 181.9655 57.1801 6.1242
Generation: 201 63.6519 180.1337 58.2232 4.4790
Generation: 202 68.1124 184.1673 58.2283 5.2779
Generation: 203 68.3980 184.4479 57.6865 5.9392
Generation: 204 68.2380 184.2908 59.1810 6.7424
Generation: 205 63.5998 180.0847 57.1862 7.0825
Generation: 206 64.7590 181.1379 56.5288 6.1761
Generation: 207 68.4132 184.4793 57.9529 7.1637
Generation: 208 65.9186 182.1902 56.9215 7.5169
Generation: 209 67.9491 184.0043 56.9827 8.4903
Generation: 210 68.2314 184.2841 57.9623 5.5187
Generation: 211 66.9674 183.1303 57.5807 7.4255
Generation: 212 68.2592 184.3102 58.0349 6.3120
Generation: 213 68.2225 184.2760 58.4825 5.8818
Generation: 214 63.6342 180.1202 58.7266 4.9964
Generation: 215 68.1260 184.1782 58.1196 5.1670
Generation: 216 68.2058 184.2569 58.0550 6.4844
Generation: 217 68.0546 184.1093 58.7673 5.4147
Generation: 218 63.6606 180.1450 57.8195 5.3318
Generation: 219 65.8936 182.1656 58.2557 4.4034
Generation: 220 68.4935 184.5452 58.1967 4.8978
Generation: 221 69.0230 185.0668 57.9930 5.4136
Generation: 222 68.5090 184.5626 57.9848 5.9063
Generation: 223 69.2050 185.2711 57.5813 6.2811
Generation: 224 68.2067 184.2577 57.5748 6.1028
Generation: 225 69.4552 185.4842 56.5957 7.6124
Generation: 226 68.2230 184.2758 56.3611 8.4790
Generation: 227 69.0046 185.0671 57.1226 6.3161
Generation: 228 68.0953 184.1507 57.9611 5.6733
Generation: 229 68.0541 184.1089 59.1718 4.9869
Generation: 230 68.6560 184.7059 59.0010 5.5265
Generation: 231 68.1420 184.1951 58.6249 6.1130
Generation: 232 69.0654 185.1008 57.9875 6.4278
Generation: 233 68.5855 184.6437 56.7881 7.8760
Generation: 234 68.6932 184.7619 56.6449 7.9826
Generation: 235 68.5412 184.5957 56.2215 9.3700
Generation: 236 68.7783 184.8414 57.4014 7.9919
Generation: 237 68.3219 184.3749 56.2298 8.1767
Generation: 238 68.6095 184.6586 58.1517 7.8890
Generation: 239 69.0834 185.1294 57.7101 8.5981
Generation: 240 68.7734 184.8208 57.6617 8.5859
Generation: 241 69.2370 185.2676 56.5005 8.2515
Generation: 242 69.4647 185.5237 57.7919 7.5734
Generation: 243 69.1827 185.2307 59.3441 6.5523
Generation: 244 69.1996 185.2317 58.2882 6.7253
Generation: 245 69.7320 185.7817 56.3847 9.0426
Generation: 246 68.8093 184.8621 57.9619 8.4906
Generation: 247 68.9924 185.0441 59.4723 6.6247
Generation: 248 68.9124 184.9628 60.9577 5.1278
Generation: 249 69.1759 185.2420 58.3163 7.0518
Generation: 250 68.8323 184.8823 57.3624 8.1075
Generation: 251 69.1951 185.2398 59.8254 7.3666
Generation: 252 68.7514 184.7976 59.6960 5.5905
Generation: 253 69.1797 185.2294 60.4184 6.4465
Generation: 254 69.2420 185.2782 58.7467 7.9729
Generation: 255 69.1610 185.1957 60.0342 5.7331
Generation: 256 69.7070 185.7731 59.0779 6.9503
Generation: 257 69.1998 185.2353 60.2331 6.0247
Generation: 258 69.2832 185.3162 58.9836 6.2093
Generation: 259 69.4820 185.5153 58.2533 7.2524
Generation: 260 68.7986 184.8501 58.1285 6.6785
Generation: 261 69.5447 185.5747 58.3439 7.5591
Generation: 262 69.4472 185.4827 59.1919 7.5747
Generation: 263 69.0308 185.0794 58.8045 7.1915
Generation: 264 68.8502 184.8954 58.1349 7.2620
Generation: 265 69.1116 185.1583 57.2607 7.8569
Generation: 266 69.1732 185.2410 59.4237 6.2869
Generation: 267 69.8613 185.8035 60.7644 6.8352
Generation: 268 68.8324 184.8845 59.3887 7.3026
Generation: 269 69.1546 185.1882 60.2353 5.8974
Generation: 270 69.8226 185.8547 59.4178 6.5733
Generation: 271 69.6200 185.6507 59.6936 6.8176
Generation: 272 68.9303 184.9786 60.1058 6.7320
Generation: 273 69.0390 185.0906 61.1801 5.7723
Generation: 274 68.8732 184.9241 60.4385 6.5109
Generation: 275 69.3018 185.3532 60.0497 6.1480
Generation: 276 69.7834 185.8166 60.2234 5.6701
Generation: 277 69.5718 185.5877 58.2594 7.1855
Generation: 278 69.5707 185.6022 59.0878 7.6124
Generation: 279 68.8326 184.8866 60.2159 6.0111
Generation: 280 69.5179 185.5537 59.6691 7.1863
Generation: 281 68.7934 184.8450 60.6621 6.0674
Generation: 282 68.6519 184.7040 59.6834 6.4291
Generation: 283 69.0279 185.0753 61.5867 4.5491
Generation: 284 69.3826 185.4182 60.6667 5.9631
Generation: 285 69.3591 185.3942 61.4176 5.3394
Generation: 286 69.6032 185.6388 62.1253 6.3458
Generation: 287 69.6665 185.6101 61.6053 5.7023
Generation: 288 69.3959 185.4320 60.7258 6.1516
Generation: 289 69.5770 185.5219 61.9364 5.9159
Generation: 290 69.7875 185.8189 61.3975 5.5674
Generation: 291 69.6214 185.6719 60.9767 5.4523
Generation: 292 69.0660 185.1153 60.9098 6.0733
Generation: 293 69.6316 185.6649 61.0375 5.4634
Generation: 294 69.8517 185.8842 62.0712 5.2773
Generation: 295 69.3333 185.3670 61.4190 5.6760
Generation: 296 69.3222 185.3577 61.3491 5.9182
Generation: 297 69.3079 185.3428 61.7844 5.7850
Generation: 298 68.9904 185.0213 59.3526 6.6359
Generation: 299 69.4290 185.4603 61.4171 5.4452
Generation: 300 69.7190 185.7546 61.4257 5.3255
Generation: 301 69.4928 185.5251 61.2404 6.6443
Generation: 302 70.4190 198.2581 60.7879 5.6979
Generation: 303 69.2625 185.2982 61.7348 5.0104
Generation: 304 70.7808 198.6167 60.9735 5.4922
Generation: 305 70.7181 198.5538 61.3273 7.3135
Generation: 306 70.7856 198.6213 60.7433 6.8069
Generation: 307 69.4068 185.4374 60.4641 7.1235
Generation: 308 69.4223 185.4573 60.0314 10.0165
Generation: 309 70.4798 198.3202 61.7869 5.8500
Generation: 310 70.5709 198.4091 61.2045 5.7271
Generation: 311 70.1286 186.0689 60.2494 7.5582
Generation: 312 69.5256 185.5954 60.9236 7.2930
Generation: 313 71.7137 199.5438 62.4204 5.8091
Generation: 314 71.4479 199.3038 62.0787 6.3445
Generation: 315 70.6124 198.4483 60.6912 7.2956
Generation: 316 69.8443 185.8758 61.3329 6.0189
Generation: 317 70.9908 198.8272 61.2717 6.0932
Generation: 318 71.6190 199.4371 61.6028 7.0299
Generation: 319 69.5095 185.5579 62.0662 6.4839
Generation: 320 69.5140 185.5496 61.0088 6.3165
Generation: 321 71.3690 199.2053 61.2312 6.5056
Generation: 322 69.7166 185.7497 60.7804 6.8852
Generation: 323 70.5699 198.4105 62.4510 5.7339
Generation: 324 69.7383 185.7654 62.0068 6.5493
Generation: 325 71.6682 199.4878 61.4539 8.0318
Generation: 326 70.6801 198.5144 61.1905 7.9160
Generation: 327 69.6730 185.7070 62.4656 5.8890
Generation: 328 69.7112 185.7313 61.2817 9.2012
Generation: 329 71.4156 199.2518 61.7335 6.3828
Generation: 330 69.5190 185.5815 62.1120 6.3961
Generation: 331 69.8226 185.8734 62.6179 5.8489
Generation: 332 69.7217 185.7474 62.1992 5.9211
Generation: 333 70.1283 186.0702 62.2642 7.2023
Generation: 334 69.9369 185.9665 61.8706 7.0829
Generation: 335 69.8186 185.8492 61.6991 6.7368
Generation: 336 69.8215 185.8528 60.4132 8.5201
Generation: 337 70.6134 198.4508 61.5572 6.9030
Generation: 338 71.0070 198.8414 63.0437 5.7707
Generation: 339 69.7075 185.6534 62.3602 6.6746
Generation: 340 71.4104 199.2459 61.9325 8.6320
Generation: 341 72.0155 199.8343 61.6599 9.4953
Generation: 342 71.5415 199.3546 62.8835 5.3558
Generation: 343 72.0120 199.8283 61.7822 8.1165
Generation: 344 70.9848 198.8191 61.1454 8.3263
Generation: 345 71.9548 199.7731 62.5417 7.6865
Generation: 346 70.2454 186.1839 62.2378 6.1082
Generation: 347 71.6755 199.4940 62.7286 5.8928
Generation: 348 70.0777 186.0188 62.3783 6.3429
Generation: 349 71.2226 199.0583 62.0811 5.7798
Generation: 350 71.8512 199.6637 63.4937 5.5054
Generation: 351 70.7958 198.6337 63.7069 5.7218
Generation: 352 71.4539 199.2800 64.1352 5.3027
Generation: 353 71.5287 199.3654 64.6459 4.9010
Generation: 354 69.7476 185.7949 63.3191 4.9484
Generation: 355 72.0450 199.8642 63.9240 4.7544
Generation: 356 69.8007 185.8354 62.9809 4.7893
Generation: 357 69.8742 185.9067 64.2631 4.9299
Generation: 358 71.3239 199.1612 64.1631 4.5590
Generation: 359 71.2014 199.0274 64.3085 4.9241
Generation: 360 71.1365 198.9637 64.0856 5.0955
Generation: 361 71.0015 198.8341 63.8310 5.3091
Generation: 362 72.1722 199.9850 65.1897 4.3999
Generation: 363 71.6988 199.5166 65.0084 4.3097
Generation: 364 72.1439 199.9603 64.9935 4.7818
Generation: 365 72.1991 200.0318 65.0400 4.8205
Generation: 366 72.0873 199.9230 64.3500 5.3897
Generation: 367 72.4135 200.2448 64.2527 5.4970
Generation: 368 72.1713 199.9901 65.0581 5.3877
Generation: 369 71.6020 199.4191 64.1418 5.1865
Generation: 370 72.4808 200.3159 65.5033 4.4460
Generation: 371 71.0605 198.8970 64.3946 5.1059
Generation: 372 71.6067 199.4255 64.5781 4.4967
Generation: 373 71.2044 199.0388 64.4919 5.0176
Generation: 374 71.9009 199.7358 64.8495 4.8898
Generation: 375 71.3346 199.1695 64.7895 4.8311
Generation: 376 72.3966 200.2319 64.8330 4.7196
Generation: 377 72.2341 200.0694 64.5307 4.4655
Generation: 378 71.2823 199.1159 65.1492 5.0106
Generation: 379 71.2255 199.0782 64.3057 5.6316
Generation: 380 72.1620 199.9963 64.8160 4.5951
Generation: 381 71.7281 199.5644 64.8805 5.1392
Generation: 382 71.0244 198.8569 65.1583 3.9033
Generation: 383 72.0773 199.9107 65.7854 3.8153
Generation: 384 71.8006 199.6508 65.1247 5.2924
Generation: 385 70.9542 198.8064 66.1091 3.8388
Generation: 386 70.1143 186.1631 63.7612 5.7816
Generation: 387 71.5716 199.4239 65.4520 4.5855
Generation: 388 71.8214 199.6747 64.9604 4.5943
Generation: 389 72.2446 200.0823 65.9531 4.2478
Generation: 390 72.6392 200.4753 66.6943 3.8185
Generation: 391 71.3526 199.2034 65.3698 4.4411
Generation: 392 71.4862 199.3046 66.0180 4.1147
Generation: 393 72.2781 200.1083 65.6258 4.3155
Generation: 394 72.4613 200.2990 65.9253 4.0944
Generation: 395 71.4785 199.3302 65.5739 4.3641
Generation: 396 72.7258 200.5628 66.9902 3.5940
Generation: 397 72.5373 200.3749 66.4457 3.4664
Generation: 398 71.7652 199.6199 66.3639 4.1682
Generation: 399 71.7637 199.6171 65.5639 4.1864
Generation: 400 72.6332 200.4641 67.0625 3.6139
Generation: 401 72.4061 200.2371 65.4830 5.9185
Generation: 402 71.7401 199.5903 64.7381 6.2513
Generation: 403 72.5558 200.3931 65.8401 4.0490
Generation: 404 72.3893 200.2253 66.4286 4.1562
Generation: 405 72.5168 200.3540 67.1830 3.2451
Generation: 406 72.2541 200.0844 65.9704 4.3930
Generation: 407 71.9529 199.7843 66.4809 4.5250
Generation: 408 72.2697 200.1038 65.6478 5.0008
Generation: 409 72.4596 200.2954 67.0327 3.6820
Generation: 410 70.7590 186.7148 65.6791 4.4284
Generation: 411 72.0569 199.8684 67.2534 3.7862
Generation: 412 72.5918 200.4294 67.2258 3.9610
Generation: 413 72.4845 200.3214 66.6818 4.5181
Generation: 414 72.1846 200.0127 66.9070 4.1436
Generation: 415 72.5018 200.3389 66.8974 3.5121
Generation: 416 72.4057 200.2418 67.0892 3.5059
Generation: 417 72.2147 200.0499 66.9544 3.6805
Generation: 418 72.2444 200.0834 65.9571 4.9995
Generation: 419 72.3915 200.2258 66.1829 5.0147
Generation: 420 72.5227 200.3587 66.6885 4.3375
Generation: 421 72.2870 200.1179 66.6901 4.6358
Generation: 422 72.3544 200.1913 65.3919 5.9232
Generation: 423 71.6526 199.5028 65.4451 4.9515
Generation: 424 72.1408 199.9783 67.1650 3.8391
Generation: 425 72.2833 200.1194 66.2028 6.4677
Generation: 426 71.3946 199.2449 66.1193 5.6848
Generation: 427 71.8233 199.6757 66.2296 4.3522
Generation: 428 72.3688 200.2049 66.6552 5.3489
Generation: 429 72.4912 200.3273 67.1798 4.1928
Generation: 430 71.6570 199.5131 66.0690 5.9750
Generation: 431 71.6579 199.5087 66.5556 4.4075
Generation: 432 72.3220 200.1581 65.9907 4.8236
Generation: 433 71.7225 199.5754 66.9767 4.5519
Generation: 434 72.1248 199.9610 67.3106 3.6104
Generation: 435 72.3909 200.2287 65.9409 4.9713
Generation: 436 72.4833 200.3194 66.2003 5.7610
Generation: 437 72.0086 199.8429 66.2328 5.1771
Generation: 438 72.4274 200.2644 65.8803 6.9800
Generation: 439 72.5148 200.3524 66.4567 6.3981
Generation: 440 71.9421 199.7678 66.6408 3.6306
Generation: 441 72.0712 199.9048 67.1546 3.5144
Generation: 442 72.3631 200.1989 66.8204 4.6733
Generation: 443 72.3489 200.1874 66.3611 5.2008
Generation: 444 72.4002 200.2364 66.6414 4.6116
Generation: 445 72.0431 199.8948 65.6540 8.3108
Generation: 446 71.9766 199.8280 66.4082 4.4419
Generation: 447 72.5498 200.3860 66.5820 5.2890
Generation: 448 72.5733 200.4094 66.2413 4.2616
Generation: 449 72.5754 200.4128 65.9672 5.3390
Generation: 450 72.4361 200.2719 66.4807 4.6891
Generation: 451 72.3853 200.2127 67.3445 4.0736
Generation: 452 72.4136 200.2510 66.6481 3.6170
Generation: 453 72.5045 200.3406 65.9444 4.9033
Generation: 454 72.1448 199.9816 67.2166 3.2545
Generation: 455 72.4135 200.2485 66.0045 6.0005
Generation: 456 71.3120 199.1634 66.5055 4.0986
Generation: 457 72.3902 200.2276 66.2329 4.9405
Generation: 458 72.1933 200.0294 66.5236 4.1712
Generation: 459 72.5514 200.3885 66.4745 5.1892
Generation: 460 72.4675 200.2999 66.4128 4.7464
Generation: 461 71.8229 199.6709 65.9932 5.2121
Generation: 462 72.4408 200.2769 67.0837 3.8669
Generation: 463 71.5549 199.4075 67.0493 3.8191
Generation: 464 72.5957 200.4321 66.2992 4.6206
Generation: 465 72.4303 200.2676 66.8148 4.4715
Generation: 466 71.5583 199.4052 67.1265 4.0731
Generation: 467 71.9507 199.7694 66.4910 4.8066
Generation: 468 72.4341 200.2684 67.2177 3.7982
Generation: 469 72.2960 200.1284 66.1069 5.8682
Generation: 470 72.4188 200.2576 66.9550 4.5009
Generation: 471 71.8880 199.7214 66.6377 3.9457
Generation: 472 72.5986 200.4349 67.7193 3.2800
Generation: 473 72.5109 200.3476 67.1412 4.3725
Generation: 474 72.4894 200.3270 66.8577 4.1899
Generation: 475 72.5114 200.3499 67.0003 4.6072
Generation: 476 72.2137 200.0510 67.3311 3.4232
Generation: 477 72.0558 199.8906 67.1273 3.1671
Generation: 478 72.1779 200.0094 67.6841 3.6845
Generation: 479 72.4270 200.2640 67.8785 3.0386
Generation: 480 72.4553 200.2914 66.9236 4.6141
Generation: 481 72.4403 200.2764 67.3450 4.1436
Generation: 482 71.5764 199.4258 66.7223 4.1789
Generation: 483 71.9970 199.8284 67.0265 3.6597
Generation: 484 72.4631 200.2985 66.5848 4.2808
Generation: 485 72.3291 200.1557 66.9688 4.3527
Generation: 486 72.3864 200.2225 66.3008 4.2093
Generation: 487 72.5334 200.3701 67.1043 3.9000
Generation: 488 72.1559 199.9908 67.8265 3.5514
Generation: 489 72.2870 200.1183 66.6698 4.3626
Generation: 490 72.2015 200.0341 67.6491 3.2602
Generation: 491 72.5836 200.4190 66.5787 3.6609
Generation: 492 72.3769 200.2128 67.5631 3.2073
Generation: 493 72.3383 200.1744 67.7628 3.3491
Generation: 494 72.3077 200.1439 66.6568 3.7523
Generation: 495 72.0809 199.9006 66.9556 3.7664
Generation: 496 72.5128 200.3487 67.9890 3.4245
Generation: 497 72.4427 200.2789 67.3732 3.5076
Generation: 498 71.7351 199.5852 67.2198 3.4073
Generation: 499 72.1639 199.9927 66.7555 4.1643
Generation: 500 72.5987 200.4339 67.5135 4.0532
Generation: 501 72.4833 200.3192 67.4487 3.8345
Generation: 502 72.6713 200.5076 67.5983 3.6248
Generation: 503 72.4568 200.2939 68.0675 3.0795
Generation: 504 72.5077 200.3437 68.0874 2.9409
Generation: 505 72.5290 200.3666 66.9525 3.9473
Generation: 506 72.1964 200.0294 68.4827 2.3632
Generation: 507 72.5161 200.3517 67.6428 3.2723
Generation: 508 72.6233 200.4478 68.1285 3.3193
Generation: 509 71.7608 199.6102 67.6763 2.9077
Generation: 510 72.5178 200.3539 67.8059 3.8862
Generation: 511 72.2745 200.1119 67.8612 3.5114
Generation: 512 72.1116 199.9502 67.3034 3.8230
Generation: 513 72.1509 199.9819 67.8816 3.0792
Generation: 514 72.3662 200.2027 67.5466 3.2414
Generation: 515 72.6406 200.4760 67.9716 3.0497
Generation: 516 72.5744 200.4126 67.3160 3.3858
Generation: 517 72.5923 200.4285 67.6803 3.7827
Generation: 518 72.6743 200.5114 67.6339 3.4176
Generation: 519 72.6917 200.5285 68.5141 2.8544
Generation: 520 72.7912 200.6276 67.8018 3.3772
Generation: 521 72.5357 200.3718 67.2774 3.5002
Generation: 522 72.3707 200.2068 67.9906 2.7988
Generation: 523 72.6569 200.4951 67.2215 3.6160
Generation: 524 72.2632 200.0996 67.7146 2.9812
Generation: 525 72.4674 200.3060 67.4237 3.5312
Generation: 526 72.7437 200.5801 68.0486 3.0751
Generation: 527 72.5608 200.3979 67.8519 3.9824
Generation: 528 72.5382 200.3743 67.2386 3.5482
Generation: 529 72.2142 200.0393 67.4879 3.5609
Generation: 530 72.4923 200.3300 67.6747 3.9204
Generation: 531 72.5652 200.4012 67.7638 3.6787
Generation: 532 71.7856 199.6129 67.5931 3.1054
Generation: 533 72.3597 200.1974 67.7250 5.0739
Generation: 534 72.3848 200.2221 68.2248 2.8973
Generation: 535 72.2417 200.0516 67.7222 3.1150
Generation: 536 72.4198 200.2567 67.8575 3.4285
Generation: 537 72.5912 200.4276 67.4315 3.2023
Generation: 538 72.2048 200.0424 67.5611 6.0861
Generation: 539 72.3212 200.1564 67.4736 4.9012
Generation: 540 72.5327 200.3689 67.6052 3.9877
Generation: 541 72.5298 200.3660 67.5831 3.6974
Generation: 542 72.4898 200.3267 67.7871 3.5175
Generation: 543 72.5398 200.3771 68.0610 3.2151
Generation: 544 72.2519 200.0901 68.2215 2.7006
Generation: 545 72.6779 200.5154 68.1761 2.3277
Generation: 546 72.6106 200.4460 67.6000 3.4568
Generation: 547 72.4057 200.2418 67.8667 3.0313
Generation: 548 72.5433 200.3678 68.2787 3.0414
Generation: 549 72.4078 200.2450 67.5296 3.6783
Generation: 550 72.5470 200.3846 68.3472 2.6776
Generation: 551 72.6752 200.5112 68.1168 3.2495
Generation: 552 72.4591 200.2829 67.3340 4.0575
Generation: 553 72.2856 200.1210 68.1743 2.9656
Generation: 554 72.5013 200.3369 67.9306 2.7515
Generation: 555 72.2669 200.1040 68.3024 2.5613
Generation: 556 72.4078 200.2450 68.0695 2.7689
Generation: 557 72.5573 200.3935 68.1906 2.7177
Generation: 558 72.5214 200.3599 67.9657 3.6813
Generation: 559 72.4579 200.2951 68.1502 3.3129
Generation: 560 72.3963 200.2321 68.5720 2.3878
Generation: 561 72.4085 200.2469 68.4587 2.7316
Generation: 562 72.3557 200.1918 68.7144 2.3232
Generation: 563 72.5058 200.3419 67.8945 3.7530
Generation: 564 72.6711 200.5073 68.6968 2.8761
Generation: 565 72.6327 200.4687 67.8308 3.4616
Generation: 566 72.5719 200.4095 68.3394 2.6510
Generation: 567 72.4825 200.3175 68.3160 3.7709
Generation: 568 72.2916 200.1302 68.1581 3.5855
Generation: 569 72.3891 200.2244 68.5999 2.6671
Generation: 570 72.5957 200.4318 67.5969 4.1698
Generation: 571 72.5835 200.4233 68.4481 2.9092
Generation: 572 72.3929 200.2304 67.5019 3.3189
Generation: 573 72.4581 200.2935 68.0065 3.2830
Generation: 574 72.1026 199.9200 67.7394 3.0960
Generation: 575 72.6069 200.4451 68.0918 3.6045
Generation: 576 72.7660 200.6044 68.0001 2.9765
Generation: 577 72.6893 200.5264 68.1883 3.2928
Generation: 578 72.0611 199.9115 67.6868 3.3056
Generation: 579 72.6868 200.5239 67.2014 4.0675
Generation: 580 72.4378 200.2739 68.1011 3.5025
Generation: 581 72.5190 200.3539 68.1093 3.3803
Generation: 582 72.6714 200.5099 67.8860 3.6982
Generation: 583 71.8180 199.6284 67.3896 3.2996
Generation: 584 72.3631 200.1983 68.2366 3.5731
Generation: 585 72.2095 200.0331 67.8070 4.1763
Generation: 586 72.4473 200.2849 67.5347 4.7379
Generation: 587 72.3962 200.2314 68.3385 3.3034
Generation: 588 72.3077 200.1439 68.3035 3.9503
Generation: 589 72.6418 200.4789 67.5278 3.5090
Generation: 590 72.3288 200.1649 68.1580 3.1750
Generation: 591 72.3737 200.2089 67.8917 2.8909
Generation: 592 72.6357 200.4740 68.0460 3.4632
Generation: 593 72.5349 200.3733 68.1170 3.4292
Generation: 594 72.3770 200.2124 68.6887 2.8128
Generation: 595 72.6531 200.4885 67.9517 3.3260
Generation: 596 72.4184 200.2552 68.0514 3.4331
Generation: 597 72.6643 200.5014 68.6062 3.2054
Generation: 598 72.4440 200.2794 68.1970 3.4404
Generation: 599 72.6374 200.4744 68.8441 2.5932
Generation: 600 72.6377 200.4739 68.0670 4.1395
Generation: 601 72.5896 200.4262 68.5803 2.8271
Generation: 602 72.5073 200.3446 68.5564 3.2157
Generation: 603 72.6063 200.4437 68.5538 2.9726
Generation: 604 72.5755 200.4126 68.8835 2.3473
Generation: 605 72.5002 200.3364 68.0017 3.6605
Generation: 606 72.6569 200.4951 68.7297 2.9514
Generation: 607 72.5453 200.3848 68.4495 3.0685
Generation: 608 72.5134 200.3389 68.3187 2.9069
Generation: 609 72.4987 200.3348 69.0435 2.5931
Generation: 610 72.6181 200.4569 68.2677 3.4863
Generation: 611 72.4225 200.2603 68.3515 3.0719
Generation: 612 72.6144 200.4526 68.8407 2.6955
Generation: 613 72.6073 200.4435 68.6112 3.0101
Generation: 614 72.5028 200.3392 68.4620 2.8593
Generation: 615 72.5007 200.3369 68.4256 2.8029
Generation: 616 72.4078 200.2438 68.8516 2.7969
Generation: 617 72.6252 200.4614 68.8706 2.7095
Generation: 618 72.6957 200.5319 68.6541 2.6691
Generation: 619 72.5344 200.3720 68.7748 2.9710
Generation: 620 72.4842 200.3203 68.5500 2.9236
Generation: 621 72.5948 200.4317 69.0069 2.5078
Generation: 622 72.5657 200.4018 68.7179 2.9730
Generation: 623 72.7289 200.5674 68.2057 2.8360
Generation: 624 72.5502 200.3862 67.7938 3.1821
Generation: 625 72.4687 200.2936 68.4920 2.8132
Generation: 626 72.6907 200.5269 68.3802 3.4791
Generation: 627 72.5273 200.3642 67.8758 3.1977
Generation: 628 72.4798 200.3167 68.3224 2.7252
Generation: 629 72.6298 200.4667 68.6679 2.7570
Generation: 630 72.5502 200.3864 68.8215 2.7902
Generation: 631 72.6466 200.4819 68.5269 2.9766
Generation: 632 72.6443 200.4814 68.4052 3.0768
Generation: 633 72.6278 200.4654 68.1132 3.0470
Generation: 634 72.6992 200.5354 68.6270 3.0625
Generation: 635 72.4463 200.2821 68.7504 2.4289
Generation: 636 72.6377 200.4739 68.4463 3.1312
Generation: 637 72.4828 200.3188 68.7931 2.6592
Generation: 638 72.4041 200.2384 68.6578 3.1170
Generation: 639 72.3942 200.2309 68.7322 2.5144
Generation: 640 72.5408 200.3778 69.1818 2.5381
Generation: 641 72.3900 200.2243 68.0942 3.2870
Generation: 642 72.3829 200.2199 68.3950 3.2654
Generation: 643 72.6223 200.4592 68.3816 3.1562
Generation: 644 72.4783 200.3117 68.9349 2.6600
Generation: 645 72.6466 200.4819 67.9695 3.4519
Generation: 646 72.5993 200.4364 68.5844 2.8342
Generation: 647 72.6995 200.5379 68.1547 3.3905
Generation: 648 72.6250 200.4608 68.6331 2.9390
Generation: 649 72.6707 200.5067 68.4546 3.1268
Generation: 650 72.4495 200.2893 68.4221 3.3891
Generation: 651 72.6548 200.4924 68.7244 3.1699
Generation: 652 72.6344 200.4726 68.8209 3.2125
Generation: 653 72.5678 200.4049 68.0794 3.0923
Generation: 654 72.6437 200.4804 68.2058 3.3616
Generation: 655 72.6518 200.4889 68.6268 2.7130
Generation: 656 72.5295 200.3638 68.6622 3.0452
Generation: 657 72.6148 200.4517 68.5590 2.7072
Generation: 658 72.5493 200.3864 68.7602 3.2784
Generation: 659 72.6978 200.5234 68.6312 2.9620
Generation: 660 72.6249 200.4633 68.6671 3.2100
Generation: 661 72.5872 200.4233 68.5078 3.2769
Generation: 662 72.6317 200.4678 68.7511 2.8504
Generation: 663 72.6342 200.4707 68.3965 3.8183
Generation: 664 72.6331 200.4685 68.4502 3.0975
Generation: 665 72.5346 200.3697 68.9110 2.3638
Generation: 666 72.6727 200.5094 68.9570 3.3251
Generation: 667 72.6837 200.5204 68.7315 3.2979
Generation: 668 72.4957 200.3317 68.7124 3.3650
Generation: 669 72.4777 200.3137 68.9910 2.9298
Generation: 670 72.6269 200.4651 68.5075 4.0935
Generation: 671 72.6602 200.4964 68.7427 3.0442
Generation: 672 72.6628 200.5004 69.0191 2.7302
Generation: 673 72.6344 200.4726 68.6149 2.9030
Generation: 674 72.7064 200.5449 68.7330 2.7901
Generation: 675 72.6358 200.4728 68.4648 3.1849
Generation: 676 72.4902 200.3264 68.7469 2.9235
Generation: 677 72.6457 200.4819 69.1870 2.6540
Generation: 678 72.6242 200.4603 68.8438 2.8382
Generation: 679 72.7294 200.5670 68.7896 2.6525
Generation: 680 72.6083 200.4444 69.2346 2.6311
Generation: 681 72.6298 200.4667 68.9498 2.5487
Generation: 682 72.6386 200.4739 68.8923 2.8606
Generation: 683 72.6668 200.5039 68.7110 2.9170
Generation: 684 72.6752 200.5114 68.8548 2.7689
Generation: 685 72.5061 200.3423 68.4888 2.6030
Generation: 686 72.4299 200.2669 69.1114 2.2730
Generation: 687 72.6545 200.4899 69.1511 2.7263
Generation: 688 72.5802 200.4164 68.7077 2.4644
Generation: 689 72.4471 200.2833 68.9835 2.6037
Generation: 690 72.5916 200.4277 68.7842 2.6170
Generation: 691 72.5577 200.3939 69.0938 2.6231
Generation: 692 72.5908 200.4283 68.7411 2.8873
Generation: 693 72.3907 200.2290 68.4098 3.3243
Generation: 694 72.6426 200.4777 68.6617 2.8409
Generation: 695 72.7669 200.6045 69.2730 2.5741
Generation: 696 72.7018 200.5389 68.0900 3.4652
Generation: 697 72.5518 200.3889 68.9198 3.4148
Generation: 698 72.6607 200.4983 68.5248 3.0567
Generation: 699 72.5716 200.4066 68.1592 3.0636
Generation: 700 72.6299 200.4653 68.0485 3.4111
Generation: 701 72.6026 200.4379 68.4191 3.5885
Generation: 702 72.6155 200.4506 68.8934 2.8195
Generation: 703 72.5258 200.3633 68.8428 2.8376
Generation: 704 72.6862 200.5223 69.0759 3.1228
Generation: 705 72.5908 200.4283 69.0012 2.6163
Generation: 706 72.7099 200.5469 68.5558 2.9101
Generation: 707 72.5664 200.4011 68.3943 3.8804
Generation: 708 72.6075 200.4427 68.2995 3.1179
Generation: 709 72.7127 200.5495 67.9433 4.2550
Generation: 710 72.4506 200.2860 68.8486 3.2666
Generation: 711 72.5222 200.3582 68.0674 4.0944
Generation: 712 72.7393 200.5764 69.2927 2.5053
Generation: 713 72.4099 200.2467 68.2371 3.2857
Generation: 714 72.5370 200.3719 68.4148 3.1924
Generation: 715 72.6652 200.5023 68.5994 3.2969
Generation: 716 72.6072 200.4442 68.0260 3.7070
Generation: 717 72.2766 200.1118 68.3124 3.3242
Generation: 718 72.6080 200.4431 68.9907 3.0758
Generation: 719 72.6452 200.4814 69.1905 2.7227
Generation: 720 72.5698 200.4060 68.5882 2.7663
Generation: 721 72.3520 200.1894 68.5762 3.0353
Generation: 722 72.4612 200.2975 68.2038 3.3571
Generation: 723 72.6681 200.5035 68.6730 2.9112
Generation: 724 72.5017 200.3368 68.6112 2.9527
Generation: 725 72.6073 200.4433 69.1978 2.6624
Generation: 726 72.4321 200.2672 68.6411 3.0029
Generation: 727 72.5703 200.4076 69.0518 2.8105
Generation: 728 72.6224 200.4568 68.7323 3.6666
Generation: 729 72.6907 200.5275 68.4181 2.9937
Generation: 730 72.4655 200.3006 68.4644 3.4896
Generation: 731 72.6061 200.4423 68.1554 3.8642
Generation: 732 72.4931 200.3285 68.7727 2.7809
Generation: 733 72.6774 200.5158 68.4696 3.1708
Generation: 734 72.6011 200.4364 68.3537 3.5541
Generation: 735 72.6162 200.4523 68.7061 3.3144
Generation: 736 72.4491 200.2842 68.1144 3.7903
Generation: 737 72.5462 200.3823 68.1270 3.6099
Generation: 738 72.6577 200.4944 68.1493 3.4282
Generation: 739 72.6087 200.4448 68.1214 3.7826
Generation: 740 72.5374 200.3749 68.5588 3.1580
Generation: 741 72.5682 200.4048 68.5029 3.2008
Generation: 742 72.6762 200.5138 68.6074 3.8272
Generation: 743 72.6071 200.4422 68.5929 3.2930
Generation: 744 72.5657 200.4018 68.1537 3.4104
Generation: 745 72.7052 200.5420 69.0864 2.6410
Generation: 746 72.4989 200.3348 68.6709 3.8829
Generation: 747 72.6006 200.4360 68.6867 3.2385
Generation: 748 72.6299 200.4643 69.2432 2.9655
Generation: 749 72.4902 200.3269 68.6705 3.1532
Generation: 750 72.6511 200.4873 68.0516 3.3756
Generation: 751 72.5731 200.4085 68.4990 3.5075
Generation: 752 72.5340 200.3706 69.0614 2.7182
Generation: 753 72.5433 200.3808 68.9434 2.9499
Generation: 754 72.6652 200.5019 68.9455 2.9101
Generation: 755 72.6823 200.5185 69.0973 3.3902
Generation: 756 72.5296 200.3649 68.2836 3.1635
Generation: 757 72.6112 200.4477 69.2120 2.7060
Generation: 758 72.5221 200.3583 69.4963 2.2510
Generation: 759 72.5732 200.4093 69.0099 3.3516
Generation: 760 72.7079 200.5449 69.4285 2.9463
Generation: 761 72.5507 200.3869 68.6501 3.2841
Generation: 762 72.6221 200.4583 68.6201 3.1172
Generation: 763 72.6384 200.4758 69.1319 2.5908
Generation: 764 72.5237 200.3598 68.8409 2.6340
Generation: 765 72.6033 200.4409 68.8785 2.7036
Generation: 766 72.6106 200.4460 68.8490 2.7927
Generation: 767 72.5879 200.4223 69.1146 3.1499
Generation: 768 72.5932 200.4296 69.0347 2.7216
Generation: 769 72.6105 200.4458 69.2749 3.5013
Generation: 770 72.7018 200.5389 69.5444 2.4567
Generation: 771 72.6815 200.5159 68.8779 2.4346
Generation: 772 72.4108 200.2470 69.4918 2.0257
Generation: 773 72.6602 200.4964 69.0200 2.8561
Generation: 774 72.5924 200.4294 68.9256 3.8776
Generation: 775 72.6718 200.5086 68.9787 2.7250
Generation: 776 72.5198 200.3567 69.2490 2.5225
Generation: 777 72.6861 200.5219 69.0186 2.6828
Generation: 778 72.6907 200.5275 68.7620 3.2416
Generation: 779 72.6566 200.4919 68.5774 3.3793
Generation: 780 72.7398 200.5760 68.5648 3.4587
Generation: 781 72.5966 200.4319 69.1290 2.8950
Generation: 782 72.6307 200.4671 69.2285 2.8754
Generation: 783 72.7098 200.5460 68.7497 3.1541
Generation: 784 72.5798 200.4167 68.9212 2.6791
Generation: 785 72.6798 200.5171 68.6613 2.9066
Generation: 786 72.7198 200.5560 68.8901 2.9112
Generation: 787 72.7660 200.6044 68.9882 2.8325
Generation: 788 72.6406 200.4760 68.9349 2.9638
Generation: 789 72.6082 200.4446 69.2605 2.4500
Generation: 790 72.7387 200.5744 69.2888 2.8646
Generation: 791 72.6490 200.4839 68.4576 3.1277
Generation: 792 72.6491 200.4849 68.8114 2.9125
Generation: 793 72.6440 200.4784 68.6483 2.8785
Generation: 794 72.7018 200.5389 69.1641 2.7183
Generation: 795 72.7633 200.6011 68.9819 3.0442
Generation: 796 72.6081 200.4435 68.9542 2.9322
Generation: 797 72.7468 200.5839 68.5813 3.4423
Generation: 798 72.6906 200.5260 69.2489 2.7255
Generation: 799 72.7439 200.5763 68.7894 2.9342
Generation: 800 72.6906 200.5260 68.4283 3.0695
Generation: 801 72.6668 200.5039 68.5996 3.1859
Generation: 802 72.6893 200.5264 69.0739 3.1346
Generation: 803 72.6568 200.4939 68.8974 3.0605
Generation: 804 72.7543 200.5914 68.7986 2.8399
Generation: 805 72.6377 200.4744 68.8602 3.0074
Generation: 806 72.6631 200.4985 68.8391 3.5901
Generation: 807 72.7056 200.5410 69.3270 2.7210
Generation: 808 72.7169 200.5545 69.3770 2.6236
Generation: 809 72.7548 200.5910 69.3009 2.7359
Generation: 810 72.7168 200.5539 69.4970 2.8741
Generation: 811 72.7433 200.5795 68.8912 3.1234
Generation: 812 72.6722 200.5083 69.1305 3.3331
Generation: 813 72.7123 200.5485 69.0577 2.9594
Generation: 814 72.6331 200.4685 69.2517 2.6936
Generation: 815 72.7198 200.5560 69.3929 3.0361
Generation: 816 72.7027 200.5394 69.4619 3.0530
Generation: 817 72.6938 200.5303 69.1014 3.2177
Generation: 818 72.6827 200.5189 68.8992 3.2049
Generation: 819 72.7056 200.5410 68.9707 3.3032
Generation: 820 72.6717 200.5069 69.7515 2.5829
Generation: 821 72.6948 200.5324 69.5319 2.6526
Generation: 822 72.6981 200.5335 69.6711 2.7071
Generation: 823 72.7358 200.5720 69.6180 2.7631
Generation: 824 72.7393 200.5764 69.5986 2.9514
Generation: 825 72.7131 200.5485 69.3365 3.2177
Generation: 826 72.9358 200.7724 69.6748 2.9732
Generation: 827 72.6056 200.4410 69.0111 2.9450
Generation: 828 72.6893 200.5264 69.1370 2.8336
Generation: 829 72.6827 200.5187 69.2189 2.9998
Generation: 830 72.6919 200.5295 69.4877 2.7424
Generation: 831 72.6927 200.5289 69.6730 2.6879
Generation: 832 72.6948 200.5267 69.6779 2.6312
Generation: 833 72.6602 200.4964 70.0646 2.0374
Generation: 834 72.6631 200.4985 69.6180 2.9418
Generation: 835 72.7669 200.6045 69.6662 2.9864
Generation: 836 72.6913 200.5279 69.3341 3.0859
Generation: 837 72.6789 200.5174 69.7811 2.6038
Generation: 838 72.7098 200.5460 69.7427 2.9305
Generation: 839 72.7093 200.5464 69.7559 2.5246
Generation: 840 72.6848 200.5225 69.2839 2.8122
Generation: 841 72.6556 200.4910 69.9616 2.5396
Generation: 842 72.7458 200.5820 70.2926 2.8194
Generation: 843 72.8083 200.6449 69.6231 2.9540
Generation: 844 72.7819 200.6195 69.6375 2.6859
Generation: 845 72.6868 200.5239 69.6321 2.9727
Generation: 846 72.6763 200.5129 69.8399 2.3539
Generation: 847 72.7206 200.5560 69.5244 2.8013
Generation: 848 72.7327 200.5694 69.5807 2.7653
Generation: 849 72.7248 200.5610 69.4724 3.1839
Generation: 850 72.6991 200.5344 69.5477 2.8722
Generation: 851 72.7131 200.5485 69.1575 3.0109
Generation: 852 72.7131 200.5485 70.0282 2.7626
Generation: 853 72.5616 200.3998 69.1227 2.9476
Generation: 854 72.7248 200.5610 68.8093 3.3635
Generation: 855 72.6406 200.4760 69.2959 3.0167
Generation: 856 72.7773 200.6135 69.3632 2.9313
Generation: 857 72.6673 200.5030 69.3526 3.0946
Generation: 858 72.7056 200.5410 69.9418 2.4995
Generation: 859 72.6756 200.5110 69.4153 2.6479
Generation: 860 72.6702 200.5064 69.5611 2.6102
Generation: 861 72.6222 200.4574 69.3346 2.5329
Generation: 862 72.6598 200.4960 69.5576 2.5863
Generation: 863 72.6823 200.5185 69.8025 2.7713
Generation: 864 72.6906 200.5260 69.6520 2.8444
Generation: 865 72.6256 200.4610 69.5484 2.8609
Generation: 866 72.6541 200.4894 70.0417 2.1717
Generation: 867 72.7131 200.5485 69.9145 2.6409
Generation: 868 72.6756 200.5110 69.8151 2.6632
Generation: 869 72.7064 200.5440 69.7446 2.6500
Generation: 870 72.6452 200.4814 69.6632 2.7175
Generation: 871 72.7548 200.5910 69.7650 2.6817
Generation: 872 72.6665 200.5019 70.0301 2.7772
Generation: 873 72.6906 200.5260 69.5956 2.8965
Generation: 874 72.7458 200.5820 70.0314 2.5165
Generation: 875 72.7102 200.5469 69.5428 3.0662
Generation: 876 72.6627 200.4989 69.9685 2.4774
Generation: 877 72.6906 200.5260 69.8884 2.7437
Generation: 878 72.7623 200.5985 69.2261 3.2426
Generation: 879 72.7669 200.6045 69.7738 2.6375
Generation: 880 72.7698 200.6060 69.8727 2.8651
Generation: 881 72.6681 200.5035 69.4300 2.8035
Generation: 882 72.7048 200.5410 69.5879 2.9286
Generation: 883 72.7323 200.5685 69.5715 3.2197
Generation: 884 72.6939 200.5324 70.1074 2.5761
Generation: 885 72.7243 200.5614 69.8594 2.6576
Generation: 886 72.6598 200.4960 69.7799 2.6621
Generation: 887 72.6906 200.5260 69.5292 3.0665
Generation: 888 72.7169 200.5545 69.1157 3.0433
Generation: 889 72.7177 200.5544 70.1351 2.2100
Generation: 890 72.6602 200.4964 70.1891 2.4055
Generation: 891 72.6906 200.5260 69.9346 2.8393
Generation: 892 72.6906 200.5260 69.4740 2.9890
Generation: 893 72.7698 200.6060 69.9636 2.4737
Generation: 894 72.7094 200.5470 69.7591 2.9632
Generation: 895 72.7318 200.5689 70.0859 2.5944
Generation: 896 72.6906 200.5260 69.3832 3.0737
Generation: 897 72.7056 200.5410 69.4452 2.9846
Generation: 898 72.7102 200.5469 69.8800 2.6820
Generation: 899 72.7206 200.5560 69.5798 2.8507
Generation: 900 72.7248 200.5610 69.4057 2.9709
Generation: 901 72.7548 200.5910 70.1074 2.6195
Generation: 902 72.7468 200.5839 69.5605 3.1155
Generation: 903 72.6981 200.5335 70.1560 2.5383
Generation: 904 72.6948 200.5324 70.1618 2.5270
Generation: 905 72.7131 200.5485 69.4330 3.1543
Generation: 906 72.7206 200.5560 70.2029 2.6471
Generation: 907 72.7698 200.6060 69.6056 2.7794
Generation: 908 72.7319 200.5695 69.8650 2.8692
Generation: 909 72.7548 200.5910 69.8210 3.0799
Generation: 910 72.7698 200.6060 70.1683 2.9411
Generation: 911 72.7093 200.5456 69.6789 2.9715
Generation: 912 72.7543 200.5914 68.9674 3.5431
Generation: 913 72.7433 200.5795 70.1077 2.5465
Generation: 914 72.7393 200.5764 69.6369 3.1514
Generation: 915 72.7177 200.5544 69.6853 3.1882
Generation: 916 72.7969 200.6345 70.0746 2.8584
Generation: 917 72.7548 200.5910 69.9867 2.9709
Generation: 918 72.7698 200.6060 69.8358 2.9512
Generation: 919 72.7773 200.6135 69.6933 3.1094
Generation: 920 72.7273 200.5635 70.0869 2.7111
Generation: 921 72.7318 200.5689 70.2953 2.7831
Generation: 922 72.7618 200.5989 69.9670 2.8763
Generation: 923 72.7819 200.6195 69.9497 2.8348
Generation: 924 72.7669 200.6045 69.8849 2.9068
Generation: 925 72.7123 200.5485 70.2537 2.7558
Generation: 926 72.7198 200.5560 70.1204 3.0190
Generation: 927 72.7243 200.5614 70.0501 2.8811
Generation: 928 72.7147 200.5520 70.0259 2.7381
Generation: 929 72.7206 200.5560 70.4951 2.2410
Generation: 930 72.7679 200.6049 70.3961 2.5299
Generation: 931 72.7252 200.5619 70.0189 2.9947
Generation: 932 72.7192 200.5544 70.4280 2.8185
Generation: 933 72.7108 200.5470 70.2029 2.7389
Generation: 934 72.7294 200.5670 70.5386 2.5896
Generation: 935 72.7102 200.5469 70.2900 2.6026
Generation: 936 72.7206 200.5560 70.6261 2.5385
Generation: 937 72.7169 200.5545 70.4274 2.3728
Generation: 938 72.7289 200.5618 70.1771 3.0321
Generation: 939 72.7177 200.5544 70.1474 2.7885
Generation: 940 72.7439 200.5824 70.5637 2.7518
Generation: 941 72.7488 200.5860 70.0410 2.9099
Generation: 942 72.7267 200.5619 70.3092 2.7013
Generation: 943 72.7318 200.5689 70.3892 2.8092
Generation: 944 72.7369 200.5745 69.9265 2.9242
Generation: 945 72.7094 200.5470 70.4536 2.7246
Generation: 946 72.7250 200.5634 69.8288 3.1977
Generation: 947 72.7543 200.5914 70.5526 2.3953
Generation: 948 72.7131 200.5485 70.5167 2.4828
Generation: 949 72.7548 200.5910 70.5237 2.6711
Generation: 950 72.7894 200.6270 70.4710 2.7498
Generation: 951 72.7623 200.5985 70.0732 2.7289
Generation: 952 72.7206 200.5560 70.2019 2.7099
Generation: 953 72.7123 200.5485 70.6103 2.5339
Generation: 954 72.7248 200.5610 70.7096 2.1832
Generation: 955 72.7468 200.5839 70.3878 2.7888
Generation: 956 72.7206 200.5560 70.2266 2.7805
Generation: 957 72.7131 200.5485 69.6234 3.0816
Generation: 958 72.7848 200.6210 69.8342 3.0311
Generation: 959 72.7543 200.5914 70.6183 2.6738
Generation: 960 72.7323 200.5685 70.4681 2.6301
Generation: 961 72.7698 200.6060 70.3767 2.6873
Generation: 962 72.7198 200.5560 70.0244 2.9038
Generation: 963 72.7623 200.5985 70.7128 2.5791
Generation: 964 72.7548 200.5910 70.5323 2.7714
Generation: 965 72.7594 200.5970 70.6383 2.1961
Generation: 966 72.7323 200.5685 70.6855 2.5554
Generation: 967 72.7623 200.5985 70.5060 2.6178
Generation: 968 72.7698 200.6060 70.1453 2.9820
Generation: 969 72.7698 200.6060 70.7859 2.2495
Generation: 970 72.7027 200.5394 70.3198 2.6776
Generation: 971 72.7519 200.5895 70.5522 2.6571
Generation: 972 72.7623 200.5985 70.8588 2.3372
Generation: 973 72.7623 200.5985 70.3829 2.5856
Generation: 974 72.7608 200.5970 70.6295 2.4738
Generation: 975 72.7543 200.5914 71.0051 2.0299
Generation: 976 72.7508 200.5870 70.3623 3.1509
Generation: 977 72.7548 200.5910 70.4979 2.8552
Generation: 978 72.7198 200.5560 70.7017 2.5716
Generation: 979 72.7773 200.6135 69.8401 3.0570
Generation: 980 72.7773 200.6135 70.3754 2.8259
Generation: 981 72.7548 200.5910 70.2772 2.8010
Generation: 982 72.7473 200.5835 70.4859 2.6921
Generation: 983 72.7204 200.5580 69.9568 3.3247
Generation: 984 72.7393 200.5764 70.3208 2.5863
Generation: 985 72.7481 200.5840 70.6509 2.5523
Generation: 986 72.7473 200.5835 70.9618 2.2504
Generation: 987 72.7018 200.5389 70.4776 2.5829
Generation: 988 72.7377 200.5750 70.4429 2.5323
Generation: 989 72.7594 200.5970 70.7524 2.4897
Generation: 990 72.7444 200.5820 70.9576 2.1272
Generation: 991 72.7473 200.5835 70.8219 2.5734
Generation: 992 72.7773 200.6135 70.2130 2.9133
Generation: 993 72.7473 200.5835 70.2409 3.0547
Generation: 994 72.7102 200.5469 69.6920 3.1054
Generation: 995 72.7248 200.5610 70.8173 2.1820
Generation: 996 72.7669 200.6045 70.5103 2.6925
Generation: 997 72.7698 200.6060 70.7489 2.2848
Generation: 998 72.7669 200.6045 70.9949 2.2648
Generation: 999 72.7281 200.5635 71.0905 2.2417
