1.000000000000000000e+00
-6.294370017570666276e-01
-1.811065605765839193e-01
-1.000000000000000000e+00
5.204181614132712408e-01
1.000000000000000000e+00
1.000000000000000000e+00
1.000000000000000000e+00
1.000000000000000000e+00
9.794137510698867066e-01
4.235894152252231426e-01
-3.764027353818744093e-02
-5.951833071417278465e-02
1.000000000000000000e+00
-1.000000000000000000e+00
8.829123349709226687e-02
9.003871519954909086e-01
2.774213762912647319e-01
7.359144556451570063e-01
-1.000000000000000000e+00
-4.799990872477031267e-01
1.000000000000000000e+00
-2.499982190410623417e-01
1.000000000000000000e+00
-8.640667153450892757e-01
-4.324294882411069962e-01
1.000000000000000000e+00
6.744874345745606181e-01
-7.895825380479303268e-01
5.088462671698235074e-01
-1.000000000000000000e+00
6.349851777032768929e-01
-1.000000000000000000e+00
-5.624593451064198169e-01
-7.474943736887393886e-01
-5.020715603694585472e-01
-6.502049826735244453e-01
9.029299314600321980e-01
-1.000000000000000000e+00
-1.614457815679590791e-01
3.192340907578152809e-01
7.461038880524271111e-01
1.000000000000000000e+00
3.759079576768542541e-01
3.828254695024416732e-01
-3.627294343980889124e-01
4.741685522241996242e-01
-9.787995450963038468e-02
5.404401729477431582e-01
9.712932645260210496e-01
1.922328936559548895e-01
-2.659853577291430016e-01
-5.695824569097858170e-01
-5.755886825375351457e-01
4.390665580140469260e-01
1.000000000000000000e+00
1.000000000000000000e+00
-1.158066704836002714e-01
-3.035317633546193439e-01
-9.040393398547630355e-01
-5.858992966085589948e-01
-5.843910989581294624e-01
5.396084952083017861e-01
3.315115607214395022e-01
-3.111252921229737955e-01
3.308913064614302790e-01
1.000000000000000000e+00
-3.425141871137920013e-01
1.000000000000000000e+00
3.442658156909269573e-01
-9.644496219104492507e-01
-4.699636601345262288e-01
1.000000000000000000e+00
-5.525043376614517943e-01
9.916966817952932445e-01
-5.468180263159903021e-01
1.000000000000000000e+00
-1.000000000000000000e+00
-2.648061437976170773e-01
-4.375293307999126302e-01
1.447157895830608054e-01
-2.586657716179705524e-01
1.000000000000000000e+00
4.960976867264314527e-01
1.456396411057711282e-01
6.775534577294994865e-01
-5.932538123710562328e-02
-7.436077543059865791e-01
-1.524483568729821936e-01
-5.546303311097016131e-01
-1.000000000000000000e+00
8.543724731667996508e-01
2.097594427424919472e-01
-1.000000000000000000e+00
-9.489582579125999118e-01
-2.764582277945144551e-01
-3.118470712285181801e-02
2.309164089312713553e-01
1.000000000000000000e+00
-6.116648528577645072e-01
-1.000000000000000000e+00
2.410446856774640656e-01
-6.071096611395297993e-01
4.485975928388874490e-02
-1.000000000000000000e+00
6.086602931852131970e-01
-1.047340100818462405e-01
8.388643943789628743e-01
-8.120565281650943268e-01
1.000000000000000000e+00
8.043436504465930614e-01
7.247990867539304549e-01
1.000000000000000000e+00
9.854098675722591238e-01
4.146416942090375146e-01
-5.060700960060948717e-01
-1.366733922113390620e-01
-2.565579260856133970e-01
3.644434040912112871e-01
1.000000000000000000e+00
1.000000000000000000e+00
-3.529088397140579536e-01
1.000000000000000000e+00
-6.377483553346079415e-01
-1.000000000000000000e+00
1.000000000000000000e+00
8.823512741301364759e-01
5.934445026106200949e-01
4.683838852083451187e-01
8.909452183265420544e-01
1.000000000000000000e+00
7.233694140694137964e-01
1.000000000000000000e+00
-2.792327541844312755e-01
-7.362057442622457204e-01
8.952322932340490702e-01
-7.633020660229694609e-01
-7.217963521643921965e-01
9.245612759967658523e-02
-5.247535225168984407e-01
1.000000000000000000e+00
-1.941687525348022580e-01
4.525955739902499664e-01
-4.478804469783211339e-01
-2.161871514722148446e-01
9.605873203994002019e-01
-6.326623048347158607e-01
-4.826710019942472285e-01
-8.003512929935079345e-01
-7.932106405613135180e-01
-6.988925979845750369e-02
-6.586462076180854552e-03
-1.000000000000000000e+00
8.306524186646113694e-01
1.889457381159944660e-01
-9.638439276967059044e-02
-1.000000000000000000e+00
3.295074620737118987e-01
7.557281926916590287e-01
9.428132092741994263e-01
6.290699060006466059e-01
6.139955209386704915e-01
-7.153261003720443600e-01
4.626279980768044364e-01
-6.788286732611868990e-01
-6.134883502171853964e-01
-5.353281151335204102e-01
-6.747270743710542806e-02
7.203694021102688971e-01
-8.627238584996870241e-01
-1.000000000000000000e+00
-1.000000000000000000e+00
-6.815282469212766703e-01
-4.708655377188057933e-01
3.197659781429728065e-01
5.990070213855388515e-01
-1.000000000000000000e+00
-6.107355719833165164e-01
1.000000000000000000e+00
1.000000000000000000e+00
2.010843379508763240e-01
2.619360048720212886e-01
7.742451639766151361e-01
1.000000000000000000e+00
2.069342479482046415e-01
-6.954197390370473464e-01
-1.000000000000000000e+00
-1.000000000000000000e+00
-6.308159787350353653e-01
-5.701274599262227127e-01
4.217269243301686177e-01
3.392828764058946067e-01
1.000000000000000000e+00
5.159451105046427566e-01
3.176898714728446094e-01
1.000000000000000000e+00
1.000000000000000000e+00
-2.840271256069617500e-01
4.649685509249855686e-01
6.570929564993430727e-01
1.000000000000000000e+00
-3.708202487173918593e-02
2.467196000349343998e-01
8.846754348344181285e-01
-1.000000000000000000e+00
1.973488811037809598e-01
-6.050015429866704153e-01
-1.000000000000000000e+00
1.000000000000000000e+00
9.553393174127011722e-03
-9.657239055236281899e-01
-6.439767802614945746e-02
-5.821363727144439615e-01
-9.081876952783246582e-01
2.937555546930163408e-01
-9.631950004043687841e-02
-1.000000000000000000e+00
-1.000000000000000000e+00
-3.315599695521904144e-01
-2.885029904028760250e-01
-1.000000000000000000e+00
9.222748566786242996e-01
1.000000000000000000e+00
1.180707479056650744e-01
1.166195367349814882e-01
-5.233745472244475394e-01
-2.859429362337306268e-01
-3.351696332612507656e-01
-5.353376187950834586e-01
2.571020953610982929e-01
1.000000000000000000e+00
2.288805370130528316e-01
1.000000000000000000e+00
1.000000000000000000e+00
-1.000000000000000000e+00
-4.824306725241656046e-01
6.067084370897054546e-01
1.000000000000000000e+00
2.471587317561535491e-02
1.000000000000000000e+00
-1.000000000000000000e+00
-1.000000000000000000e+00
-6.885039907095440448e-01
1.000000000000000000e+00
6.283357409452348108e-01
-1.000000000000000000e+00
-3.247736233326372624e-01
1.000000000000000000e+00
3.886490868543891752e-02
8.801701189587621821e-01
-7.960624685395303324e-01
8.638125316402566201e-01
-4.091058760427419005e-01
3.206090998190258556e-02
-1.000000000000000000e+00
-1.000000000000000000e+00
-8.441068568009555406e-01
1.000000000000000000e+00
-8.515721045044720439e-02
3.561482254574821482e-01
-4.540016672948176124e-01
5.895117330048857962e-01
-8.353469754119723090e-02
-9.983059387902037951e-02
-2.165821544231029128e-01
8.422474406696759397e-01
4.995599732544790950e-01
3.256586254947684278e-01
8.293209587620715695e-01
3.707348987655913475e-01
1.000000000000000000e+00
6.939375816590986901e-01
8.516166017382854614e-01
1.000000000000000000e+00
4.268395139527487725e-01
2.028636511723716229e-01
4.687929891381031333e-01
5.439339713766295770e-01
4.144558280855161758e-01
7.876129137479669362e-01
4.440044111990564812e-01
2.525517045912860081e-01
5.105073142330077696e-01
1.388458520489028181e-01
9.213229100770906621e-01
7.144465294554905865e-01
1.000000000000000000e+00
6.954540065154060091e-01
9.199826981901417788e-01
4.147415058045846870e-01
7.016940279317633866e-01
3.698574140310117442e-01
2.438237927134903060e-01
5.699336226890241441e-01
2.735277100398558758e-01
8.241642543142718713e-01
5.057627769074889423e-01
4.554377433428727362e-01
6.838791787148063017e-01
7.114087288643881068e-01
2.882239003628302987e-01
3.789930510157731858e-01
1.554443213943519919e-01
6.219623251764571092e-01
5.509581542782477914e-01
5.467511466849588331e-01
7.815487244688125168e-01
2.716390925174881343e-01
7.164013781429044991e-01
3.709285958437742448e-01
7.441097065253836629e-01
6.004783207079640306e-01
8.837187611765171535e-01
2.213823668654092969e-01
6.447927782720529466e-01
1.296926861247038876e-01
3.811448807844016740e-01
7.517675873054520119e-01
5.645729430880552790e-01
8.743626077287454113e-01
8.994922523282470328e-01
1.000000000000000000e+00
8.613252602781619194e-01
5.730286304568739109e-01
3.076053704387128884e-01
4.325288956045460487e-01
7.822855396544624584e-01
5.165942729505637043e-01
8.602162763686169722e-01
8.337183573294533190e-01
5.124346654608306073e-01
1.932131350037447626e-01
1.000000000000000000e+00
9.421282633109259175e-01
8.948544044239641337e-01
5.129024604800257459e-01
4.523887274825281191e-01
7.583630583151583782e-01
2.176118215816570389e-01
1.217466410492018675e-01
1.000000000000000000e+00
4.647332497962858855e-01
5.676850687974239751e-01
9.753548464422912012e-01
9.750531323325050126e-01
4.714115009339675533e-01
6.647584884267467853e-01
5.630662727368768161e-01
4.871050507648181371e-01
5.525394722012942905e-01
1.931770306859534325e-01
6.162429026616466077e-01
5.593200230117325589e-01
3.635612075475211924e-01
7.938657688650562205e-01
1.000000000000000000e+00
5.900125846229293813e-01
7.338126787830494546e-01
2.608251793066295177e-01
6.684028895023848005e-01
6.456479192700291803e-01
7.831170868853106759e-01
4.108244804722681054e-01
9.277614456141632937e-01
2.718842721059666068e-01
8.230450164739664398e-01
4.570683257343908235e-01
4.937076580545209925e-01
9.644830649340073725e-01
1.000000000000000000e+00
5.851680549789651797e-01
6.512860549642116581e-01
8.996298580534041189e-01
7.382818979909032686e-01
8.666582695360257604e-01
2.083862231700875367e-01
7.652083664703428489e-01
5.824437314720182224e-01
5.160736740756660668e-01
5.346054428312964069e-01
1.387279315328066864e-01
7.606839595375048946e-01
2.588426959767318181e-01
2.384905300837315278e-01
1.000000000000000000e+00
1.000000000000000000e+00
2.149338215902219518e-01
6.545879619654766390e-01
3.131281558549552368e-01
7.849259974760771641e-01
9.961565491272222905e-01
7.565803571154503526e-01
5.863656899055283978e-01
6.385457150154040251e-01
9.656864233635296113e-01
8.833021961991098792e-01
1.000000000000000000e+00
6.879997601841763011e-01
9.246742633183221427e-01
7.365379667677528497e-01
7.790193674921944700e-01
7.004410678473298457e-01
2.413318145644251234e-01
4.841039284805833121e-01
6.262169089078095663e-01
4.195193160469258831e-01
9.457078422202688239e-01
4.860336367085562048e-01
6.065648481235639267e-01
3.558753892723670598e-01
3.369033314426191361e-01
4.999664463450200769e-01
3.554090166459858979e-01
5.532488532448956997e-01
7.141205805615741253e-01
6.326778152530427857e-01
9.100639001752021118e-01
4.560867879564969307e-01
3.754413172749068717e-01
8.117707802981398713e-01
4.686560006230567899e-01
7.377479333269598705e-01
3.671869064078635558e-01
3.612323161722771347e-01
3.892146003263035614e-01
2.529366895699986517e-01
4.684865813494507591e-01
2.856290385645386953e-01
6.232292322722561284e-01
4.753808130492397366e-01
3.507038097836439050e-01
3.175307599814166659e-01
3.372920360627497671e-01
9.387571429397825185e-01
9.474127862923861221e-01
2.224328333294356974e-01
5.194658064366505235e-01
5.124581558978262841e-01
7.423281944073838456e-01
2.891764544451865260e-01
4.354433899275475528e-01
5.060167551248749840e-01
4.680298208669072535e-01
8.186180037668139287e-01
5.189645135700085010e-01
7.862222969161392072e-01
6.716472614050711387e-01
7.060567236711229322e-01
6.252693780004711099e-01
3.507160385021108606e-01
1.000000000000000000e+00
1.000000000000000000e+00
5.235464126965818643e-01
4.951877951236446918e-01
7.395461721168720137e-01
1.000000000000000000e+00
5.734088570776915139e-01
9.935998977318198921e-01
6.219613977110691749e-01
5.160078761300010974e-01
5.239395918133569197e-01
6.977587798533699814e-01
6.731455382688014133e-01
6.905217400600345279e-01
5.471761448089731417e-01
5.604395692323876910e-01
3.233157844461793107e-01
5.522815974738594091e-01
3.901683069812459381e-01
9.706026260371599657e-01
2.103413566866153273e-01
5.979363739811889289e-01
4.138926446513960800e-01
8.115108526026642011e-01
4.127648091261574836e-01
6.690941315293947866e-01
3.291897796790179687e-01
3.677045577808622512e-01
6.080672635849206920e-01
4.228929310438272471e-01
5.433876817831962969e-01
1.000000000000000000e+00
1.000000000000000000e+00
5.304417635791854879e-01
1.000000000000000000e+00
8.178788476404302843e-01
3.158850129540797802e-01
9.714852253862362730e-01
5.478068216764587772e-01
5.778012533016290142e-01
6.733996281219446489e-01
1.000000000000000000e+00
3.522662403631130479e-01
1.901802156992845605e-01
5.764584120160597402e-01
4.482295693615492294e-01
6.926932519435502478e-01
4.590113009424875434e-01
7.173541681368865719e-01
2.368486620274399823e-01
6.420035515129189907e-01
6.916227870247374510e-01
1.000000000000000000e+00
6.790970892758851907e-01
4.331092310973155834e-01
5.983233100945679617e-01
5.844994384486378314e-01
5.410309281636901391e-01
9.511879389661358486e-01
7.668955506725642080e-01
5.907565487799076864e-01
1.000000000000000000e+00
8.561720765749711859e-01
5.049998436709401961e-01
7.279359612850584416e-01
6.443264642326291813e-01
9.721303576343164332e-01
2.298473636959634525e-01
5.887522132364764182e-01
3.496147160135618104e-01
8.445772048799509157e-01
5.454611768882003942e-01
8.411712774051768315e-01
2.076419175583846255e-01
7.484633408337048044e-01
1.000000000000000000e+00
2.933435326554042488e-01
3.600862017122384295e-01
5.577572449622419937e-01
7.836220603318927447e-01
