7.797118371116457114e-01
1.099781868464328183e-01
2.833829836853658524e-01
-8.326660901410454230e-02
-1.000000000000000000e+00
-2.782158737562268058e-03
-1.000000000000000000e+00
-3.773211015936242529e-01
-4.775848552668006120e-01
-1.747368193683812576e-01
-7.238042666397859204e-01
5.981278130384248826e-01
-8.418371186379061122e-01
-7.861167480064858992e-01
6.059324368375249570e-01
1.088084068047425745e-01
-2.563039278235206830e-01
8.881184766757610483e-01
-2.986303896169380523e-01
-6.767635949744306156e-01
1.787716359543266020e-01
-4.851768234459912787e-01
-9.235688881760739655e-01
-2.395294822210286001e-01
1.000000000000000000e+00
-1.000000000000000000e+00
-7.885339609545978234e-01
-1.713581309759095450e-01
-7.264135233005322156e-01
-3.835376476836682147e-01
2.744850330447462516e-01
9.092715645558884230e-01
-3.311340052323087368e-01
-5.100056539037841619e-01
-7.188878915254297564e-01
6.036068533561390614e-01
1.000000000000000000e+00
-1.411260338632443212e-01
-1.000000000000000000e+00
-1.000000000000000000e+00
2.452849810616258841e-01
7.115139592844448302e-01
5.375304939998739595e-01
1.000000000000000000e+00
-7.561078403567235151e-01
1.000000000000000000e+00
5.260383339171531558e-01
-3.697863892914199924e-01
-1.000000000000000000e+00
-7.745595179809052766e-01
2.279605159310204021e-01
-1.000000000000000000e+00
9.218811608123298473e-01
-5.361722732424198945e-01
5.846051285212068294e-01
4.481039367407498308e-01
-3.924169546651064544e-01
-6.663927905194859669e-01
9.350025518401632318e-01
-9.281239897857227472e-01
-1.000000000000000000e+00
-1.000000000000000000e+00
3.340636301684926091e-01
6.954869217936434644e-01
-3.124748225798950063e-01
-5.610070871847422369e-01
-1.000000000000000000e+00
2.795486037769784882e-01
-1.000000000000000000e+00
8.845767522338099376e-02
5.979953298163467323e-01
-7.072298767636975292e-02
1.000000000000000000e+00
9.272142658092367151e-01
-4.397320531066374882e-01
4.727308782555196265e-01
-1.000000000000000000e+00
-1.210914827474698571e-03
-4.847733770618327109e-01
6.406462642048142975e-01
8.117794313726000022e-01
-6.936604750883647030e-01
-1.000000000000000000e+00
6.679752054532173133e-01
6.330997406810014994e-01
-1.000000000000000000e+00
-8.912444277607800558e-02
4.869220051140845662e-01
-2.451614174161124149e-01
-8.690712037459036310e-01
3.395089848169564606e-01
1.000000000000000000e+00
8.493675576832109275e-01
5.941686006800650510e-01
1.000000000000000000e+00
5.597764986500306517e-01
-1.000000000000000000e+00
7.349418478903730900e-01
-1.024536970399699820e-01
-9.158474961586102747e-01
2.130798778009523886e-01
1.000000000000000000e+00
-3.954865552393657668e-01
1.742557202607947775e-01
1.029206803318627461e-01
2.790366493338910514e-01
5.398492773962763058e-01
1.000000000000000000e+00
-1.000000000000000000e+00
1.000000000000000000e+00
1.000000000000000000e+00
1.000000000000000000e+00
-3.705976041783657360e-01
2.217125998698625533e-01
1.000000000000000000e+00
3.192978035312961649e-01
1.000000000000000000e+00
-1.000000000000000000e+00
-1.000000000000000000e+00
-1.000000000000000000e+00
-3.441081140552486595e-01
-1.448814839552061140e-01
1.000000000000000000e+00
1.000000000000000000e+00
-8.739223051959701394e-01
1.000000000000000000e+00
9.187919769638493162e-02
2.240707813207249433e-01
1.000000000000000000e+00
-1.000000000000000000e+00
-8.073074161818264427e-01
-1.764496576109209625e-01
-1.000000000000000000e+00
-9.113904480498420391e-01
-1.000000000000000000e+00
2.544499185179893708e-01
-1.037242818839577696e-01
2.361942144481875006e-01
-1.000000000000000000e+00
-1.000000000000000000e+00
-7.292851222260480215e-01
1.000000000000000000e+00
5.080234071672498075e-01
5.378840972257058484e-01
-5.374890637040032892e-01
-2.009133004675645040e-03
3.788894101843512940e-01
-9.642412889778909646e-01
-1.000000000000000000e+00
1.000000000000000000e+00
7.019847996238529619e-01
-3.116175346374290833e-01
-4.093398425233005788e-01
-1.000000000000000000e+00
1.000000000000000000e+00
-7.634662478235585414e-01
-1.000000000000000000e+00
-1.000000000000000000e+00
-1.000000000000000000e+00
1.829987425434464188e-01
-1.000000000000000000e+00
-1.000000000000000000e+00
4.505351473336305368e-02
7.464843795437459129e-01
5.877469454550707795e-01
1.000000000000000000e+00
7.314453745281939145e-01
-9.201434971142175012e-02
-6.440330640026257214e-01
-1.294343109026356298e-01
-9.200218844547264352e-02
-2.367811104812624634e-01
-1.397317757012059847e-01
4.075039468721037839e-01
-8.555194201732241321e-01
4.287726381866669989e-01
2.447839042508879320e-02
-4.267792952647362914e-01
9.109909990623108467e-01
-6.763114453180565366e-01
-6.018687191610032627e-01
1.000000000000000000e+00
5.301842482612864060e-01
2.214053719205232307e-01
-4.074176076352886144e-01
2.071532430647402001e-01
4.264961869400090699e-01
-3.749821235257991825e-01
-1.000000000000000000e+00
-8.115516230155340738e-01
-2.255559567720065717e-01
3.922495463670880311e-01
-1.000000000000000000e+00
1.000000000000000000e+00
-2.801234832323626911e-01
9.316868985032231709e-01
-2.222040416440575206e-02
-1.093465621616697414e-01
-8.972600139375099815e-01
1.000000000000000000e+00
-2.430957539279061663e-01
-1.000000000000000000e+00
1.290564460229763344e-01
-1.000000000000000000e+00
8.033393605130245696e-01
5.440612303306062714e-01
-2.396815657876757433e-01
9.123536768937692276e-01
-1.000000000000000000e+00
2.936381433617478720e-01
1.940206842100945517e-01
2.306934908507694559e-01
-8.872406719266402730e-02
6.355670447105078447e-01
9.152585535255186588e-01
-8.780463024654787396e-02
4.513931735342937568e-01
9.561828252557103003e-01
1.000000000000000000e+00
-5.425317008569858768e-01
-1.000000000000000000e+00
6.393069675685303377e-01
9.058518375292490266e-01
8.789690243195299457e-01
2.730546278387197545e-01
-3.117310756368920632e-01
-8.905894315549172102e-01
-1.000000000000000000e+00
-1.000000000000000000e+00
-3.405233414396089398e-01
5.759964068885762289e-01
-2.712143402234742373e-01
2.986656498787019220e-01
8.958171268912872298e-01
9.705690477533229776e-01
-1.000000000000000000e+00
-3.275014298212611252e-01
4.879818653665957129e-01
5.906090149596894268e-01
-6.098735404222603851e-01
-4.146928887703703603e-01
-1.596133714104335799e-01
1.956160806189884971e-01
-9.565649144847390151e-01
-3.870645645862575424e-01
3.545273107803043611e-01
-1.000000000000000000e+00
-1.000000000000000000e+00
1.435834942530688219e-01
4.619625734419424146e-01
-8.782963834785382229e-01
4.240557870590764278e-01
-6.176882423624809881e-01
-8.124713223672032081e-01
-5.402829706792156017e-01
-2.777693436051467679e-02
-6.091822519095253519e-01
1.000000000000000000e+00
-2.385470680765659768e-02
1.000000000000000000e+00
-2.267234740625354572e-01
2.239483938806456631e-01
8.411607226580224417e-01
-4.091206829317086124e-01
-1.000000000000000000e+00
7.900625640195046984e-02
2.202414489208892323e-01
4.566446127862437976e-01
8.876320374686116343e-01
5.244261151025420009e-01
5.399712709386141896e-01
7.997815247074976375e-01
5.481910122961640708e-01
7.081890375245577518e-01
2.900762825108317289e-01
8.201163248104139658e-01
2.380237163931186173e-01
4.271794941551519953e-01
9.207734581538755680e-01
4.297455607566113001e-01
8.903735073466300110e-01
8.055872352755799604e-01
5.362747445146418546e-01
3.085000445406733127e-01
3.773198521321621812e-01
6.927870449224011740e-01
7.809920116490449704e-01
3.477009119016531979e-01
8.564864380101867569e-01
1.000000000000000000e+00
6.288249163891055371e-01
3.909197959700994596e-01
3.840559640793040908e-01
4.120007649905925717e-01
9.380279295005772289e-01
2.918486533312333875e-01
1.950503381539875070e-01
6.441468604371973772e-01
5.556342988491080881e-01
2.878093052540039443e-01
4.527540741966828985e-01
2.561564557934655206e-01
3.091784358399713439e-01
7.401530348078748656e-01
6.582387284706575636e-01
4.823328860375359350e-01
6.743354974236702715e-01
5.325368045269813777e-01
6.343646468466546118e-01
2.123341733262421871e-01
5.373578860964166592e-01
5.361992480253009452e-01
3.506851520610192452e-01
5.254525894981556533e-01
2.694025881019460056e-01
2.758360283736029928e-01
3.154756134158482328e-01
7.580051746140356039e-01
2.234067137256095792e-01
9.952964362430478662e-01
6.959883478589762307e-01
4.539964924230517340e-01
3.296651452033317886e-01
1.000000000000000000e+00
4.489046400748974430e-01
8.703956827379540906e-01
3.115577130721403076e-01
3.655407001363299435e-01
2.854543270935046007e-01
6.839261481564731238e-01
3.143171996868424078e-01
6.190846903320278427e-01
7.057710299276804822e-01
5.445013667211706654e-01
4.799780716828839777e-01
5.163854059336748792e-01
5.134447546288870567e-01
1.000000000000000000e+00
3.070629196088469071e-01
2.882812949744932851e-01
2.228826737992189444e-01
5.740481719267505056e-01
8.007939356633052286e-02
4.638052209972552409e-01
5.485424911997414110e-01
7.299841986915591718e-01
2.118951341864209192e-01
5.827229046563046078e-01
6.306100101785283574e-01
3.774674323910184870e-01
5.454371929303871713e-01
5.732400264276469315e-01
6.354674032893048441e-01
4.176679994518391892e-01
1.361575767685220539e-01
2.234434847745852271e-01
6.092576667077546082e-01
5.375707935536335746e-01
3.151712906319693586e-01
7.968789876567886621e-01
4.213876123429807219e-01
3.512455757393677103e-01
4.061175818015740346e-01
1.220382750795215160e-01
3.918608696281123960e-01
8.178510111169751129e-01
1.000000000000000000e+00
9.328157035940100317e-02
7.080707426080611322e-01
7.456466361572433588e-01
6.735943365059321453e-01
4.762053838272961026e-01
1.000000000000000000e+00
8.693006510480413285e-01
7.348232738560336319e-01
7.597266198252734526e-01
9.027969965254335483e-01
5.703163060679619090e-01
4.678958230461838230e-01
2.107808375121643096e-01
3.194817398461050062e-01
9.392077044087497883e-01
6.608286199806294725e-01
1.000000000000000000e+00
4.963205123675937802e-01
3.160552385258740271e-01
3.005775043842143779e-01
4.367836938695678350e-01
1.000000000000000000e+00
8.720607995861527906e-01
6.787276192999573965e-01
1.191371682171332436e-01
4.957401082752583288e-01
8.880148772288777304e-01
3.761330573599052096e-01
6.219884022727660833e-01
7.028845821731302124e-01
7.285636325097252231e-01
4.429587081417072358e-01
4.960367510784358114e-01
2.725102530728434336e-01
3.146358001927101466e-01
3.817585534702994665e-01
1.000000000000000000e+00
2.677053691181931483e-01
6.928998872351443961e-01
7.014187875469918287e-01
1.851843160834135971e-01
5.820717898772688192e-01
4.954539385008386310e-01
6.792521597567385827e-01
4.104524835564108409e-01
6.225730583615829428e-01
8.112700882494980892e-01
5.815057740710303236e-01
6.547946758845124560e-01
2.412117566796012080e-01
2.075187723813923801e-01
2.325647898781509071e-01
7.479544433197619080e-01
2.849019617834170903e-01
5.437115678103147109e-01
4.349169551071788153e-01
7.096614818837391203e-01
1.838486587773355552e-01
2.805095797496653942e-01
6.128285898753800254e-01
4.908321828032542467e-01
7.619149181139570626e-01
1.711069565259093761e-01
6.593259006178163739e-01
6.412410243250954434e-01
5.869803807226663395e-01
1.451042121156802533e-01
9.126024798177669872e-01
3.384002274850954062e-01
6.775277422772857383e-01
5.309978955348546581e-01
8.608688506520132400e-01
6.481811303690010462e-01
2.307255222703460951e-01
6.058108751166585426e-02
4.000870538901986628e-01
1.659081525911839106e-01
7.977851887468985492e-02
4.368747464389746704e-01
5.991950370995906550e-01
2.472229791432689339e-01
3.311937000731995373e-01
3.108496339096716854e-01
4.741157827561190974e-01
2.389515261673317015e-01
7.413777551983805614e-01
1.000000000000000000e+00
4.341956218358673514e-01
1.918074782213523843e-01
5.887015968178889169e-01
4.683546542136309276e-01
9.912464261029746426e-01
1.000000000000000000e+00
7.333552921711267158e-01
1.676113233409051162e-01
3.267358778016316578e-01
1.000000000000000000e+00
5.680842107458843326e-01
4.158194105950257513e-01
4.297030567097219200e-01
3.612285102425921157e-01
4.366780988713293565e-01
5.494954821092918884e-01
2.466442807412465854e-01
8.027858021576004255e-01
8.822648664358730963e-01
3.785697134245318840e-01
7.038487021678293543e-01
1.000000000000000000e+00
2.503806944903091969e-01
3.112529564150506856e-01
6.316689707868000658e-01
2.251112258522879606e-01
3.167228146525049581e-01
4.337216698452641128e-01
2.875082307977628870e-01
7.911880545474269111e-01
3.834509767463151197e-01
4.774997711865303640e-01
2.421324855379668739e-01
5.247739272656573029e-01
3.398738235823434151e-01
6.379238823864967767e-01
2.579731855197937018e-01
5.130281177142843596e-01
8.376443598950689129e-01
7.659814160957756357e-01
5.061441532473409666e-01
6.560904808819512102e-01
9.572719515222817277e-01
6.379189609660247395e-01
1.019821362980615487e-01
5.028550985759271397e-01
7.097152471399618134e-01
2.570021073974648185e-01
7.767367784208704107e-01
6.798313816832168843e-01
1.035180906909554110e-01
5.031961041880484986e-01
3.990481071257138690e-01
3.047769180052801730e-01
5.849357673752049180e-01
2.844596338751655962e-01
6.417660642961650064e-01
2.725603254380274398e-01
5.441067490565235643e-01
6.143668334091157979e-01
4.090146992623205358e-01
3.230164786948261924e-01
4.025500389341551966e-01
5.168627839817716563e-01
7.921889879125153522e-01
3.724771576939543971e-01
2.766084007766793085e-01
4.899750138884381712e-01
6.826812074391491736e-01
6.947659469961724454e-01
9.344963116553623994e-01
4.363288643854805193e-01
5.863191689695563813e-01
2.907796779334726467e-01
2.664331394160174837e-01
6.867833456090768340e-01
