-1.312871042112865871e-01
9.858206234477889796e-01
-1.000000000000000000e+00
-4.329578186139738105e-01
3.217948018292664525e-01
9.916460247081159141e-01
4.662984901253428571e-01
1.156294597062819951e-01
-1.000000000000000000e+00
6.663358767930853688e-01
7.455545811349054697e-01
-8.071625692858075407e-03
-6.923579826709530538e-01
8.655957416952542172e-02
-7.286895015584289315e-01
1.000000000000000000e+00
-1.000000000000000000e+00
-4.869307584108000242e-01
-1.000000000000000000e+00
1.036364781682896224e-01
9.715839574258007261e-01
1.725751689264543864e-01
-1.364508638417424868e-02
-3.728551793450884388e-01
3.334358461238786098e-01
-6.615390720675805580e-01
-8.822178208458978377e-01
9.054084147244031433e-01
-1.000000000000000000e+00
-3.773457571499290175e-01
-5.222366219093775852e-01
8.335465106944980329e-01
1.000000000000000000e+00
-3.863532403510833158e-01
5.945008383353184156e-01
8.169560712851717810e-01
-1.000000000000000000e+00
4.355888297726077663e-01
-8.164058857185222395e-01
5.951763494679035427e-02
4.701592032374444230e-01
6.518504475860924519e-01
-9.826264587488280355e-01
6.359377036788360638e-01
-1.000000000000000000e+00
6.045514358598114146e-02
-6.713885022896857180e-01
-1.049411954114256584e-01
4.358705846283468799e-01
-2.404208543172863255e-01
3.169670014115293366e-01
-1.000000000000000000e+00
-1.000000000000000000e+00
1.366758544484944493e-01
-6.807790703166354263e-01
2.185665036415584961e-02
-8.524692113855567022e-02
1.000000000000000000e+00
-1.000000000000000000e+00
6.127248372463358628e-01
-1.000000000000000000e+00
-8.532013176979362790e-01
-1.000000000000000000e+00
-1.000000000000000000e+00
-7.872389415810961966e-01
2.048595109829238758e-01
-7.889856534610406591e-01
2.870815625295397577e-02
1.000000000000000000e+00
-1.000000000000000000e+00
9.457972543291188749e-01
9.162695689549660294e-01
-1.233451824868027624e-01
5.596100557136189924e-01
-1.000000000000000000e+00
-1.000000000000000000e+00
7.920590709459724987e-01
9.474339782559306755e-01
-1.000000000000000000e+00
9.375854250505026855e-01
9.398059993725571548e-01
-4.443408560769131488e-01
2.638443234897748790e-01
-1.000000000000000000e+00
-7.160127033968084476e-01
-4.775125772938698665e-01
9.260569948594393752e-01
1.000000000000000000e+00
-6.278797620771467969e-01
8.644008763693015185e-01
1.000000000000000000e+00
-1.297100186570304681e-01
-1.339398399397855877e-01
-1.616497321279185551e-01
-3.900495744599665748e-01
7.570978774689823831e-01
1.000000000000000000e+00
7.504473698242588586e-01
7.380843792311295726e-01
-5.726470398732121936e-01
-5.171538209000312580e-01
-1.525668337812091657e-02
-1.179773899744634980e-01
-1.000000000000000000e+00
1.000000000000000000e+00
3.751622498737672284e-01
-2.212520038677804335e-01
-9.416713609726794498e-01
1.000000000000000000e+00
5.187673630640400324e-01
-6.986061100279635783e-01
-3.706733113596435425e-01
-1.665494640690562966e-01
1.000000000000000000e+00
-9.872243810660346064e-01
-1.000000000000000000e+00
9.517214621449332501e-01
-6.639426366402395585e-02
1.717844191723538749e-02
-4.048495260088555980e-01
-2.336291880067253857e-02
-1.000000000000000000e+00
-1.397681530549560458e-02
-4.872811102600084210e-01
-6.284825872538304381e-01
1.000000000000000000e+00
3.396550061714406210e-01
6.301318271701968898e-01
-4.636967026878635600e-01
-6.529008840527450452e-01
-1.000000000000000000e+00
8.301088288903618606e-02
1.000000000000000000e+00
7.499507710349040401e-01
-1.000000000000000000e+00
5.161582759656350161e-01
-1.000000000000000000e+00
-1.000000000000000000e+00
-1.000000000000000000e+00
6.825416437576413697e-01
3.814076526648840781e-01
1.000000000000000000e+00
-7.791778312919926952e-01
-8.565887915604749603e-01
4.428147547567169440e-01
2.778078829701688957e-01
-8.055270891145926981e-01
6.312089569360874730e-01
-9.175605288817950678e-02
9.398908433722619193e-02
-2.977099582051594973e-01
-3.918566795852482798e-01
6.690405537686832105e-01
9.161700047174154982e-01
-1.000000000000000000e+00
1.000000000000000000e+00
7.719123274080841313e-01
-1.000000000000000000e+00
-8.136662152488924882e-01
-7.760113396280888809e-01
-7.077286539283572653e-01
1.000000000000000000e+00
-8.834934967991876498e-01
-1.826465277664957032e-01
1.000000000000000000e+00
5.680144989965738578e-01
-1.579893444272634784e-01
-2.441077573888442709e-01
-4.080684760377329967e-01
1.000000000000000000e+00
2.053065117811269658e-01
3.734627484783208384e-01
1.658171971184325411e-01
4.412828258183994490e-01
7.735988053151682253e-01
-1.000000000000000000e+00
-8.270111185096111761e-01
-9.827001329493026960e-01
4.838643420307152665e-01
-1.063866673759107373e-01
1.360980196774193574e-01
4.406759446429859839e-01
-1.000000000000000000e+00
3.576527932540272126e-01
-2.037288815485360505e-01
8.566743135669427911e-01
8.166255185178428189e-01
-6.873941171829344166e-01
7.564826761257814614e-02
2.617731461531269677e-02
9.664621023157144997e-01
-8.201892804719979058e-02
-2.120642126403035066e-01
4.493800974453477926e-01
5.981539350073892258e-01
1.000000000000000000e+00
1.000000000000000000e+00
4.609643899196583794e-01
4.909385633205410326e-01
-1.239657466080277826e-01
8.436586649641105717e-01
-1.000000000000000000e+00
-8.182984146097460609e-01
1.000000000000000000e+00
3.073528376334572210e-01
-1.000000000000000000e+00
1.000000000000000000e+00
1.000000000000000000e+00
-2.212187282199413185e-01
-6.694087120414736747e-01
2.085162304705376612e-01
7.122113926768054437e-01
4.047676458341107342e-01
-1.866805664784940699e-01
-2.292253701946254663e-01
4.825155414535986509e-02
7.598962617173632417e-02
3.391437807368088420e-01
1.000000000000000000e+00
-1.000000000000000000e+00
1.000000000000000000e+00
4.663714119559557725e-01
1.000000000000000000e+00
5.900454815688830346e-01
-8.582004769020206147e-01
1.836722457427338306e-01
-4.238142186132607958e-01
-1.641911954015586317e-01
1.000000000000000000e+00
-7.340350181790791240e-01
1.000000000000000000e+00
7.653925374601606713e-01
-1.000000000000000000e+00
1.000000000000000000e+00
-1.000000000000000000e+00
-5.830273825887578587e-01
6.499739018502638244e-01
1.000000000000000000e+00
-9.917586814330306977e-01
-9.308667521638438469e-01
2.144632997228773652e-01
-1.000000000000000000e+00
-7.730466661277903828e-01
3.561186852763472688e-01
-1.000000000000000000e+00
-8.385854252055913172e-01
1.000000000000000000e+00
8.889181459690957965e-01
6.195188773054218778e-01
3.029862629614209490e-01
-1.000000000000000000e+00
-7.252747437222848426e-01
7.873964213472863793e-01
4.692315542027570840e-01
-1.000000000000000000e+00
3.347604436182964327e-01
-1.000000000000000000e+00
6.141631932161483176e-01
8.492890459083576316e-01
8.654081308749790313e-01
-9.060856424596961389e-01
-2.111987101880463125e-01
2.275372287236105684e-01
-1.000000000000000000e+00
7.000888989333499124e-01
5.847337466036510722e-01
2.993799363509943023e-01
8.391136628315790658e-01
3.594287463895291523e-01
4.006874713556232148e-01
5.626212473589032870e-01
1.000000000000000000e+00
4.485527710949223645e-01
8.246776623337944701e-01
5.995586482151562535e-01
6.680468216708879137e-01
5.044304910771995054e-01
6.407129424457252975e-01
5.740790740398714620e-01
8.105411784202880554e-01
7.655013715858421941e-01
9.112314357359720951e-01
8.396450812178138934e-01
5.932609072672816453e-01
1.863902036678271035e-01
7.730970018111085196e-01
2.642770380598546964e-01
2.748836823011341912e-01
4.332189402328952554e-01
7.500118146938521413e-01
2.496184689756830444e-01
5.331800592038551390e-01
8.243574747520489021e-01
8.172475847407092431e-01
2.984224210528134691e-01
4.057184099350355511e-01
6.407149445169477708e-01
1.000000000000000000e+00
7.266994680481349000e-01
7.792745754987386864e-01
5.547887129038164833e-01
5.732491462173847641e-01
6.317703148816101733e-01
4.911849741771198152e-01
9.316395712102021331e-01
7.941755849306748605e-01
7.110903778323215407e-01
2.925891575672350253e-01
3.682425893358148850e-01
6.632885143772482284e-01
5.422100321671694534e-01
8.689857104428624357e-01
4.278055128581292887e-01
3.000666551567010565e-01
5.748956598855800015e-01
9.961002349666756572e-01
7.309319644503247115e-01
8.031857865442068034e-01
5.249685288833740859e-01
5.796653511884389820e-01
4.269116458000601910e-01
3.646498723688177956e-01
5.856433616790089891e-01
5.446642423775172048e-01
4.167795038236555838e-01
1.000000000000000000e+00
4.327733335248037383e-01
4.457136001686079485e-01
4.260455608028451135e-01
2.727749178099467819e-01
5.927069515273185596e-01
3.330695217505679206e-01
3.986265679174381127e-01
1.000000000000000000e+00
1.000000000000000000e+00
6.715386177746420771e-01
3.284447818943346808e-01
5.964461027558373152e-01
4.971535392135462694e-01
4.104871535731451360e-01
6.534102564819699310e-01
4.852465336494508064e-01
3.524441548631048748e-01
3.498840184690331645e-01
6.146993361620830543e-01
4.829323037500605209e-01
8.646321450768120753e-01
6.109729080839139126e-01
1.000000000000000000e+00
8.706559196801981759e-01
7.346195769837140510e-01
1.956030587426874634e-01
8.554985202853231385e-01
9.969716768327999690e-01
2.945810147355463759e-01
8.029885179270122020e-01
4.179979314148007941e-01
3.581967149830379005e-01
4.417931766016354733e-01
3.526350260950697479e-01
4.952684567011702010e-01
1.000000000000000000e+00
2.480126061884341260e-01
4.034965693564544487e-01
3.695016396079994214e-01
2.629122300221936603e-01
5.526792532375851552e-01
1.000000000000000000e+00
6.101225974614109537e-01
9.096415288799513110e-01
5.475220960240335666e-01
2.894883410510719068e-01
9.309803760799419958e-01
4.699985290234263702e-01
5.636484023930481424e-01
4.251043204148921006e-01
3.269005328809124200e-01
9.238734812523907713e-01
3.457480907234954381e-01
6.194329975538624966e-01
9.373870109121352767e-01
4.199134801701784325e-01
4.101390015441303549e-01
3.785276615705678305e-01
3.552230705226352980e-01
1.000000000000000000e+00
4.630054081373458641e-01
3.317370935811452259e-01
8.217150180839675189e-01
8.400217098123826664e-01
1.954554460939803562e-01
5.597669497793498206e-01
7.525855165826608184e-01
3.896876487994089810e-01
8.113643075992026388e-01
6.576495396319332887e-01
8.239835307146365917e-01
4.013396286307234773e-01
7.569912139193712974e-01
5.720307932317053590e-01
2.559122233056131956e-01
1.000000000000000000e+00
2.791057223497182549e-01
3.897756609650636084e-01
4.564353143806955670e-01
6.692549603329891461e-01
7.657603837027175953e-01
4.879912527978219061e-01
8.998593361324784823e-01
3.559753167064338419e-01
4.919129160754792118e-01
5.365607456304399836e-01
4.610513724036308103e-01
3.122106261493025614e-01
4.346009360780853648e-01
4.718953506686447419e-01
2.444962184115438142e-01
8.684657286083679040e-01
6.194437159849633945e-01
5.633094271065740566e-01
6.362446498566040054e-01
9.265606904691904289e-01
9.023134212216147310e-01
5.543736162103188869e-01
4.953999339144758429e-01
6.216048025469743665e-01
9.524604149961756194e-01
1.000000000000000000e+00
7.129756769277093564e-01
9.061953641510127611e-01
6.119611548352217323e-01
4.184402435068919623e-01
2.992967048575352340e-01
5.682162167278762555e-01
4.921353061284822195e-01
5.594039286739288519e-01
7.589813926677017042e-01
8.810375467555123796e-01
3.847183081496744483e-01
6.272859120721694381e-01
6.460024569299940289e-01
4.258900709344309310e-01
9.836848280589238769e-01
2.738249661380747768e-01
4.660971229074574174e-01
2.933632813438043496e-01
6.436123902980449563e-01
1.000000000000000000e+00
2.957699125998858314e-01
6.157888551380340525e-01
3.367857910093378648e-01
8.825749597870978791e-01
5.769711464914162313e-01
8.690443940881060758e-01
6.172290554215967839e-01
9.179861490169964888e-01
3.647074575076069691e-01
6.017972107673864590e-01
3.464876532901329798e-01
9.193200526331274380e-01
7.324071019043414399e-01
1.000000000000000000e+00
4.238555154042171202e-01
1.967915281021354879e-01
4.906375552287995379e-01
6.499721408534461231e-01
1.000000000000000000e+00
1.000000000000000000e+00
6.187174046378408621e-01
6.508429393738121016e-01
4.663165219051071397e-01
9.128624674201768485e-01
4.321473269975775189e-01
5.593483908277011585e-01
5.254018950465950688e-01
5.911862849357935046e-01
7.079063695076053264e-01
8.554302505015675129e-01
7.381422720849526442e-01
7.185499294320500940e-01
6.061549884572111635e-01
5.810498573151089419e-01
2.047086809999661416e-01
6.123183929458988484e-01
1.000000000000000000e+00
1.000000000000000000e+00
1.000000000000000000e+00
6.517886286809225771e-01
6.414964680082017034e-01
4.608550357841674217e-01
2.504022169924116081e-01
4.152578489666310380e-01
9.433196239560499574e-01
6.343817036967718259e-01
8.840348837178433339e-01
9.445572863026309163e-01
4.295816950306594051e-01
7.918322506199414468e-01
7.950560067353635851e-01
6.484766668797539158e-01
5.834022320577033627e-01
5.458350870643288166e-01
6.341061260963377633e-01
7.616977061571554852e-01
4.306413257429668184e-01
4.274306116460062643e-01
5.145586418274827878e-01
3.468353451246309338e-01
3.244600810708848093e-01
1.000000000000000000e+00
4.895487120506364365e-01
1.000000000000000000e+00
3.657458378136558830e-01
9.126695721101442116e-01
3.136760374188087286e-01
4.413683014108859548e-01
4.643963696375871808e-01
7.045802269599503731e-01
4.822731942930671423e-01
1.000000000000000000e+00
4.424748671515269516e-01
6.066823602403116356e-01
8.119366051657546102e-01
7.601046840061321808e-01
3.222332498270526480e-01
6.299477838519100814e-01
2.694708587209520001e-01
2.801010265714695135e-01
3.754032637722561905e-01
5.221929844797081888e-01
