6.055933057152012022e-01
9.140577258640560920e-01
6.363061097462840987e-02
9.542665873980339386e-01
-2.959286008885636532e-01
5.960686477676681028e-01
5.733353147517277204e-01
-6.080462971321414223e-01
8.585780491057938280e-01
6.461864708208640007e-01
-1.000000000000000000e+00
4.199236416423383633e-01
5.345277380065696082e-01
8.880292936758805711e-01
6.976235941015669351e-01
-3.357402331094997416e-01
-7.509713267446584961e-01
1.000000000000000000e+00
-9.481001995705152785e-01
-2.870691606444200072e-01
-3.122693450959662664e-01
-7.598355928149751470e-01
-6.654266772034463928e-01
2.590412020100212875e-01
1.000000000000000000e+00
-9.209690877499059347e-01
4.682348673588749843e-01
9.921794122798901494e-01
-1.000000000000000000e+00
3.965299760206096313e-01
-3.331919167056341391e-01
9.950700871916112744e-01
3.793395342019315608e-01
-9.875262050896747024e-01
8.693255496095634305e-01
1.000000000000000000e+00
6.418948128801441055e-02
-5.234566078253882759e-01
-1.000000000000000000e+00
-2.501800562369769776e-01
-4.695058657065384056e-01
1.456924814599077356e-01
-1.314290965662551214e-01
-5.190159772381890413e-01
-1.171158328342004618e-01
-5.645219666776732370e-02
-1.000000000000000000e+00
8.032503338273034865e-01
1.000000000000000000e+00
7.208747290197392577e-01
-1.000000000000000000e+00
6.040566295395589647e-01
-4.239840786418437313e-01
-1.000000000000000000e+00
-2.950949805715212260e-01
-6.737596743348819306e-01
1.000000000000000000e+00
-1.000000000000000000e+00
3.028623795801604901e-01
3.982279589261261687e-01
9.990633644356579357e-02
4.702505089298855689e-01
-8.317990915554429598e-01
7.768738730963165029e-01
-1.000000000000000000e+00
-8.046185714751590279e-01
-5.567008212242070542e-01
8.517352967167233224e-01
1.000000000000000000e+00
-6.063804609516917354e-01
1.000000000000000000e+00
-1.000000000000000000e+00
-1.000000000000000000e+00
-4.488492049446992094e-01
5.297892001831201458e-01
-7.063638825718672187e-01
-2.096420441317484173e-03
2.336750318888664579e-01
-1.000000000000000000e+00
-1.918428901274478182e-01
-1.169133840136771796e-01
-2.174109996581714555e-01
2.853674064021000101e-01
-1.000000000000000000e+00
1.000000000000000000e+00
-7.733073615033618786e-01
-1.000000000000000000e+00
-4.855953739646455825e-01
-1.000000000000000000e+00
2.253774623903792018e-01
-8.125035198109558099e-01
9.756188630216691138e-01
-1.000000000000000000e+00
5.664575379439632519e-01
-1.359469887198239135e-02
-9.410774976985274431e-01
-8.444530025936669571e-02
3.633493224904103536e-01
9.441376143225386208e-01
1.672312235823318338e-01
1.000000000000000000e+00
1.000000000000000000e+00
1.000000000000000000e+00
6.038765682282958291e-01
2.400078659095467026e-01
4.541538821619083288e-01
8.222184699833912092e-01
6.674973618554727040e-01
-8.851014470439365622e-01
-9.320696665308955131e-01
1.000000000000000000e+00
1.000000000000000000e+00
-1.000000000000000000e+00
-6.333427322943605553e-01
-1.894696345965607431e-01
8.262811224805899357e-01
-3.332364265851685547e-01
2.972001341477190639e-01
2.707296742039277948e-01
-1.000000000000000000e+00
1.361219758561792448e-01
2.090508406082483284e-01
9.324438868564630667e-01
1.000000000000000000e+00
-6.317760061527546434e-01
5.966506252833334578e-01
-2.122391866366982183e-01
-1.578250049654091325e-01
-1.000000000000000000e+00
-9.276334646041577425e-01
-8.330477064182507663e-01
1.000000000000000000e+00
1.712480655370821336e-01
-2.378494302566809548e-01
1.340822707771622824e-01
4.143229656502954716e-01
7.292837781986433177e-01
-2.753944917786437241e-01
-7.532402799653601377e-01
6.864900109355414060e-01
2.215929168448297348e-01
1.191703886866214701e-01
2.553838612804881780e-01
-6.311510129626601850e-02
7.215595688938734042e-01
7.665540729845049528e-02
-1.000000000000000000e+00
8.501264843329978671e-01
9.020235025326647227e-01
-8.147251599996530036e-01
-7.458266406000567672e-01
-9.641033044503033445e-02
1.881281882191258026e-01
-2.073510277719104733e-01
-5.221100798630212703e-01
1.243334159316563797e-01
-3.656948251902104596e-01
1.364410961049139503e-02
9.396688823927309975e-02
-1.000000000000000000e+00
1.000000000000000000e+00
8.826313879744750457e-01
-6.987736636339199059e-01
-4.900835095982515877e-01
2.274740222255005051e-01
-2.772108382912090718e-01
8.457316176569051880e-02
7.155230665882441610e-01
1.000000000000000000e+00
-1.000000000000000000e+00
-3.141959470501967111e-01
-4.461841806554128764e-01
6.231498455860731145e-01
1.000000000000000000e+00
1.316201427710450567e-01
-1.928942177767274391e-01
-6.026843215360557782e-01
-1.000000000000000000e+00
3.926749740110542231e-01
1.189918061770883217e-01
-7.793652793574407101e-02
-9.655378381528255671e-01
9.540159738454779825e-01
1.000000000000000000e+00
1.000000000000000000e+00
-1.000000000000000000e+00
1.000000000000000000e+00
-1.059750241784543912e-01
1.000000000000000000e+00
1.000000000000000000e+00
-3.943292821312407992e-01
-7.474014420815806581e-01
9.968096298336576178e-01
6.225629675507990957e-01
-1.000000000000000000e+00
7.065477617439073210e-01
-2.562341048481923123e-01
-5.989932322703668266e-01
2.324026474295943778e-01
-1.000000000000000000e+00
6.046402606018548287e-01
-8.293053131498777653e-01
7.743232475925142522e-01
7.943813123124794373e-01
1.000000000000000000e+00
5.527168963510944444e-01
1.000000000000000000e+00
7.763187634804362691e-01
-1.000000000000000000e+00
-2.199780540376535809e-01
-6.073517399309535936e-01
8.467596790586606748e-01
1.000000000000000000e+00
3.493340671724423641e-01
-9.273686970543204566e-01
5.627139287086807551e-01
4.064501389989979563e-01
6.177580881454660666e-01
2.242405725049175791e-01
-5.032163073952838905e-01
-8.673570119509574905e-01
-9.807365437795534380e-01
7.826795810104090201e-01
2.419262338316925387e-01
-1.000000000000000000e+00
1.000000000000000000e+00
-4.394528882290385519e-01
3.566177898207765207e-01
6.617033809178581860e-01
3.724169362951423867e-02
-1.000000000000000000e+00
-3.834904158607528868e-01
1.000000000000000000e+00
-3.764440922840214254e-01
1.000000000000000000e+00
-7.640133479789297244e-01
1.000000000000000000e+00
1.000000000000000000e+00
-1.000000000000000000e+00
7.339987028762752219e-01
-8.825869186359076579e-01
-7.141232765029017493e-01
1.000000000000000000e+00
6.865616510546490581e-01
-1.000000000000000000e+00
-7.469745054455791955e-01
6.104504970903468219e-01
-6.404144027236947645e-01
-1.000000000000000000e+00
-1.000000000000000000e+00
7.834961963540547636e-01
-1.000000000000000000e+00
-3.748848803394841944e-01
1.000000000000000000e+00
1.000000000000000000e+00
6.395841764644416561e-02
-1.000000000000000000e+00
7.523435249103445077e-01
-6.230795661422832143e-01
6.245777845345948931e-01
-7.818745055693016033e-01
4.085987881846562253e-01
1.000000000000000000e+00
3.808539132929381066e-01
2.278033814620923636e-01
1.357611621213276332e-01
3.526334632503015376e-01
5.588336737583908809e-01
1.716483867218258907e-01
5.465526081304945549e-01
2.386708345196872638e-01
2.409675755795090968e-01
7.864082311434436035e-01
2.773942713770137236e-01
2.202973374365685966e-01
5.816054943928272714e-01
7.724677878735878300e-01
1.104264049121886776e-01
6.942534904487069891e-01
2.471638849211212352e-01
5.039070105754844819e-01
1.979452850372119266e-01
2.378076012326983679e-01
6.623727950400712938e-01
1.911428085979625380e-01
3.899286413568349707e-01
7.269632127942560196e-01
4.014375633283029932e-01
4.131903133561996011e-01
6.112696099660019922e-01
6.930091091297158057e-01
4.171659122511435225e-01
1.000000000000000000e+00
3.500687258016897396e-01
4.154780836549078482e-01
1.171887593541012379e-01
6.868551640832631922e-01
1.221373117605263348e-01
1.795653477052739921e-01
8.575982902092628146e-01
3.683977938040860489e-01
2.247948628807851790e-01
4.349496311877834032e-01
3.817202312634691008e-01
5.059758913366161348e-01
8.510253975285473338e-01
7.498587286873452662e-01
1.510237271194933562e-01
4.934797466296408919e-01
2.317174112784530782e-01
2.494977403574759889e-01
3.054717452339853478e-01
3.930415352377199523e-01
8.665204184445546298e-01
4.964755292526961128e-01
5.671157242819904187e-01
1.615869019749470170e-01
1.910084225748437670e-01
3.042156613900083850e-01
1.945297785251549616e-01
5.963291287191485601e-01
2.742116532705224374e-01
4.248770181588693573e-01
1.000000000000000000e+00
1.804146911858905133e-01
2.656620077994139018e-01
2.260170197826716076e-01
4.980370676272793951e-01
2.764896984662097434e-01
8.298111140941228925e-01
2.113943770301067449e-01
5.915063317069976234e-01
2.116211146138469168e-01
2.239332810157120823e-01
2.614766771195074502e-01
8.109032961516052795e-01
6.320161038452989377e-01
1.000000000000000000e+00
1.345711890970562319e-01
1.675471897849880043e-01
3.173547044162203234e-01
1.666146385376223449e-01
5.246404899547162382e-01
9.544987490928459328e-01
6.661798814677922786e-01
9.446885940413437543e-01
2.298098922940491062e-01
3.722681142794282416e-01
2.771571607596146625e-01
3.075899080381826467e-01
8.654898776760632240e-01
4.374713917954760056e-01
2.135132159051371381e-01
1.607887260000366580e-01
2.594678106831414532e-01
2.401098892088403547e-01
1.719720536650818643e-01
4.205179531751177535e-01
8.288751395272220268e-01
6.277773697624163818e-01
3.444032800363246993e-01
3.127011555067025772e-01
3.949444550133127674e-01
9.911268859142410848e-02
7.149754960326021314e-01
1.609688171033158144e-01
1.000000000000000000e+00
3.141475885080861619e-01
2.394631171557281002e-01
1.435254129496408293e-01
2.841986614978762593e-01
5.296147648079495562e-01
2.319182771339239335e-01
1.799848777880592721e-01
3.651008151378662414e-01
2.875173488160441826e-01
1.000000000000000000e+00
7.501210963642266361e-01
2.245338760560492697e-01
9.420808762083633381e-01
3.343281185619932927e-01
2.127713502625641628e-01
3.610508455045045584e-01
4.668214673529077485e-01
1.000000000000000000e+00
4.069145118717659715e-01
2.258946705949872735e-01
1.766827166245260039e-01
2.702805370448087552e-01
6.480892236258627426e-01
1.691722795330009854e-01
3.633922190118366036e-01
3.042594798666722333e-01
5.412714221030330286e-01
6.412629585489642015e-01
1.974314839203907268e-01
6.847608376074114656e-01
2.293825143714227910e-01
1.565231521968671879e-01
7.321016506448928540e-01
7.928598941692194257e-01
2.239872496158573090e-01
3.727214535976658971e-01
2.534764092518684286e-01
2.739318302831758589e-01
2.421686286150322720e-01
2.610296506253866333e-01
4.044175291159970431e-01
5.086342550468982981e-01
5.541779408229596804e-01
5.008555071251493684e-01
8.174106315191062011e-01
4.052950272380176355e-01
1.000000000000000000e+00
4.332091732765721570e-01
3.062486049136296518e-01
3.888743864465787903e-01
4.355164633092167836e-01
1.498353076127105221e-01
5.994956658195983445e-01
1.799170990397451486e-01
5.523418481775088651e-01
5.249250394618617532e-01
2.823071354625028562e-01
6.460578927371762870e-01
2.360595776102105692e-01
1.472357119766293243e-01
3.088917258375846742e-01
1.719716188904741316e-01
3.589360191578449544e-01
6.504769898763430591e-01
3.539150182114803589e-01
9.741384656931660890e-01
3.448307523837971234e-01
6.408381912392849822e-01
7.993941848729889665e-01
3.969365636260929753e-01
1.785312889367649258e-01
2.162946296796997847e-01
8.169293242911221942e-01
3.009002998412651508e-01
4.568019587143836158e-01
8.642139721238879524e-01
1.573346064668323385e-01
7.841027698531818357e-01
2.471725474185631211e-01
1.707109937939886857e-01
2.152190362727095518e-01
1.000000000000000000e+00
4.764982160493610452e-01
4.575195251554225462e-01
7.296888230138427467e-01
4.354403324252864027e-01
2.401912065073054658e-01
3.846934246374085764e-01
2.688164926261709664e-01
8.303348695206936858e-01
2.521760398490187627e-01
1.995875863168130593e-01
9.914059210563671565e-01
8.193823242484220559e-01
8.016658981256401528e-01
3.934311804169545734e-01
3.104122148737232800e-01
3.262754441858852772e-01
5.254082167799380976e-01
7.531798134089089380e-01
2.218092763263618816e-01
4.648016086040535622e-01
7.722913862129143769e-01
3.032198111699224707e-01
1.000000000000000000e+00
3.963744338701799541e-01
7.695435843773607010e-01
1.802619423636607765e-01
6.920782026495596595e-01
5.500688193165426121e-01
3.592258519604403788e-01
3.985548734676880867e-01
8.667965672894585305e-01
4.429422649454296534e-01
4.245298424054962938e-01
4.280513877574986248e-01
8.147871711623423385e-01
5.406200308787895148e-01
9.315672091186331105e-01
3.729866603332741004e-01
1.851066760912171427e-01
1.044394373657163838e-01
8.527186998177426203e-01
3.628011879275884199e-01
3.549782429398646300e-01
3.149825507506733291e-01
3.919962240218517469e-01
9.414051523830805346e-01
3.827796629710425447e-01
1.276615841456955891e-01
2.876288463563306252e-01
7.879252529870491850e-01
3.750135590795531937e-01
2.607878576414191518e-01
3.696928518756949500e-01
1.000000000000000000e+00
9.477926174998518860e-01
8.444900801551041836e-01
4.982694549570235720e-01
5.928472886124108721e-01
4.428429686976168567e-01
2.851976559022550983e-01
6.734465393572943714e-01
2.970065496403285210e-01
2.562038299185023793e-01
2.334337729713640008e-01
9.579777220532678106e-01
4.814043865204680750e-01
9.133119295334727328e-01
6.512777664675254430e-01
4.801188710219957967e-01
6.939625696056876958e-01
9.627864775600902814e-01
4.371942886129765449e-01
4.238333498357975682e-01
5.231418113531327574e-01
7.962109934306080827e-01
1.875504527610483974e-01
5.080716542797814039e-01
1.915031728042132508e-01
4.203437982430651143e-01
3.970212461284426952e-01
2.077432923314742330e-01
