5.582679235087386616e-01
2.929588254347949561e-01
7.906846031883846271e-02
-1.437361586743365338e-01
3.843162471175182171e-02
6.556514461751685729e-01
-6.781744428637643818e-01
9.807425428612850382e-01
-5.910385978717139777e-01
-2.508778893445131608e-01
-7.453978156223478591e-01
-5.863215736258009514e-02
7.235608442496050952e-01
1.287872824650774517e-01
7.575030497734668022e-02
-1.000000000000000000e+00
9.307439820986169732e-01
1.000000000000000000e+00
-1.013685158100790518e-01
-1.000000000000000000e+00
1.000000000000000000e+00
-1.000000000000000000e+00
3.107876060792298389e-01
1.000000000000000000e+00
-1.554065308763890041e-01
7.832235175530903870e-01
5.566585830167243287e-01
7.546286736096544656e-01
2.756476111384880689e-01
-1.000000000000000000e+00
-3.369636818122969113e-01
6.756269913832885221e-01
1.382347120658852235e-01
8.669913341838145215e-02
1.000000000000000000e+00
1.000000000000000000e+00
-7.417623351517907970e-01
2.953983824268868186e-01
-1.592268560409440536e-01
1.314744292707548112e-01
-7.383896430335830097e-01
9.817840140699247709e-01
-5.563519422092273459e-01
7.913244757625210735e-01
-7.014622213651909854e-01
-2.235916575174116683e-01
-9.964391811126044329e-02
-8.542174550369524555e-01
3.807907422454135937e-01
-1.000000000000000000e+00
6.343757025532722471e-01
-4.301813204424924653e-01
2.869874748601451975e-01
-9.365664832825287833e-01
7.382234550663684391e-01
-3.766814474681017266e-01
8.392655481132555995e-01
8.807887616927756458e-01
-8.893583869556122012e-01
-3.037138791939375526e-02
1.000000000000000000e+00
-8.820604176571462673e-01
8.227335790020655626e-01
-7.368925520244601346e-02
5.592540355749798797e-01
-3.604087721631573094e-01
1.000000000000000000e+00
-1.258502288432549465e-01
-6.952488970197009399e-01
1.439323704162220885e-02
-9.164590778621947154e-01
2.597977521249822397e-02
-8.208896625824706472e-01
-8.989638579334543467e-01
-5.147562821111932863e-01
-1.000000000000000000e+00
-1.000000000000000000e+00
4.063986348419169614e-01
-3.482567603228322040e-01
-2.057944196439487339e-02
4.131234522996232728e-01
9.626817132010180578e-02
-1.000000000000000000e+00
-2.892818154836667155e-01
1.000000000000000000e+00
-4.981753272503445795e-01
-1.087135767524976815e-01
2.020702952206118175e-01
2.446165263567721126e-01
9.058113739100669415e-01
1.000000000000000000e+00
-9.900985215977790022e-01
1.000000000000000000e+00
-1.310885307146993362e-01
-2.906634321810232513e-01
7.306041757219654542e-01
-9.629364515066758390e-01
1.000000000000000000e+00
-5.168040619136029523e-01
-9.996790552918759509e-01
-5.032676894640261134e-01
4.189074123092985658e-01
1.900916447614715288e-01
-6.444714686012920080e-01
4.342612067589699532e-01
-1.000000000000000000e+00
7.627105976102174223e-01
7.111591709173963327e-01
-1.000000000000000000e+00
-7.756085929265703616e-01
-7.599153887413329089e-02
1.000000000000000000e+00
-8.014520639541405922e-02
3.219332074832135238e-01
1.000000000000000000e+00
9.643204204736127716e-01
-7.445467620472012715e-01
-9.531099837545001785e-01
5.906132319189703050e-01
9.696210162282420386e-03
-1.000000000000000000e+00
-3.944060265936407683e-01
1.000000000000000000e+00
1.000000000000000000e+00
5.922972785184230093e-02
6.774998179724975866e-01
-2.028974214422409050e-01
-7.253926765333239546e-01
-4.960039693323199383e-01
-1.051778023090175207e-01
-9.057541597542132505e-01
-8.034296876392817977e-01
1.000000000000000000e+00
6.923647868541817907e-01
2.143799401902779789e-01
1.724364788777514867e-01
7.313965367972435905e-02
1.000000000000000000e+00
3.328546123965583359e-01
-9.228864902309905638e-01
8.070797826881122017e-01
4.994335236683085655e-01
6.488287985084945086e-01
5.194540528494763221e-01
5.033215631184566607e-01
1.000000000000000000e+00
-8.025126781544387189e-01
-9.765028601604524017e-01
2.198033499237413702e-01
-1.000000000000000000e+00
4.515715285974197801e-02
6.142108862826497484e-01
-6.320127786241865886e-01
6.211486097568346132e-01
-5.033308056472003411e-01
1.000000000000000000e+00
2.206270697866967445e-01
5.331739236546877425e-01
-6.836507033688313806e-01
1.000000000000000000e+00
4.357503754762622750e-01
-2.671580611287170393e-01
6.714490894099740537e-01
-1.000000000000000000e+00
-5.287123866036917974e-01
-3.975450683072179192e-01
-8.440420431621953323e-01
4.157089138007173945e-01
-7.133049106407141071e-01
-6.333416448061433002e-01
-1.958233129982247522e-01
-4.376956553484490087e-02
-6.743091007645070079e-01
7.146094708055001909e-01
8.767478803994752656e-01
-4.371744754402436817e-01
5.882915898291177781e-01
-4.154286880722561914e-01
-1.000000000000000000e+00
-3.556527234129349679e-01
1.000000000000000000e+00
1.000000000000000000e+00
-4.608470447016795868e-01
-5.344366619780429595e-01
1.000000000000000000e+00
3.354885529333714311e-01
2.514679307754620896e-01
6.040146722003026936e-01
2.916702689905114054e-01
5.909971107340372676e-02
-1.000000000000000000e+00
7.771861582273650870e-02
-8.658836225856706426e-01
2.502596681466245920e-02
-7.248158782670708344e-01
-5.644436324351078671e-01
-6.568930701241675330e-01
-1.000000000000000000e+00
3.940618961178359303e-01
-5.577275040962110797e-01
5.783991000103403390e-01
1.531887551112820767e-01
2.391937135096170730e-01
-1.732970162116862500e-01
-5.756263237291076029e-01
2.155078724760610687e-01
-9.239438991560644521e-02
1.029323202607107524e-01
-1.000000000000000000e+00
8.062252091764972040e-01
-6.797571604574431658e-01
1.789838644859387540e-01
-1.000000000000000000e+00
1.000000000000000000e+00
4.539286096195833259e-02
-2.462232341342927011e-01
-6.207910187715489636e-01
5.959140095958523897e-01
-4.531382647629842997e-01
-2.412119737309226797e-01
3.002268083349717842e-01
-9.540657392853914009e-01
3.455932135822443185e-01
6.865617211582891732e-01
-2.869705402101688785e-01
-2.082919698500128036e-01
2.025461908738395156e-01
-3.937112824423890656e-01
1.000000000000000000e+00
3.221012344985030307e-01
-1.000000000000000000e+00
9.716236895785046457e-01
7.169288754640893435e-01
6.697920164027417744e-01
-3.831199446907951334e-01
-6.303146617254110629e-01
-1.000000000000000000e+00
-3.172780851128939594e-01
-5.172081290788621555e-01
6.067326009101509099e-02
-8.367562523892081439e-01
1.877649502681344451e-02
1.000000000000000000e+00
-9.258044562141132250e-01
-1.198898432150984211e-01
1.384043345391087199e-01
2.472008730985000846e-02
8.460097830167601085e-01
-4.406252829567026685e-01
1.000000000000000000e+00
-5.078974121889705540e-01
-3.796687864953418590e-02
8.037450318384778969e-01
-1.000000000000000000e+00
2.153567049068674799e-01
7.542585515222300918e-01
-1.000000000000000000e+00
6.383113039296581803e-01
4.888534069892693790e-01
-1.138072563133661480e-01
-1.478860244593664941e-01
-9.077431180585523451e-01
8.685723865603025562e-01
-5.557853608158644931e-01
-2.788966176972278443e-01
2.506961083816960922e-01
2.532209990797897325e-01
1.644456218261566294e-01
4.475767574062011200e-01
4.520046242530383895e-01
2.452138988868367564e-01
3.650167259776991857e-01
1.221245453601958880e-01
1.870966794180063952e-01
9.059958760764682539e-01
3.260931636444728832e-01
3.722755930048761153e-01
2.318408049801619075e-01
7.720753447645998246e-01
4.788209436809203190e-01
6.174567010576319515e-01
3.425558192952242731e-01
6.090049601377768296e-01
3.036765162048261080e-01
9.520081397559435610e-01
6.536473681089836063e-01
3.235178731117705486e-01
5.132310102863656409e-01
7.253401986712022520e-01
2.077193464938608680e-01
4.748356100607197816e-01
3.076447491866757811e-01
4.619619741685015990e-01
7.111989744940983016e-01
2.694612907551688918e-01
4.779419880066079207e-01
1.580496376412154902e-01
3.821909418821624049e-01
2.490801584793446710e-01
6.536071851362790230e-01
4.453315787821447436e-01
1.746676289365424184e-01
9.846921288382322057e-01
3.364079293271927118e-01
1.000000000000000000e+00
3.412755186060617563e-01
2.124069009613115677e-01
6.378476804315498239e-01
2.708987881286660238e-01
8.152845319521317968e-02
7.478482702323596687e-01
2.952570583134560001e-01
5.263225841027726615e-01
5.893269308861518452e-01
7.257614560607860144e-01
3.308486692514212568e-01
3.104192708028126191e-01
4.317967716164227143e-01
7.558517551409541513e-01
4.811847731888999613e-01
1.000000000000000000e+00
1.450212136720066269e-01
9.347301834452538261e-01
7.594585256461555689e-01
6.663893107895730861e-01
4.882958577579911696e-01
4.300910407215890463e-01
5.197521840832451945e-01
2.426025938800729087e-01
8.820242859261855362e-01
4.653346668073359282e-01
2.795302157364724094e-01
1.231386569345800375e-01
4.858331146284246560e-01
5.829607751006722349e-01
9.867126527127242919e-02
1.926535975341110152e-01
4.424373707498956421e-01
5.118529130455111709e-01
1.759358875709393089e-01
6.699959824843402245e-01
9.785203606328691794e-01
7.659466589447229135e-01
4.759389367615954325e-01
3.240806268278339508e-01
4.684305459018898721e-01
5.246126568567306414e-01
3.753076019469547830e-01
2.480618073348419272e-01
3.142319188804783558e-01
4.523133377577296388e-01
2.799985609157885635e-01
1.920933543173418134e-01
3.072685384503768269e-01
4.684561422276335985e-01
9.030042730877858581e-01
5.344729772270043755e-01
7.222603045774429464e-01
7.279367475355899009e-01
5.617716453152230560e-01
8.092318366486987991e-01
9.135482196445295078e-02
1.000000000000000000e+00
6.456508011601161945e-01
3.134005119948249929e-01
3.888179101901383383e-01
1.000000000000000000e+00
1.445981536034789683e-01
7.135988241279177524e-01
7.131373514068457542e-01
7.554752098993668952e-01
4.357750603000395406e-01
3.433814071549207148e-01
2.515957758562615831e-01
5.883883723915561692e-01
8.023559513351701256e-01
8.402491724374220317e-01
5.901079618463426213e-01
7.696683159604273960e-01
4.371065130190102677e-01
3.891271126270816061e-01
3.327098163003437414e-01
3.315354023135973494e-01
5.016695040167685749e-01
5.201132945304114408e-01
4.321199898284228125e-01
5.766032402065364160e-01
8.201079845860154149e-01
6.179784368640879322e-01
3.951977912988479669e-01
2.756997117400868946e-01
3.913073412764687675e-01
4.820864851954714814e-01
2.534073657957707226e-01
7.672257969103039033e-01
3.057994719490781388e-01
3.095634769297465616e-01
9.287441677215861890e-01
4.332921875144457036e-01
6.234632585818932204e-01
3.348286975268220389e-01
8.493532728770329665e-02
6.889174040805785826e-02
2.348682273507301244e-01
1.360837090689384077e-01
3.212279706240948607e-01
7.631947449362960212e-01
3.918197787117394526e-01
3.885582405574224962e-01
3.222462432186004033e-01
2.890161732710380127e-01
2.165900771907894040e-01
9.794846493845529301e-01
2.107303670457895683e-01
6.538001512992490660e-01
5.712747514159998152e-01
7.469491989816077204e-01
6.598276807875066430e-01
1.189398379826448054e-01
6.690475685815022722e-01
5.890146314512584302e-01
2.934015401148844515e-01
2.171667726226628459e-01
5.742637758855667629e-01
4.362130091294040835e-01
1.724971487404858561e-01
6.279765082890121919e-01
2.415936432070549811e-01
6.892776902146974249e-01
4.068372529976311269e-01
5.046560128024283332e-01
4.880155368183680120e-01
3.351201442440093214e-01
2.820223644631829063e-01
1.644113243605630215e-01
1.000000000000000000e+00
6.727278019449607349e-01
2.281977101970890931e-01
1.506004109673859115e-01
7.886220484032775424e-01
3.387754870151715170e-01
3.124782401929215858e-01
2.777394032940821433e-01
4.883126707407772771e-01
5.750720483728839483e-01
8.378341021522308640e-01
3.941221187675930104e-01
1.000000000000000000e+00
6.903923502281166247e-01
8.635309713377992136e-01
1.000000000000000000e+00
4.250929978741973536e-01
3.914715584224804368e-01
4.416463326402365608e-01
2.458642118163810730e-01
8.100918651690367511e-01
4.014295393252736432e-01
5.916265497608274027e-01
8.289106496836752269e-01
5.291078842741371302e-01
7.647640304694292013e-01
9.386661918302151575e-01
4.933099825958100482e-01
1.000000000000000000e+00
4.887710009648849052e-01
6.478087012975011216e-01
2.620873097948464570e-01
5.743361275255135512e-01
2.641812403547104116e-01
3.632930413686313864e-01
7.118867425383572645e-01
5.116156587139321088e-01
4.426422533229160128e-01
7.136571647398027851e-01
2.676629063006252807e-01
3.203835224569908657e-01
2.730039350603506998e-01
5.125767620201040486e-01
1.717180253674866486e-01
7.865319734359494941e-01
9.110931417319412251e-01
1.485210068349857582e-01
3.635013057099415468e-01
3.386145007296187392e-01
2.979252557790888489e-01
3.815261916898813332e-01
2.675884852882899900e-01
2.491258093780084615e-01
6.996184860384282445e-01
7.306436514631788892e-01
3.491021771986334010e-01
3.148981142840749370e-01
3.575013023873432338e-01
5.178915746771715067e-01
8.592376433166371008e-01
7.578295432826157585e-01
1.614020462346247020e-01
3.591703834891012970e-01
2.614890365291973606e-01
2.867484772846997099e-01
4.726703435407137999e-01
6.881795457378864223e-01
1.838748107866997883e-01
8.446601191396042596e-01
5.082818720664447065e-01
5.073944968739823036e-01
5.817295088707407080e-01
3.296596049444300847e-01
4.839695996451796045e-01
4.763153901786679745e-01
7.556985282161954309e-01
2.902640039811143491e-01
3.444466542727888658e-01
2.508759447666759623e-01
3.355834474402306089e-01
6.740839495137562754e-01
6.951028957996172597e-01
4.349657938778628274e-01
5.497394126670510639e-01
1.000000000000000000e+00
2.218273598910301125e-01
4.144238846512334762e-01
4.494425312783437709e-01
6.008581938534957034e-01
2.642354400700529515e-01
5.311791396109384333e-01
6.648487593652485650e-01
3.890051065049742185e-01
2.036068279337413245e-01
1.583793565207726461e-01
