-9.947691072097314402e-01
9.511570787227473511e-01
9.226121715396983225e-01
-1.000000000000000000e+00
-1.000000000000000000e+00
9.621739638171500353e-01
-9.820217705929275009e-01
-8.720355585691135225e-01
-9.627136924979271537e-01
9.230842226353184188e-01
-8.409995792605475806e-01
9.530931763412640034e-01
1.000000000000000000e+00
8.847659015024655904e-01
-1.000000000000000000e+00
1.000000000000000000e+00
-8.238347393677724062e-01
-1.000000000000000000e+00
-9.775080636812374379e-01
-1.000000000000000000e+00
9.961750404141448412e-01
-9.097201392475074977e-01
8.326232816394198988e-01
1.000000000000000000e+00
8.884269690837037770e-01
-9.955788328911271412e-01
9.343012298437640695e-01
1.000000000000000000e+00
-1.000000000000000000e+00
-9.018356997845042855e-01
-1.000000000000000000e+00
1.000000000000000000e+00
-1.000000000000000000e+00
8.520585270081868501e-01
1.000000000000000000e+00
9.288405323843829109e-01
1.000000000000000000e+00
9.832456433730624168e-01
9.587705647080588811e-01
-1.000000000000000000e+00
-9.482514727515855002e-01
1.000000000000000000e+00
1.000000000000000000e+00
1.000000000000000000e+00
-7.439935822560301837e-01
8.401420642025327901e-01
9.043170605906595272e-01
9.979015206169230545e-01
1.000000000000000000e+00
-9.520126919946882982e-01
-8.540006333033810515e-01
-9.728970469918046815e-01
-1.000000000000000000e+00
-8.393338909033210005e-01
-1.000000000000000000e+00
1.000000000000000000e+00
1.000000000000000000e+00
8.756215735898166264e-01
1.000000000000000000e+00
1.000000000000000000e+00
-1.000000000000000000e+00
7.536536437368039909e-01
1.000000000000000000e+00
-9.950834865575550747e-01
8.445917475259099305e-01
-9.690001524877707162e-01
-1.000000000000000000e+00
-1.000000000000000000e+00
-1.000000000000000000e+00
-8.942714197784678021e-01
-1.000000000000000000e+00
1.000000000000000000e+00
-1.000000000000000000e+00
-1.000000000000000000e+00
-1.000000000000000000e+00
9.965677069258707110e-01
-9.344884553851529052e-01
1.000000000000000000e+00
-7.549136701934148208e-01
-9.327863278198991193e-01
-1.000000000000000000e+00
1.000000000000000000e+00
8.964349685549611868e-01
1.000000000000000000e+00
-9.802161857280546897e-01
-1.000000000000000000e+00
9.531934649401035964e-01
-7.752395561216203212e-01
-9.373666570162179079e-01
-9.448318240965997150e-01
1.000000000000000000e+00
1.000000000000000000e+00
9.355332314994349030e-01
-1.000000000000000000e+00
-9.430260102993700544e-01
-8.545599778948574921e-01
-8.602416906159280341e-01
9.374075589382565576e-01
-9.707621594670166054e-01
9.392044022372250112e-01
8.450587960696541723e-01
1.000000000000000000e+00
6.966882232467328517e-01
-1.000000000000000000e+00
7.368980419192836528e-01
1.000000000000000000e+00
1.000000000000000000e+00
-1.000000000000000000e+00
1.000000000000000000e+00
-1.000000000000000000e+00
9.355517017936541002e-01
1.000000000000000000e+00
7.633844867247886468e-01
-1.000000000000000000e+00
-9.127321638330370135e-01
-1.000000000000000000e+00
9.318700572163939322e-01
6.753188265851579608e-01
1.000000000000000000e+00
1.000000000000000000e+00
-1.000000000000000000e+00
-8.227198098701044016e-01
1.000000000000000000e+00
-9.455346685423932085e-01
1.000000000000000000e+00
-1.000000000000000000e+00
1.000000000000000000e+00
1.000000000000000000e+00
-9.828245337319811981e-01
9.886346874896985160e-01
7.692535324017758525e-01
1.000000000000000000e+00
-9.056676056426169463e-01
8.170664956384450228e-01
1.000000000000000000e+00
-9.785753328628458148e-01
9.258436700107162132e-01
1.000000000000000000e+00
-1.000000000000000000e+00
-1.000000000000000000e+00
9.565220915043448624e-01
-1.000000000000000000e+00
1.000000000000000000e+00
9.648145857496959188e-01
1.000000000000000000e+00
-8.995589371960011071e-01
-7.475259746794247206e-01
9.632149457762800848e-01
-9.088121113867740908e-01
-1.000000000000000000e+00
-7.131858763736276252e-01
1.000000000000000000e+00
-1.000000000000000000e+00
1.000000000000000000e+00
-9.791218626062762054e-01
-7.938413577033172075e-01
-9.356588409746537938e-01
-9.194295895161557208e-01
1.000000000000000000e+00
-8.968468711161662332e-01
-1.000000000000000000e+00
-9.169288268891523375e-01
1.000000000000000000e+00
-8.520159605379837853e-01
-1.000000000000000000e+00
7.290438506153966713e-01
-8.496270363232463207e-01
-7.846417668384091382e-01
8.221195428250896997e-01
1.000000000000000000e+00
-9.886712515439397553e-01
-9.037653604784436912e-01
-8.840136183760047839e-01
-1.000000000000000000e+00
1.000000000000000000e+00
-9.347874304012075974e-01
8.502985120653261397e-01
9.576797175701026177e-01
-8.961098927967308114e-01
-9.905155747389675636e-01
-9.768039233584934200e-01
-1.000000000000000000e+00
-8.104790406807328429e-01
7.635528457401572489e-01
1.000000000000000000e+00
1.000000000000000000e+00
1.000000000000000000e+00
-9.708821641853868645e-01
9.791847699917642922e-01
8.406897261196951687e-01
1.000000000000000000e+00
-1.000000000000000000e+00
1.000000000000000000e+00
9.082508356410473604e-01
-1.000000000000000000e+00
9.366133964036839066e-01
8.123541811848707939e-01
-1.000000000000000000e+00
-1.000000000000000000e+00
-1.000000000000000000e+00
8.606045848388592656e-01
9.962293483288404694e-01
-1.000000000000000000e+00
-8.614914857153623817e-01
1.000000000000000000e+00
-6.785053257329394238e-01
1.000000000000000000e+00
9.481457063444819200e-01
-1.000000000000000000e+00
8.617834389564321684e-01
9.452727565142832189e-01
-9.762312128719545790e-01
-1.000000000000000000e+00
1.000000000000000000e+00
-9.369167973492940060e-01
9.689272447080399253e-01
-1.000000000000000000e+00
7.931882007424055914e-01
-1.000000000000000000e+00
-8.149724512624948458e-01
-7.624047022725146672e-01
9.190809691167705076e-01
-7.769990929383390199e-01
-9.622005884963217293e-01
-9.115975004508389823e-01
-8.151158899933141910e-01
8.709646428398012397e-01
-1.000000000000000000e+00
1.000000000000000000e+00
-6.970677903009159238e-01
9.978206002768289506e-01
7.595251238180606990e-01
1.000000000000000000e+00
9.428328103536968152e-01
9.870420125746252049e-01
-9.998854714088779572e-01
7.432095387279218368e-01
9.285855990046228969e-01
1.000000000000000000e+00
1.000000000000000000e+00
8.416520409065687547e-01
-8.889731523786403855e-01
-9.531075986211501316e-01
1.000000000000000000e+00
-9.928321271113389468e-01
7.708301238087373886e-01
9.555923668353988321e-01
-1.000000000000000000e+00
-1.000000000000000000e+00
9.554767068991790735e-01
-1.000000000000000000e+00
7.653880177177643240e-01
-7.155358096638237964e-01
8.530585122227571926e-01
-1.000000000000000000e+00
-7.930198685294786998e-01
-9.277154888410615863e-01
-8.018033774444638384e-01
-8.769396021305682076e-01
-9.727597273675521183e-01
1.000000000000000000e+00
-1.000000000000000000e+00
-8.197514375356149685e-01
-8.390570911176389313e-01
-9.406446256859850585e-01
