1.401054262899733595e-02
2.218626146280791231e-02
1.744527510529053985e-02
1.559679051842570397e-03
-2.074307185259816749e-02
6.684916613024111456e-03
-2.521590049033165665e-02
5.804171053854496713e-03
-9.132996375879397916e-03
-1.244160533007374406e-02
-2.850264706078835947e-02
1.159130829695188547e-01
-1.392387984368614329e-01
-2.132873645531280227e-01
2.999783013466842396e-01
-2.462363198042485934e-02
-1.073338084765197570e-01
6.925439927038989918e-02
7.318259685694177008e-02
4.462251843966064668e-01
-3.743942857193717222e-01
-3.925230174425813762e-02
-2.187238524332062173e-02
2.815204515667736329e-01
3.860527603908522898e-02
-1.561228673504825859e-01
-1.980761617436451183e-01
-3.321030519123540636e-01
-1.159391169837860336e-01
-5.919952385462111388e-02
-4.288024616228922614e-01
-3.482469110491545061e-01
-5.795500067777668018e-01
1.372402821514819571e-01
-2.069793396396966967e-01
1.993771669592861451e-01
2.231200480277670262e-02
3.004618075212885930e-01
4.468710217842759569e-01
5.115677254097808491e-02
4.694946437992875143e-01
-5.362371139138174536e-01
5.108692500121615743e-02
2.741732511687273721e-01
7.685467114462171678e-02
-1.311153435181158233e-01
3.711068631536053597e-01
1.126409567497050207e-01
-2.125382220108135711e-01
-7.842547110679080891e-02
1.961626878221083004e-01
2.000145895962049392e-02
-1.243794814860107456e-01
1.920975503287507963e-02
-2.082269863867803605e-01
-3.266764119064192728e-01
-1.331461950032757358e-01
2.809526308413949902e-01
4.674399959535908700e-01
1.450987860387010775e-01
1.507603585562556914e-01
1.282347413733040120e-01
-5.149458452126836061e-01
-1.936185771719320936e-01
-4.571068208539992295e-01
8.298812240063910273e-02
-2.660613678218786138e-01
3.685416322555608304e-02
1.759576425596844351e-01
-5.883226959963572256e-02
-1.150432149444176877e-01
-4.457677906483215047e-01
-1.418656312658863605e-01
-3.554799091918161569e-01
1.358245962612063783e-02
-2.523232047131269140e-01
-2.271320438957628585e-01
7.558645190069054887e-02
-1.948633165939121503e-01
3.568362896724504019e-01
1.235534763895506927e-01
-1.282246217415059508e-01
-2.626860293135433455e-01
2.579263136017334590e-01
-1.686866379865063215e-01
2.011676940163162342e-01
-1.074530150416175417e-01
1.364058686571681944e-01
1.015194275442967212e-02
5.096179930963917748e-01
-1.840958559966680494e-02
4.332617856402081191e-01
-1.571569410383303333e-01
5.287386885354269372e-01
-6.670916893756249910e-02
-2.793920872635047847e-01
-4.175069197639826313e-01
-1.711289859903100119e-01
-2.385339963359529025e-01
-4.512079858643935210e-02
-1.527650540226382359e-01
3.165834082941078043e-01
4.676649941161065832e-02
1.176998591003250716e-01
4.271569502747073199e-02
-3.100368437288320012e-01
-1.750964939796048059e-01
-3.206471997400912877e-02
9.000635337705972794e-02
3.898896310956058153e-01
-1.085583125723602882e-01
1.831455259153852433e-01
-1.314997952291090122e-01
-1.962157137879834701e-01
1.149613978889354182e-01
3.512245972817127360e-01
6.659756023664562541e-01
-1.811875740959973391e-01
1.607830886770627091e-02
-1.494341902756544105e-01
2.191121763248688459e-01
-3.383661769532886332e-01
3.104528120420743109e-01
3.130817574959015026e-01
-6.767550000472524752e-02
3.254002181503053981e-01
3.994092636506909599e-01
2.092521105038777640e-01
-1.739699596790161285e-01
1.795605244296771472e-02
1.226216177895438214e-01
1.463279304543692316e-01
-2.683983805033268721e-01
-6.465043951766409787e-03
-2.141473064507818380e-01
-7.298925159834962484e-02
1.405073255121978559e-01
3.848276503506196239e-04
9.512086262296477746e-02
-3.126749563712332147e-01
3.439263468308368932e-01
-5.131746292939654008e-01
2.323295043311348063e-01
6.171134991050576668e-02
2.115583046722608884e-01
6.349239211495788515e-02
4.640365347173116412e-02
3.450826620390071153e-02
1.228778409945736720e-02
2.543468457208270528e-01
-6.156696923310539526e-02
-2.352582233717520066e-01
3.065540812976887963e-01
1.079866863674409372e-01
-1.289144779663636831e-01
4.004880957024912203e-01
-1.772535432611245243e-01
-1.329042581316721150e-01
-3.406261284198410302e-03
1.830923609348104608e-01
3.008262999902130419e-01
-2.401725397327984443e-02
-4.368936434862734711e-03
2.694731098293376981e-01
-1.413672602583797011e-01
-6.204982540334057217e-02
-1.483034982495026917e-02
-3.199610161004667885e-01
2.158060626812241534e-01
-2.576749444244022524e-01
-1.166008676821474188e-01
-8.664696988808412437e-02
-9.714522204673259331e-02
-6.474538670100388194e-02
-3.940110760822563840e-01
1.512930911702554115e-01
-1.814678205165461966e-01
-4.299987198709205316e-01
4.542959253338679781e-01
4.225096899077294965e-02
1.697175269878599679e-01
7.359565472822478249e-02
1.559593129649457510e-01
3.814202524682690498e-01
-9.590165885696270986e-03
4.690033618483728795e-01
1.332047410630926576e-01
-1.864513088546797259e-02
1.289348247615619281e-01
2.531059706750999894e-01
-3.203973667709248546e-02
-1.408067112060413240e-01
1.267419487324983329e-01
2.054286836978592157e-01
2.375440315978545325e-01
-1.859448386989157598e-01
-4.699040888298878782e-01
-2.379935177027721616e-01
-1.180385748472685403e-01
4.034618868245183620e-02
2.876317598426332556e-04
1.523708747936065033e-01
-2.056572246827418349e-01
-1.830843941522520280e-01
3.237766066394524855e-02
-5.695396002231800647e-01
1.187448798825110896e-01
-2.968848723064503869e-01
2.181897346612780286e-01
4.750433700211856847e-01
-5.944363135579634576e-03
-6.517054247390773126e-06
1.911748202577582406e-02
7.107767956913666439e-03
-1.377368610118047051e-02
2.166845204494823041e-02
-2.157797050719550414e-01
4.847160309945787171e-01
5.958544755003030158e-01
-2.133588798352953342e-01
4.494529649133646165e-01
-3.856212972257299088e-01
3.004460161825586728e-02
1.223871987418643226e-01
6.212332985767150539e-01
6.223408629978420814e-01
2.160024884212902174e-01
-5.987975994661229873e-01
1.852432991896781067e-02
-3.411250294038431496e-01
-8.751998505319680266e-01
-2.951776973961550699e-02
-2.414177623908605186e-01
-3.910526788564027134e-01
1.112955080434152311e-01
1.404085847918402907e-01
2.545492536096153890e-01
-7.168857173425191576e-01
1.182478268115860320e+00
2.720583062128041907e-01
8.343685460192009629e-01
-6.593463425165810854e-01
3.431272778708900351e-01
-3.062584546992848655e-01
4.016972063606527588e-01
-8.333389158572893640e-01
3.403580082534803097e-02
-2.721368061040873032e-01
-8.234164819748229780e-01
-3.166940200710139930e-01
-3.980099724695800312e-01
-3.740019532955959902e-02
-2.655200787313493072e-01
9.363713762649474026e-03
5.695824427976040050e-02
-9.618024375812292415e-02
-1.704612044612983587e-02
-4.061340744956519755e-01
4.311053574069587668e-01
-5.065529361111336115e-01
4.651587195767856731e-01
-6.647577160936053442e-01
7.934575912103187800e-01
-2.301177630005018376e-02
2.344546054646849953e-01
5.049825500354423458e-01
4.998780344276730347e-01
4.995196565928474164e-01
4.974356140796646342e-01
4.994750657049018550e-01
4.985186383972581847e-01
5.002478570458370744e-01
5.021824757381136983e-01
4.995617320750329604e-01
4.941896446875055360e-01
4.993122493623102232e-01
5.049546556165336320e-01
5.041696877909745966e-01
4.968211809905013210e-01
4.998324466267066724e-01
4.964573434165133747e-01
4.991676830499242601e-01
5.024787517505382439e-01
4.975342844348535909e-01
4.945988980548230995e-01
4.986414252496441102e-01
5.031335388090069083e-01
4.995391701277560603e-01
4.963075678174078131e-01
5.009716726154843647e-01
4.975108233875547015e-01
5.015358092088502140e-01
5.059737188874995351e-01
4.970506197412620231e-01
4.971917094644889290e-01
4.948039080099794207e-01
4.924675982978076738e-01
5.013582123565660797e-01
4.975972537012641750e-01
5.006621959573209768e-01
4.987176158141883309e-01
4.996515670944436938e-01
4.981167979862245465e-01
4.966936033724694277e-01
5.036151714923318146e-01
5.005854222360212047e-01
4.966457679466748099e-01
5.062374084847247602e-01
4.969073473034566479e-01
4.983735742519710965e-01
4.978378059366522779e-01
4.969951777455741682e-01
4.999809284540965848e-01
5.008036887142547355e-01
5.013665299148893917e-01
4.971808318192695864e-01
4.980471250010016782e-01
4.989248995067352976e-01
4.972973340552597765e-01
4.982193448229985111e-01
5.035340590530614779e-01
4.984120864860498434e-01
4.989507010139036525e-01
4.975598026392072937e-01
5.024582692031405173e-01
5.002111429316093982e-01
4.960146013877494431e-01
4.968683397400263657e-01
5.026978631975138612e-01
4.991691706862433908e-01
5.006205822676457196e-01
5.026582829562347143e-01
4.976971255439041064e-01
5.011747042712803024e-01
4.966487392766982256e-01
4.991336038711564616e-01
4.953923935212999896e-01
5.038308387052847781e-01
5.006864055258591906e-01
4.972429737963887098e-01
4.953667255788072876e-01
5.004351972944649507e-01
4.957501852753599669e-01
5.001132638524315999e-01
4.994640451821199534e-01
5.006204518833375916e-01
4.985783139070686931e-01
5.033352109199139557e-01
4.966217014219353465e-01
5.007978032513339395e-01
5.000573000461548956e-01
5.006781071155947949e-01
5.023564660778091495e-01
5.007538246077004596e-01
4.977032251363822657e-01
4.943648186134983469e-01
4.978365879670388350e-01
4.982523631938784447e-01
5.014100082889234589e-01
4.960843926779892055e-01
5.001157064310370881e-01
4.999684265470627498e-01
4.995047125098937002e-01
4.992995429281288922e-01
4.994070315279385275e-01
5.023687625479786867e-01
4.997036219973939319e-01
5.027342526294509284e-01
4.991702946510264693e-01
5.016658121319367281e-01
4.998071512829244667e-01
4.993059099458238004e-01
5.005705369873902910e-01
5.027259652898452558e-01
5.013443873061451672e-01
5.004235583959920630e-01
5.007993776091242966e-01
4.985574320079420030e-01
4.961876702705210196e-01
4.972509667580006232e-01
5.005103407413762362e-01
5.025646316121958890e-01
4.964982684179735650e-01
5.004959067799572558e-01
4.986331462663740055e-01
4.994244565358760823e-01
4.966099030771639056e-01
5.033665086156556834e-01
4.998817140341654808e-01
5.019148716522177089e-01
5.004675248496230910e-01
4.999755442924516680e-01
5.030490583819782202e-01
4.976358261660834281e-01
4.968754962711989243e-01
4.979559016036728680e-01
5.013312648683729833e-01
4.933131626564171146e-01
4.970897219365962849e-01
4.955616089196016039e-01
5.009253533619085763e-01
4.961609539932170798e-01
4.989730132618833691e-01
5.013412533623617939e-01
4.991771119936930790e-01
5.028243949605556429e-01
5.006026517868841230e-01
4.967041061145163749e-01
4.958437506186562094e-01
4.977133236066086930e-01
5.009660149205830137e-01
4.983104051346887164e-01
4.993101638269784037e-01
4.979419682881045528e-01
4.988661442985433681e-01
5.026332804531418175e-01
4.982979465247037165e-01
4.977118072926263737e-01
4.971707253031379947e-01
5.006538289309477863e-01
5.006082537781304520e-01
5.001134414902475012e-01
4.958029502582848580e-01
4.951033918813222412e-01
4.984409054379170811e-01
4.945827276580866960e-01
4.969160436769909373e-01
4.974265742307154570e-01
4.974591362815898865e-01
4.995670652868443029e-01
4.997621100195215327e-01
4.984419870678685749e-01
4.983347034704485590e-01
4.996754135221488369e-01
4.995667077870550310e-01
5.033355656364888464e-01
5.023735702497578171e-01
4.945870736561167602e-01
5.005032560084778925e-01
4.974473878997752729e-01
4.989936756703442500e-01
4.958014567437811215e-01
4.971466553394666699e-01
5.023345651757129549e-01
4.976120938930810311e-01
4.951297267034423522e-01
4.970434790013982806e-01
5.002616556832756300e-01
5.001572001376564103e-01
4.967158248262379949e-01
4.963939936614542581e-01
5.053204820016620191e-01
4.948752335539681746e-01
4.959703577241716399e-01
5.022773665773906382e-01
4.996667511727179156e-01
4.996573758618910732e-01
5.007932659635843109e-01
4.963490663942836667e-01
5.004510588777290048e-01
4.955976382067499020e-01
4.961488569100001023e-01
4.998934212105698993e-01
5.017041827168963186e-01
4.970025969379642250e-01
5.015871931461038935e-01
4.973868464479301865e-01
4.959503359967976088e-01
4.971217379300593708e-01
5.006089375295570409e-01
4.978889634163726763e-01
4.997193171219135310e-01
4.993447084737053787e-01
5.011441259834087392e-01
4.980467820186151862e-01
4.986776124200024696e-01
4.975442422409649956e-01
4.971130706841322966e-01
4.977777115775473549e-01
4.969338952103957152e-01
4.977627416137442307e-01
4.974740098817541090e-01
4.992022584698254106e-01
4.956252403595365341e-01
4.945418016579805620e-01
4.989073543146783640e-01
5.002065806315976193e-01
4.996829317250283675e-01
5.051363668576178689e-01
4.998411286303826584e-01
4.971283426415661344e-01
4.995714385605060093e-01
4.965489648908676390e-01
4.971714529739635902e-01
5.000742655736443165e-01
5.006032094427661505e-01
4.974883504047765692e-01
5.007090676582007793e-01
4.970083521973416296e-01
4.978443643564324228e-01
5.040493206300000750e-01
4.974761019382073490e-01
4.986173654194115401e-01
4.987170522574414511e-01
4.979557805845747920e-01
4.997330788488555386e-01
5.036072882400477457e-01
5.002412742456502359e-01
5.027956653830931710e-01
4.955454027988343002e-01
4.983888429053499047e-01
4.967720870561559421e-01
5.065410528961058478e-01
5.014587901893268196e-01
5.005011733578592636e-01
4.970615755649754330e-01
4.967785545359542088e-01
4.969785921249473271e-01
4.979463714601330970e-01
4.993724659536181720e-01
4.959574498350747263e-01
5.023781076550603020e-01
4.990384450697366581e-01
4.980451762633375523e-01
4.962310676992520708e-01
4.965330002880773974e-01
4.962019283607406184e-01
4.974233945400160506e-01
4.959572903160288648e-01
5.025611286559763524e-01
