6.151987652532265871e-01
3.034739890508430377e-02
-4.704002725415952213e-01
-7.019314138219279187e-01
-1.343349942653942475e-01
1.995109370500909307e-01
-4.477958563879192999e-01
3.187362975570411372e-01
7.089927686945229901e-01
-1.811594162943383490e-01
-3.651654765181537865e-01
4.505249932325173789e-01
-2.038838889484151373e-01
1.817156286967006595e-01
-7.176866239499335443e-01
-2.853215350403818240e-01
4.311050861858698457e-01
9.946261414421516678e-01
3.781052813045744365e-01
6.463534860123880676e-01
-8.725813454807356262e-01
-1.916811532363406068e-01
2.772506126347485944e-01
5.719393569420000434e-02
2.212795273304464516e-01
-2.355716819949501412e-03
5.754491125105093419e-02
3.657637561485309052e-01
6.579776082595748671e-03
-2.705617458024913158e-01
-3.266990288966897804e-01
3.677958005958144039e-01
-4.619898215981187439e-01
-1.951637378084385144e-02
2.239282576897794752e-01
8.192780118958237212e-01
7.060872458463074430e-01
6.728653830972366467e-01
1.944107280517700931e-01
6.236936122849013886e-01
-6.631006966615244913e-01
7.405746644580519789e-01
1.668655028322552861e-03
1.022897964816256444e-01
-3.053288434941004992e-01
-1.389053294893742400e-02
-2.227634819384550768e-01
-3.610578723717042249e-01
-4.047720996003797284e-02
5.449403371993274403e-01
5.355538841571498843e-01
-5.057642553459260615e-01
1.129594933705726639e-01
-1.000000000000000000e+00
4.526310731371609997e-01
-3.246440850779184206e-01
-4.384889764938655343e-01
3.136574550278824480e-01
6.278669496904429881e-01
-9.200774692118673936e-01
-4.864983486728280404e-01
-3.303514625523225334e-02
-1.454006065091731914e-01
8.874921840264907713e-01
-2.223336442021131565e-01
4.755003231615356762e-01
-9.709947701086432681e-02
-6.691428444188032842e-02
-2.757247784613817698e-01
7.590502369517723169e-01
-3.180458604452658378e-01
-2.429536809818792498e-01
9.629973513758839643e-02
-6.064761300988195103e-01
1.927184836258458850e-02
-9.158446752415727588e-01
5.478808359556273239e-02
-3.243767807963308103e-01
4.733752931015016707e-01
-3.813632336793520983e-01
4.028053167382199540e-01
6.449575465878274461e-01
6.024194664005311228e-01
7.424714550390564272e-01
1.391874009091810180e-02
-5.656321030333782973e-01
1.218871984300473436e-02
1.510484089924872264e-01
-1.000000000000000000e+00
-2.198579619728715812e-03
4.868537636192215579e-01
-5.434676653324681528e-01
-4.609407399850604103e-01
-8.231955980528216088e-01
2.390324481680654589e-01
-7.787538802981802677e-01
-2.175224047363164548e-01
-6.634608912854320639e-01
-3.961289297183990255e-01
1.210501377517876898e-01
-4.429230949540190476e-01
-4.838094591729789617e-01
4.657525774767238280e-01
3.351459871678690861e-01
1.000000000000000000e+00
2.197386373631119438e-01
8.168456095569873732e-01
7.359667072941913357e-01
1.915921189844279615e-01
-1.000000000000000000e+00
-1.833504439703061428e-01
5.433377022205175821e-01
-2.693240393511890929e-01
-3.689760879781712744e-01
1.624791835492529757e-01
8.581442117117015628e-03
1.931520696510119484e-03
-6.034009752383275027e-02
1.573547209487961285e-01
-6.128522023651232775e-01
-5.504942098083176472e-01
-2.162558906796782920e-01
-8.676532131245128232e-01
-1.305082830424943441e-01
-3.559887907943618535e-01
-7.106529748888247566e-02
1.266354561388156053e-01
1.000000000000000000e+00
-3.494625593293270716e-01
3.305565113177199033e-01
7.651065362711759743e-01
2.060371197696639900e-01
-3.363596378478284632e-01
4.008123992384493572e-02
2.517604552065362544e-02
-1.299744418518658344e-03
3.331889928911432874e-02
-4.469869666923410867e-02
-3.300411517128001293e-01
7.696742773445370833e-01
-4.852069981063752424e-01
-4.661509016146750950e-01
4.294167337016568942e-02
-5.735045755158436620e-01
2.722570099776894237e-01
-6.572156676799890684e-01
7.370185736392604881e-01
-5.259189662045327118e-01
-7.625861292164259897e-02
-1.629881556825005240e-01
-4.636077549889455751e-02
4.854353585515188696e-01
5.955631064673725383e-01
1.651433438365291773e-01
-6.958502960251062852e-01
5.012958922286721020e-01
8.849408904978605106e-01
-6.185198098330519922e-01
-4.098097926028536619e-01
-5.247273849582181349e-01
-3.286766676834258494e-01
1.572776731492626090e-01
3.941203445435773611e-01
2.395580437547327746e-01
3.657989954923881459e-01
-3.483615131378079988e-01
2.007957645791369206e-01
-1.835522170583361312e-01
1.000000000000000000e+00
9.935572113748675216e-01
2.763137159062949433e-01
6.576331815255473945e-01
4.687458495286840332e-01
-5.971074831953255835e-01
2.798715702718518328e-01
4.350531876857639535e-01
-8.880412510996122943e-01
9.833864620617763230e-02
-2.414440844010353748e-01
-9.973475524913488766e-01
-6.431387293534844840e-01
1.184721196946871280e-01
-6.638412096752656089e-01
-1.988966612083841075e-03
4.465071568569560778e-01
2.832031494041621356e-01
1.109794640391969234e-01
-3.154780755784756252e-01
-3.799764083501272482e-01
-5.683779847841465838e-01
-3.280024221737954937e-01
7.983949384219477530e-01
-2.664573408639091534e-01
4.748000026253845762e-01
1.067674701535085008e-01
-6.727054433100347897e-01
-2.109148224125935167e-01
1.468710485637986229e-02
8.600071441052199450e-01
4.676406942439131909e-01
-3.799907525383233731e-01
3.396790636268879338e-01
-2.202584833277198562e-01
-8.604841418394608699e-01
-3.516393674185677720e-01
-1.818989881959457433e-01
1.248282716869188458e-01
-9.988857666615065245e-01
-9.550448717904820306e-01
-1.000000000000000000e+00
5.021980723397824198e-01
5.773190388115532201e-01
4.538035846913972549e-01
6.360983005088405307e-01
-1.371560567816794141e-01
-6.039425171482861732e-01
9.854216394948339675e-02
-1.982084834209961177e-01
4.617643801397695591e-01
-7.876144338923130039e-02
-9.955643603566827204e-01
-8.012265014508469507e-01
9.158187978956010555e-01
4.995578727680765052e-01
-9.877098614779730168e-01
3.402105091580607255e-01
3.420688908715683874e-01
5.266501554421543219e-02
1.778744797260052302e-01
-1.946972544414144191e-01
-3.536742089129564226e-01
3.799445843845912218e-01
6.370314543197721502e-01
-7.631178652229442250e-01
-9.304495577616096469e-01
-1.152817740582145756e-01
-4.762521888401582415e-01
3.813811105984896699e-01
-4.280445492813120811e-01
-9.927455010974064464e-01
3.235872993026286948e-01
1.000000000000000000e+00
8.832348424058761305e-01
4.908962102906515579e-01
-4.475739496520321770e-01
2.917763877400283423e-01
-1.642577063655918934e-01
-4.959096400654386394e-01
-3.445319518521109403e-01
-7.134182316247453248e-02
-3.616581586427319861e-01
2.689156979558488415e-03
-7.960839056339479303e-01
-4.047978387514800658e-01
2.919598800824954044e-01
2.460728161193889152e-01
1.000000000000000000e+00
-9.673474862194020307e-01
1.322479959331526178e-01
-4.425295766733263192e-01
9.903245976089242175e-01
3.208221214853622105e-01
1.694341548389519669e-01
9.375037848755705117e-01
6.780116986363040610e-01
3.486276538069400521e-01
3.611422530366127925e-01
4.559651540138800474e-01
4.942421941631859328e-01
4.412885450156993628e-01
4.832827263394324224e-01
6.141029464642747682e-01
5.507824332067258188e-01
4.767746361584628279e-01
4.855151401754755902e-01
5.383797731762924865e-01
5.139366666604358036e-01
4.599581762976795440e-01
5.950665723675390151e-01
5.842988506949882144e-01
5.494355973847058205e-01
5.804156760642478208e-01
6.809310409491291516e-01
5.598113742117147851e-01
5.161348180496300175e-01
4.772975458839302521e-01
4.784927836273684676e-01
5.281024739083906017e-01
4.329976354127671456e-01
6.018399815018402599e-01
4.974260198478852035e-01
4.712067409425443332e-01
3.886907903389601460e-01
4.037471530840501255e-01
5.618540863952444786e-01
6.535830282880052966e-01
4.020307235055540218e-01
4.948621119133864710e-01
6.586433488832150740e-01
5.410062794494171490e-01
4.973660302769238317e-01
4.664591321251428946e-01
6.036312328120260196e-01
5.993644797353240294e-01
6.064990171197337521e-01
6.007755020966705217e-01
5.893714489132965140e-01
4.478982391815575781e-01
3.765923855927540975e-01
4.477793154882162563e-01
4.997039471978218517e-01
4.987604260985378790e-01
5.787590199807401969e-01
6.815179725614097794e-01
4.947507159408053301e-01
4.293541187570781292e-01
4.507817267036495767e-01
6.462777716526217908e-01
4.176918438031979042e-01
3.818980734787032483e-01
3.021625381603154636e-01
4.181173396285847721e-01
3.778481489706112528e-01
4.807732379289638702e-01
5.239465713825952609e-01
4.513564878869817942e-01
4.852615565451145474e-01
3.554077016077336060e-01
4.616844402172077810e-01
4.934617439016813489e-01
5.795711583503773134e-01
5.612592230915864899e-01
4.257604384828118649e-01
3.738461612276662294e-01
6.968745233529028971e-01
4.512225618803757943e-01
4.696627235254211552e-01
4.841582737103319323e-01
5.268722580466166372e-01
3.640994566451963843e-01
3.898157054469636451e-01
3.365100296639762512e-01
5.558011671955018773e-01
5.198547856101718434e-01
6.040124290251964734e-01
5.082590223749203773e-01
4.207736958173430852e-01
4.804833570428209688e-01
5.223089519499091171e-01
5.042975496697037485e-01
5.406151030172986482e-01
4.716678105386850617e-01
3.194596915759724265e-01
8.044843767697749115e-01
5.365040391456215030e-01
4.608444864255424323e-01
4.406651186512733909e-01
4.974192486600971241e-01
3.817791832290965970e-01
5.778496141358537841e-01
4.032278947706657291e-01
4.559024364642796368e-01
4.334158712086763621e-01
4.416764223394841204e-01
6.730011355554853525e-01
5.600197336620982291e-01
4.821533237566070218e-01
4.687127693627803904e-01
3.887688691225436033e-01
5.436230481415980087e-01
5.049283550831311640e-01
3.406562127401800977e-01
4.929864444340447127e-01
4.753752482755892461e-01
5.148438625634992327e-01
4.141216729846767253e-01
6.801219922788221961e-01
4.861328838679739861e-01
4.913693757541169327e-01
4.852605982287440112e-01
3.958969041729984983e-01
4.245770568072514406e-01
5.554669154124702857e-01
4.911968388895849302e-01
4.866208288369737733e-01
4.575239693493867166e-01
5.164255919615752255e-01
5.031146243299109422e-01
4.405000668734990743e-01
5.630228574643505457e-01
4.124333415655981327e-01
5.038657431977314749e-01
5.461884386105196887e-01
4.283731015809388865e-01
5.088248239462394018e-01
4.291602868105128255e-01
4.559691821120257504e-01
5.135535027265119012e-01
4.143570897691147836e-01
5.295625322342190078e-01
5.610005604338704766e-01
3.950628499279645323e-01
4.017452200590810873e-01
5.311819792711014454e-01
4.519546842467893066e-01
4.715831059162945427e-01
6.210127077193806633e-01
4.566383464789878222e-01
4.610701599832727204e-01
5.642517345741603352e-01
6.082049407360691218e-01
4.820289058052166786e-01
4.500177748092435981e-01
5.326953622460590676e-01
5.576361923293087219e-01
5.598961589897126778e-01
4.205627265890806155e-01
4.298016350709052968e-01
4.890923229320455756e-01
6.529457833944170009e-01
6.132822383623486306e-01
5.334868305735070981e-01
5.447797155908142841e-01
5.370625544073355240e-01
6.704493589162927591e-01
4.015099530319045651e-01
3.680943673720010745e-01
4.765308587103920246e-01
5.994374319875130919e-01
3.857568035592553457e-01
3.259491100349026782e-01
4.847162620591901616e-01
4.493575815804656814e-01
4.701738406193981534e-01
4.086654335187292486e-01
3.830872965512103212e-01
6.153935186349652753e-01
6.531515146733251065e-01
3.990439849098138536e-01
4.583831437739876447e-01
5.262279941230849634e-01
4.460913948085727387e-01
7.561356973706891971e-01
4.131626365841737369e-01
5.899302184507723146e-01
5.055110789549442929e-01
5.206933506562205771e-01
3.712299462397552485e-01
3.822731131910295788e-01
4.289844026809666033e-01
3.883405111620281680e-01
4.997331046477113681e-01
5.105642288161573727e-01
5.082226476701383611e-01
4.863050356908119598e-01
4.733318759013925847e-01
4.094976866907253377e-01
4.556441579130128816e-01
3.566114319313085090e-01
3.871443866800097777e-01
4.813143722606463282e-01
6.221972792751614412e-01
4.675386918428608984e-01
4.288832323680284997e-01
4.492524604767770824e-01
5.064829844262657144e-01
4.379425245157525515e-01
4.787064619351991679e-01
3.981527354527518714e-01
5.038189933629901862e-01
4.823652739306111270e-01
4.664440505390938796e-01
5.998572655079111859e-01
6.500070014612449043e-01
6.045054964040004197e-01
6.871619956029497711e-01
5.144071065709969748e-01
5.890107328007265775e-01
4.524298764328025801e-01
5.369989806919066577e-01
5.967193748881142179e-01
4.622857073416351548e-01
4.034419504140408508e-01
5.284427022220464787e-01
5.594311318155530399e-01
3.860479544678909747e-01
4.559729235040292927e-01
5.916899006640923275e-01
5.343247400898715194e-01
5.858752418448571753e-01
6.861254152288562835e-01
5.089352973591274587e-01
3.968545054984506937e-01
6.878648035516451431e-01
4.537665512625277953e-01
4.405309004191308997e-01
3.841409635938505818e-01
6.117487136811694537e-01
6.020185307054559676e-01
5.076096343947033018e-01
5.450424485666585106e-01
5.319124390768197319e-01
4.810958612928830647e-01
7.034066816817887702e-01
5.698969056578880865e-01
6.658771615883318784e-01
4.886826435350835607e-01
6.281048617320703631e-01
4.337589186847103928e-01
3.932304760968289292e-01
4.154542046124874988e-01
4.667155846484157822e-01
4.806613079612208628e-01
4.571322269499281665e-01
6.039530514944566608e-01
4.403870807192106218e-01
4.547717103130456406e-01
4.931226339195230457e-01
5.651072710706170898e-01
3.991674132780761441e-01
4.542744797160404024e-01
6.579862251481696234e-01
4.881796863833047229e-01
4.288725957004996259e-01
5.028959442577192185e-01
5.199491744139530525e-01
3.764928146052596847e-01
4.566849628282799167e-01
6.326717593138264650e-01
5.499054373649676641e-01
