-9.246648539802470035e-01
1.812433662518655453e-01
1.000000000000000000e+00
3.897466961223574472e-02
2.079814706105045374e-01
6.351215565981005451e-02
-5.000369533800299582e-01
-1.323362132882421882e-02
2.403960268515614729e-01
-4.578124851540509299e-01
-6.061064727147971176e-01
-1.000000000000000000e+00
1.238047127434953668e-02
-1.000000000000000000e+00
7.855624767092155292e-01
-2.039744632898361221e-01
2.444915100497893068e-01
1.000000000000000000e+00
1.718669113160010697e-01
2.352061598819177590e-01
-4.942367432900411917e-01
-9.083731116620815671e-01
-2.972989164712402932e-01
4.082179265876529906e-01
-6.125881041692416984e-01
9.911176106182786327e-01
-6.228426713987930130e-01
1.000000000000000000e+00
-5.358468215105957611e-02
1.615808310718647722e-01
-1.223876105783491819e-03
-5.475488219706770021e-01
8.123664037257516402e-01
-1.000000000000000000e+00
-4.604173301438638233e-02
1.229155247433933937e-02
-8.498826454774711936e-02
7.797402350483239042e-01
1.435131825539736061e-01
7.707271954353398513e-01
-1.000000000000000000e+00
1.000000000000000000e+00
-2.829704228712032199e-01
-1.000000000000000000e+00
1.000000000000000000e+00
7.997348960522010497e-01
9.783296470642125486e-01
-7.646899964136844030e-02
-8.356439738403609319e-02
1.121321654846230143e-01
6.683945465615875881e-01
-1.000000000000000000e+00
3.078185514145986845e-01
-1.000000000000000000e+00
8.439853559063379418e-01
1.000000000000000000e+00
1.112632475206185578e-01
-7.832467137982399574e-01
-2.743463008863136210e-01
-1.000000000000000000e+00
1.000000000000000000e+00
3.248858958856726264e-01
5.839332877890588414e-01
7.214567328783668687e-01
6.807034202617463503e-01
-1.000000000000000000e+00
2.787912618146694554e-01
-4.938115895580187376e-01
2.522592041605420388e-02
-8.749274222268070833e-01
7.068204137067923831e-02
-1.000000000000000000e+00
-6.232674835914731037e-02
9.552516037207233746e-01
-6.922017992947469001e-01
-1.000000000000000000e+00
-1.000000000000000000e+00
9.549954793740909054e-01
4.658831704387661476e-01
3.100579661468670367e-01
8.759931856418043949e-01
1.000000000000000000e+00
2.018311536172728848e-01
4.621699003179303988e-02
8.374245008971565873e-01
-8.219405520267900611e-01
4.721517691545735751e-01
-1.000000000000000000e+00
1.000000000000000000e+00
-8.959112060001830358e-01
9.584176580912572296e-01
2.302411913100616825e-01
1.000000000000000000e+00
-1.000000000000000000e+00
-1.922483960083848364e-01
7.941682473544005028e-01
-8.332781743943333819e-01
-3.195649583385723469e-02
-7.819700183244406855e-01
-1.764862064093882799e-01
-1.000000000000000000e+00
-1.636071789784369068e-01
1.000000000000000000e+00
1.489851347406207505e-01
-6.953263929242370356e-02
1.182796255415361486e-01
1.299251122317218732e-02
-1.000000000000000000e+00
-1.000000000000000000e+00
9.495631942956068716e-01
-1.000000000000000000e+00
-3.780061445358640082e-02
-1.000000000000000000e+00
7.265241896486870909e-02
-9.795677871194383712e-01
4.097031480296464689e-01
1.000000000000000000e+00
-1.000000000000000000e+00
-8.439645389338266968e-02
-8.016998661208742938e-01
3.209937182739184269e-01
-1.000000000000000000e+00
3.823870311704569147e-01
1.000000000000000000e+00
-4.286811313605926044e-02
9.386035718554160967e-01
-1.233228388503085360e-02
-3.267535560368275971e-02
2.790307507376122986e-01
4.596026411080559870e-01
-1.620690773661352946e-01
5.506805092380837596e-01
3.631878393395343574e-01
1.000000000000000000e+00
-1.000000000000000000e+00
-1.000000000000000000e+00
2.836272023806139519e-01
1.000000000000000000e+00
2.754140153612020386e-02
7.880132684386542685e-01
-1.187092098733393275e-01
-1.000000000000000000e+00
-6.169198787071210610e-01
-3.412421811344787392e-01
8.191576530017710134e-01
-1.355919687662209827e-01
-2.051251070845674374e-01
1.000000000000000000e+00
-3.864259886949401035e-01
-1.000000000000000000e+00
4.576310873903476906e-01
-4.103634952734912522e-01
1.000000000000000000e+00
-1.000000000000000000e+00
5.905043385326397276e-02
1.579755993401597558e-01
4.351962429270919697e-01
7.977873970535001025e-01
4.772811970583128449e-01
1.000000000000000000e+00
2.729854088810228507e-01
-9.446616610508004053e-01
-1.000000000000000000e+00
-9.149757124903283856e-01
-1.000000000000000000e+00
-6.480624707550196595e-01
1.000000000000000000e+00
-7.337876120256007217e-01
-1.000000000000000000e+00
-7.683963216541922492e-01
4.328104304827702364e-01
-5.609816538898718674e-01
-8.355655672207605855e-01
2.960725920220369511e-03
-7.197974845446881709e-01
-7.710873423696581463e-01
-6.027066644182423882e-01
8.129497960202374252e-01
3.604299204309974747e-01
-1.000000000000000000e+00
1.000000000000000000e+00
4.203422542017978270e-01
-2.092490891669916420e-01
8.208841730878569942e-01
5.921322392726303674e-01
-7.371870195254336400e-01
-1.000000000000000000e+00
-2.669095262716089101e-01
3.513893721242786761e-01
-1.000000000000000000e+00
-6.437792276705831540e-01
1.000000000000000000e+00
6.855990757113605838e-01
-4.756242411221973665e-01
5.179090656351675870e-01
1.277205073284018721e-01
-5.220461109892697849e-01
1.000000000000000000e+00
-7.577053227302268379e-01
-6.542546366415984416e-01
1.000000000000000000e+00
-7.362486200726428565e-02
-1.092848012597374130e-01
-1.000000000000000000e+00
-1.379145597809718071e-01
1.000000000000000000e+00
4.121221094035476540e-01
-7.043128108326579540e-01
1.797243694918149171e-01
1.000000000000000000e+00
-5.177611955932943655e-01
8.191526551873894446e-01
3.946154521045334151e-01
3.190601290899592879e-01
7.008042186324621170e-01
-4.379741047502766493e-01
1.705309057337259793e-01
-8.129711953885089271e-01
-2.263601240084896216e-01
5.857967756266311277e-01
1.000000000000000000e+00
8.815927550202762308e-01
1.776830301131606671e-01
5.819552903695215385e-01
-7.052359768690300568e-01
5.544516345282820557e-01
6.580432143127207256e-01
4.897826644628374138e-01
-6.008022053206449886e-01
3.138152134681249095e-02
-8.391755429127100152e-01
5.892881706890241711e-01
-1.000000000000000000e+00
2.932658632207654770e-02
4.289363995822564890e-02
-3.809621657776052772e-01
-8.760174958632871434e-01
4.736916066511592804e-01
-1.000000000000000000e+00
1.000000000000000000e+00
-9.647395234511176865e-01
-8.535620661693905653e-01
3.221901883460859262e-03
6.665227181963782055e-01
-1.000000000000000000e+00
8.502834735105022079e-02
-7.241828638344767199e-01
-1.000000000000000000e+00
4.335358725308369188e-01
1.000000000000000000e+00
-6.410023830676476742e-01
-1.000000000000000000e+00
1.211300122341213981e-01
9.495713623030402895e-01
7.017973906609709100e-01
-1.557153018795311983e-01
1.000000000000000000e+00
1.000000000000000000e+00
1.000000000000000000e+00
-4.383425702993271611e-01
-1.000000000000000000e+00
1.116276273995414625e-01
-2.332853743356403386e-01
-9.888471759712262887e-01
1.000000000000000000e+00
9.718983662263083745e-02
4.896901903835769176e-01
7.729987059741575406e-01
5.622108202031967927e-01
1.526648474038620473e-01
4.142742600916972107e-01
2.174028598467337980e-01
4.415106495516528673e-01
1.000000000000000000e+00
4.617837662686014033e-01
2.139733132945338678e-01
3.517442577357710043e-01
5.144169823169597588e-01
5.471918135606360645e-01
2.078618262659765459e-01
5.551429028387743214e-01
1.825923299134510069e-01
1.000000000000000000e+00
4.328066908420473147e-01
2.261270572208173291e-01
6.369767814003287620e-01
8.422819857193197812e-02
4.894885800620374372e-01
5.854986524233299905e-01
6.354923906505564046e-01
7.660207095221917006e-01
6.169291661820566208e-01
1.000000000000000000e+00
5.282585112785156412e-01
6.727743248513602392e-01
3.021300968652812502e-01
8.539668648587770416e-01
7.848326422623336240e-01
8.637041758627121979e-01
7.496496460220332114e-01
5.142758863441363598e-02
2.707738536613376046e-01
4.322533787391749649e-01
6.957213758137608117e-01
7.871804091616484422e-01
1.000000000000000000e+00
9.527401652718244796e-01
4.272601252184393128e-01
9.641597091413236509e-01
1.000000000000000000e+00
1.368278487922324760e-01
8.376023652021349353e-01
2.770899067995001852e-01
5.506115862771626679e-01
2.724052548941829355e-01
3.391814608608199055e-01
6.867352506309633009e-01
5.037864054601428609e-01
1.000000000000000000e+00
1.735774057594557107e-01
4.708279307013867321e-01
4.769543104925860200e-01
3.361447595874063055e-01
7.458980346428030206e-01
1.000000000000000000e+00
6.219991821348364036e-01
9.059510564630756102e-01
4.418849182965413624e-01
9.502879838235037679e-01
8.586537101922918636e-01
1.000000000000000000e+00
1.297933463833161605e-01
1.000000000000000000e+00
7.856358604445735638e-01
5.203207796847985067e-01
3.946326820740832519e-01
4.476431952059620190e-01
6.821472811728158669e-01
1.099126853534975051e-01
6.142228429712360827e-01
7.527114698315917618e-01
7.861331695049833534e-01
8.557161592353712543e-01
7.100237742225316007e-01
7.997298599223796878e-02
2.928698471121276015e-01
6.876078107863566879e-01
8.352046139514772705e-01
8.140343330236500530e-02
9.171743261334282249e-02
5.301555003921757381e-01
3.436606145666551981e-01
8.147073402226149286e-01
6.066811800808353805e-01
9.096799228194525355e-01
3.277587709995164467e-01
9.212667649772148248e-01
3.632746650122010146e-01
7.856486115315214347e-01
9.964898677430769069e-01
3.476884735436435170e-01
6.374164361560548109e-01
1.569448129524390056e-01
9.350145272455699652e-02
3.488388685295181757e-01
8.237443561816083504e-01
1.000000000000000000e+00
7.562969411574468337e-01
1.924635674030070465e-01
8.360171127270252800e-01
6.782208491653302085e-01
2.834721117182993910e-01
4.043841955470228733e-01
9.785610153780702758e-01
6.252048201535473915e-01
5.593081731576826643e-01
3.812532111536833246e-01
9.276181716380145215e-01
2.871203382430788098e-01
9.675755324885686459e-01
5.635245475740836563e-01
3.423288985728502598e-01
9.736153616971576774e-01
2.046401003170696953e-01
5.355557690577131824e-01
3.888168078135473826e-01
5.856023903957023879e-01
3.316748353392133253e-01
7.213574879515213256e-01
2.520753632116605747e-01
5.325808337515038904e-01
5.211422419538436213e-01
5.821271894857587004e-01
6.559241028856614975e-01
8.270228767402898473e-01
8.923250804090224753e-01
5.745322419526568414e-01
7.123208987113669455e-01
7.592003012441417287e-01
4.013069005458890781e-01
8.310842746980944273e-01
9.315667737285724392e-01
6.061120174898619872e-01
5.511492347700491790e-01
6.092420359507868532e-01
7.704820138344071756e-01
1.000000000000000000e+00
3.932646814723104178e-01
3.054157423266505855e-01
1.142207415199078119e-01
2.905230225445641357e-01
5.507085112189152865e-01
7.474158555637965273e-01
4.911186955396477094e-01
4.997131052918903915e-01
4.257422740460767296e-01
9.614904032686608648e-01
7.441062481309602683e-01
3.831225003270599672e-01
3.130466910089433896e-01
7.056761179759279967e-01
2.951484827861105553e-01
4.872667298673494241e-01
4.227512207963983748e-01
7.501963171305174871e-01
4.255532018145580797e-01
3.657574015398428191e-01
3.829849905577649705e-01
7.073304171605578894e-01
7.252501943621799674e-01
3.507430634237592160e-01
9.392371831736833210e-01
5.126691193638969191e-01
4.689515225437288493e-01
2.282926719216516187e-01
1.269034837468940025e-01
6.650319037941057609e-02
8.239691824332081582e-01
1.818512823918207455e-01
1.838252513295959845e-01
1.823137570559707765e-01
7.881435095200067797e-02
2.412174632370774063e-01
2.831683638700338568e-01
4.054757315141720997e-01
8.022861217193443251e-01
7.410767385107364102e-01
2.196241340525497687e-01
6.748697604721519694e-01
7.738841939620107191e-02
2.557329299014065582e-01
7.535063243865237625e-01
3.654321112278004491e-01
6.944274056291149799e-01
6.692727677532367414e-01
1.000000000000000000e+00
7.482378108411644746e-01
4.571023815403347790e-01
4.568701956974035028e-01
8.399108351589592569e-01
4.863198814462856290e-01
7.471580481638907534e-01
7.551721149243717512e-01
2.217629633750754226e-01
2.575874622772104661e-01
7.247661945207777290e-01
3.072029957808440348e-01
5.200800249574205614e-01
9.275425987044531029e-01
7.917266055237394129e-01
5.779025219249905865e-01
4.426900129325123667e-01
7.863057157123639618e-01
1.398661686454625019e-01
3.583607122563090552e-01
8.558328360630379494e-01
7.013280103851757818e-01
1.000000000000000000e+00
1.797070666660601224e-01
4.103172361972484139e-01
6.248715178211606824e-01
5.577776430428138532e-01
2.733699205558259293e-01
6.680911779194285138e-01
5.899846921046860704e-01
5.578426537044267608e-01
2.013767685168925958e-01
6.535536339928206262e-01
9.081680221623315008e-01
8.490788303516414448e-01
1.210224275138369332e-01
3.046603719383211839e-01
6.485227901225106839e-01
2.174299101220135144e-01
5.557964276495602762e-01
1.514941546314139409e-01
1.595153075592979086e-01
9.836995465993805254e-01
4.141014063941009793e-01
8.940782533127169529e-01
1.000000000000000000e+00
9.986445629708722016e-02
6.970041327056759606e-01
3.875416617038217604e-01
7.613079667433778619e-01
1.313718708966958582e-01
1.627878140405083218e-01
6.723074891749328263e-02
3.552363021157979306e-01
6.640669603643540864e-01
6.994914229694237928e-01
1.200393034151720772e-01
9.634462166274606609e-01
7.940067817235687553e-01
8.004164982074282175e-01
1.559471676842116572e-01
4.092274377778380989e-01
4.470334530086841202e-02
5.965523553797449363e-01
7.537396282653400226e-01
9.060049234516897032e-01
6.355257881190721214e-01
1.000000000000000000e+00
4.434336242916202542e-01
4.315895567551935041e-01
9.899175686363025362e-01
1.606267769278440227e-01
7.635485496294783792e-01
2.942416239321201110e-01
1.000000000000000000e+00
