-1.000000000000000000e+00
-1.000000000000000000e+00
3.284646089016436399e-01
-2.173837650148469081e-02
1.000000000000000000e+00
4.050716296796921245e-01
-3.460245056605097957e-01
-1.000000000000000000e+00
-1.000000000000000000e+00
1.000000000000000000e+00
-1.000000000000000000e+00
-4.718180124391733177e-01
1.000000000000000000e+00
1.000000000000000000e+00
-1.000000000000000000e+00
-1.000000000000000000e+00
-1.000000000000000000e+00
1.000000000000000000e+00
1.000000000000000000e+00
2.088481630111351794e-01
-1.000000000000000000e+00
1.000000000000000000e+00
1.000000000000000000e+00
-4.171530189751153639e-01
1.000000000000000000e+00
1.000000000000000000e+00
-1.000000000000000000e+00
-1.000000000000000000e+00
1.000000000000000000e+00
1.000000000000000000e+00
1.000000000000000000e+00
-1.000000000000000000e+00
-9.070995489156854497e-01
1.000000000000000000e+00
1.000000000000000000e+00
1.000000000000000000e+00
-4.029342769153201331e-01
6.297010677604150120e-01
9.658609767990948836e-01
4.567777611813050864e-01
7.238494724868721475e-01
-6.896420925890573983e-01
-5.407683859318597186e-01
-8.900721090821442916e-01
7.111773223933639532e-01
1.000000000000000000e+00
1.000000000000000000e+00
-1.000000000000000000e+00
-1.000000000000000000e+00
9.495884730436361387e-01
-1.000000000000000000e+00
1.000000000000000000e+00
-3.811694181749936128e-01
1.000000000000000000e+00
-7.237466270842265459e-01
1.000000000000000000e+00
-9.209007298891529469e-01
-1.000000000000000000e+00
1.000000000000000000e+00
-3.613547078355495712e-01
-1.000000000000000000e+00
4.127782842646663397e-01
1.000000000000000000e+00
1.000000000000000000e+00
6.870355895375388489e-01
-1.000000000000000000e+00
-6.261740957973691568e-01
7.543265622484247590e-01
-2.646488788025143091e-01
1.000000000000000000e+00
8.310694307986610241e-01
-2.076637959787752674e-01
1.000000000000000000e+00
-8.117127845364027205e-01
-1.000000000000000000e+00
-1.000000000000000000e+00
-1.000000000000000000e+00
3.655573076834794932e-01
1.000000000000000000e+00
4.226776723748293385e-01
-1.000000000000000000e+00
-1.000000000000000000e+00
-9.913279761757359809e-01
-1.000000000000000000e+00
-1.000000000000000000e+00
-3.232062490639366903e-01
-1.000000000000000000e+00
-1.000000000000000000e+00
-1.000000000000000000e+00
-4.343454213018804744e-01
8.262646631338087522e-01
-9.892827076263205344e-01
1.000000000000000000e+00
1.000000000000000000e+00
1.000000000000000000e+00
1.000000000000000000e+00
-8.138148928029538265e-01
-1.000000000000000000e+00
-2.618115461492860341e-01
1.000000000000000000e+00
1.000000000000000000e+00
1.000000000000000000e+00
-4.083556223865061341e-01
1.000000000000000000e+00
1.000000000000000000e+00
1.000000000000000000e+00
-3.090412988708792774e-01
-1.000000000000000000e+00
-1.000000000000000000e+00
4.178788769437160600e-01
-1.000000000000000000e+00
-9.759577779072209358e-01
-1.000000000000000000e+00
9.894592367169569025e-01
-1.000000000000000000e+00
-1.000000000000000000e+00
9.632856634489175285e-01
3.481864869863029455e-01
-1.000000000000000000e+00
-4.263892799858530758e-01
-5.235726618159185497e-01
8.368440487200083933e-01
1.000000000000000000e+00
-1.000000000000000000e+00
-9.758156444057879408e-01
1.000000000000000000e+00
7.841188591715868572e-01
1.000000000000000000e+00
-6.178018834837568640e-01
-1.219901092525133013e-01
-8.367345600003922579e-01
-1.000000000000000000e+00
-5.952595860977301090e-01
-1.000000000000000000e+00
-3.916003418965547933e-01
7.003723908121022301e-01
-1.000000000000000000e+00
3.714478366629102579e-01
-1.000000000000000000e+00
1.000000000000000000e+00
1.000000000000000000e+00
-1.000000000000000000e+00
-1.000000000000000000e+00
-3.044235660105887309e-01
-6.736668215039762764e-01
-1.000000000000000000e+00
-1.000000000000000000e+00
-1.000000000000000000e+00
1.000000000000000000e+00
-8.087429697012100682e-01
-1.000000000000000000e+00
5.483040170553082904e-01
-1.000000000000000000e+00
7.911262233587668113e-01
-1.000000000000000000e+00
1.000000000000000000e+00
-1.000000000000000000e+00
1.000000000000000000e+00
-1.000000000000000000e+00
1.000000000000000000e+00
9.243049537833275542e-01
-1.000000000000000000e+00
-3.222361179757267102e-01
1.000000000000000000e+00
8.937770010401037135e-01
1.000000000000000000e+00
1.000000000000000000e+00
1.000000000000000000e+00
-3.263563401441249567e-01
-7.379642064810222335e-01
1.000000000000000000e+00
-4.971150794075958057e-01
8.059536741502748569e-01
-1.000000000000000000e+00
1.000000000000000000e+00
-1.000000000000000000e+00
1.000000000000000000e+00
5.847072160537276631e-01
1.000000000000000000e+00
-1.000000000000000000e+00
-8.992786489370068193e-01
8.896602938918050096e-01
-1.000000000000000000e+00
-7.052413259397402046e-01
-1.000000000000000000e+00
-1.000000000000000000e+00
1.000000000000000000e+00
-1.000000000000000000e+00
-1.000000000000000000e+00
-1.000000000000000000e+00
-1.000000000000000000e+00
-1.000000000000000000e+00
-1.000000000000000000e+00
-7.223842774707016634e-01
-1.000000000000000000e+00
1.000000000000000000e+00
-1.000000000000000000e+00
9.821176455079462242e-01
-9.633093021145779922e-01
4.495238482399197544e-01
-4.482207213907704046e-01
-5.241034479766557563e-01
-1.000000000000000000e+00
1.000000000000000000e+00
8.714129983794407508e-01
-1.000000000000000000e+00
3.738569728246434742e-01
-1.000000000000000000e+00
-1.000000000000000000e+00
1.000000000000000000e+00
-6.066069892592473867e-01
-1.000000000000000000e+00
-1.000000000000000000e+00
2.934176900431009205e-01
-1.000000000000000000e+00
-1.000000000000000000e+00
-2.294522811457131439e-01
1.000000000000000000e+00
1.000000000000000000e+00
-1.000000000000000000e+00
1.000000000000000000e+00
-9.415975848820945515e-02
-1.031578993946209444e-01
1.000000000000000000e+00
1.000000000000000000e+00
4.315379841773405722e-01
-3.740487744460440078e-01
-6.176827755529162856e-01
-1.000000000000000000e+00
1.000000000000000000e+00
1.000000000000000000e+00
-1.000000000000000000e+00
4.337757942338280603e-01
-1.000000000000000000e+00
1.000000000000000000e+00
-1.202799286080977748e-01
1.000000000000000000e+00
-1.000000000000000000e+00
1.000000000000000000e+00
-3.658316589253018947e-01
-1.000000000000000000e+00
6.582503793125098479e-01
-3.872060453317401896e-01
-1.681125732520805105e-01
9.652107762274360070e-01
-1.000000000000000000e+00
1.631560601955992507e-01
7.716713565009019060e-01
1.000000000000000000e+00
4.483605688952094770e-01
1.000000000000000000e+00
2.966938837257725448e-01
-4.718029309115451264e-01
-7.819602984024300874e-01
-9.343302051685091758e-01
4.042957974147509681e-01
1.000000000000000000e+00
1.000000000000000000e+00
-1.000000000000000000e+00
1.000000000000000000e+00
-1.000000000000000000e+00
4.992857740932636901e-01
-7.667557138958774887e-01
1.000000000000000000e+00
2.026584465975933558e-01
