-1.220369447277578345e+00
-1.337457779797208479e+00
-5.147134652847581426e-01
-9.029219383029568613e-01
2.487827949309492914e-01
5.626715526983336879e-01
-7.497422902560674229e-02
4.119055460506513278e-01
-2.135475830575776779e-02
1.138428028348846127e-01
1.028401951663711733e+00
-6.108806767844300323e-01
6.654307203408511562e-01
-6.949589087466535586e-01
-1.514406035665908368e-01
-6.073773616790358876e-01
-1.803734812073547467e+00
-5.515847631242768445e-01
-4.926499157846024879e-01
1.907219589884755206e-01
-1.709943219830217243e-01
-2.352023771402750985e+00
4.940548365909899209e-01
2.974042406187223375e-01
1.912829168537854674e+00
-4.432715367340477997e+00
-1.171571743026701418e-01
-2.142947424597110739e+00
4.986807629364123917e-01
3.753555217439096814e-01
1.186398623927671370e+00
2.962974000543128761e-01
2.496286434352783523e-01
1.066529246928636709e+00
-1.133154707782733528e+00
-7.054364244207920187e-01
2.779733102613950457e-01
-9.306733441400882878e-01
3.392502406582025287e-01
-1.328589192431079979e+00
4.708013045042222511e-01
1.969531300148657182e+00
-2.245511974207668349e+00
-4.023852317677036328e-01
-1.090491850857882694e+00
-7.051223484144035769e-01
8.761143617549449480e-01
-1.365235404515567019e+00
2.597316446884290198e-02
3.000788456965490236e-01
-8.027303223880422056e-01
-1.554229137145489714e+00
-1.133385150639553807e+00
5.104286442472167895e-01
-5.595993152576811402e-01
-1.048290723014283055e+00
1.068307676230581427e+00
2.741287690203062066e+00
-1.434633439246835618e+00
-1.760599260742180316e+00
1.293969461408497557e+00
-1.149477012320440750e+00
-1.791748441568829842e+00
-7.739081134074888846e-01
-1.471116603372145448e+00
8.437484659524343567e-01
-3.415651540919617535e-01
-1.904849234462419494e+00
-1.907722710270168265e-01
3.403867586423312552e-01
-6.535293071372558771e-01
1.868345252176669968e-01
-1.044826391714145153e+00
-2.697105969823123672e-01
8.851802104808677019e-01
1.247609047955671180e+00
8.567258242898073695e-01
2.039443851522668272e+00
1.168955049155273318e-01
-7.420517479730033283e-01
3.713190846503782616e+00
-6.384827151725001038e-01
-5.677954453506202093e-01
-5.056574484983491491e-01
2.170648408094445259e+00
-1.861924726193978197e+00
2.214513308346155451e+00
-1.054813020346821784e+00
-1.829442287720310922e+00
6.795148111996608398e-01
9.785703129474094819e-01
-2.099468771912383236e+00
1.714669730106896273e+00
2.447429119633508510e+00
-5.248424492815912945e-01
7.426138207514640932e-01
1.501737757335286916e-01
2.177485645889234434e+00
-1.233640086597491026e+00
2.086621972401554004e+00
-2.421463139381518359e-01
-2.457437881173444527e+00
-1.302642433397673605e+00
7.096853941000422772e-01
-1.412332651719562460e+00
-1.859023981597158759e+00
-1.797448342539730848e-01
-1.618944357379026311e+00
-1.265690955706084475e+00
-1.958112785619292862e-01
-2.659934571661107250e-01
1.683691730894814054e-01
-2.134138606269404104e+00
-2.809300184004143830e+00
-5.168225917231763944e+00
-1.161605632864714410e+00
-4.088994636916511993e-01
-3.932133104925151779e-01
-6.550653174524336819e-01
-1.493558921197197353e+00
6.234440370158504940e-01
1.020810315216158504e-01
-2.143500814620344086e-01
-1.617740425994524944e+00
-1.754008575919881574e+00
-1.500210780943682654e-01
-2.016564589028966736e+00
7.860380009960951098e-01
-5.619644231037853599e-01
-1.180025455179686045e+00
1.320175975801732404e+00
1.162717336634695231e+00
-7.760928816366348126e-01
-3.098258815531898414e+00
-9.490543457813775952e-01
-1.651096100485670348e+00
1.264533561892702718e+00
-6.057815776428615573e-01
-8.980193175114163928e-01
3.872542005944260568e-01
3.123926783615227354e-01
2.172733768937439969e+00
1.998463505580093891e+00
-1.850841768773984430e+00
2.059242067597142345e-01
1.658612779662455017e+00
1.988422442745533258e+00
-9.064558576387163891e-01
-2.762969085174886263e+00
3.254015456262219885e+00
-9.961753275788873818e-01
-9.009597556923516493e-01
1.154335599883212105e+00
-1.724485054991511390e-01
-1.233828325682947868e+00
1.128604005682555700e+00
1.010816315867957421e-01
4.869125172524260137e-01
-7.019440523928688336e-01
-1.466104821752582499e+00
-2.011435206370548290e+00
-1.246138983948503198e-01
3.437409105585010338e-01
-2.182044520233800688e-01
1.660763408017782883e+00
6.450807583627977682e-01
-2.179127740049758843e-01
1.753936076135641509e+00
-1.221532470134683246e+00
7.236762662410296532e-01
5.412964922502820631e-02
8.412338690386113038e-01
1.137011672164037535e+00
1.351355206305003831e+00
2.312503671704876140e+00
1.400630632122460195e+00
4.670485603710063938e-01
1.217583913311243382e+00
-1.908520739772296304e+00
5.016577328993702123e-01
-1.002884524916494602e+00
1.607585564771988551e+00
1.764154899961813960e+00
-1.833684444267864866e-02
9.071940082201106481e-01
1.605156168391659754e+00
1.128387296259106831e+00
-1.157529138813385039e+00
-1.190216293920781876e+00
1.044816562031035234e+00
-1.245052778854115694e+00
1.397708871267131059e+00
2.359680929463396470e+00
1.597712293818625007e+00
6.954675826206976330e-01
7.342974297523380267e-01
-4.675266784556821875e-01
2.338677413125339832e+00
1.606627203796150427e+00
-3.105588405089348414e-01
-1.772348986533592630e+00
3.319483676795161875e-01
-3.257380740132199137e-01
1.830376038341698930e-01
2.742228343525654477e-01
2.498664123812973870e+00
1.761977237307667810e-01
-3.395378946705911449e-01
-7.144772009310779159e-01
2.260604780950395298e+00
-1.099307867483214407e+00
1.010204674446526951e+00
1.322379888082896970e+00
2.056732554126434298e+00
1.743924953442659298e+00
-6.759803290861026159e-01
2.673135899702577589e+00
4.657562405365516245e-01
8.167470993250902644e-01
2.916584400231911456e+00
1.028329513220249458e+00
1.307205342915380430e-01
-1.046436046010835508e+00
-4.456039111888507320e-03
9.137553051931219805e-01
-3.040828223616196535e-01
-2.254167185670595597e+00
-5.172914751628857610e-01
6.472309587613401805e-01
3.250562059837396323e-01
2.835500856130128700e-01
-5.692070158666110435e-01
8.820023670133404492e-01
2.248593931269902146e+00
1.802382077281922401e-01
2.894606171955299012e-01
-3.284454221145888919e+00
-1.728404560576991766e+00
9.302625234424026779e-01
1.387952455659364315e+00
1.310331239864778619e+00
-3.381746457092940528e+00
-1.622860200041466916e+00
-1.319720615078905090e-02
1.062686446382824501e+00
9.658665596923081686e-01
1.468614097457552892e-01
-2.402174176290042262e-01
-1.839965457321313669e-01
1.201372310755971062e+00
8.458282613734199873e-02
-3.982356360405237883e+00
8.054382093930808617e-01
-9.212434346052635892e-01
-6.976082174085321275e-02
2.110723478444243906e+00
-3.493876644744517979e-01
-1.374612137549592550e+00
6.310792975751245981e-01
-3.107018412890545367e-01
-3.138209704282617807e+00
5.721260746777211414e-01
1.485792920832647690e+00
1.801076526315740889e+00
1.667618758777543064e+00
