Generation: 0 45.6239 78.8467 2.5764 14.4058
Generation: 1 59.1054 136.0121 10.6344 18.9124
Generation: 2 59.8022 136.6009 20.4720 18.1342
Generation: 3 50.0258 127.7907 29.2896 17.9807
Generation: 4 54.5594 108.8881 33.9406 14.1785
Generation: 5 52.7147 125.2817 36.9104 14.3937
Generation: 6 51.0549 106.7462 38.3509 10.9661
Generation: 7 59.0530 112.9754 42.0352 8.2706
Generation: 8 52.9547 130.4824 39.9202 10.6173
Generation: 9 59.3328 113.2579 43.6843 5.9793
Generation: 10 60.9105 137.5998 38.2849 12.4213
Generation: 11 56.4571 133.5867 42.5547 7.7623
Generation: 12 52.6869 148.3378 42.7037 8.5003
Generation: 13 54.3668 131.7169 41.4608 8.0459
Generation: 14 54.2776 113.6192 43.0148 7.7693
Generation: 15 50.4753 128.1947 43.6776 7.0031
Generation: 16 56.9292 134.0612 43.6394 6.5410
Generation: 17 55.6639 109.8954 40.8197 10.2366
Generation: 18 48.5794 103.4772 41.8897 8.7444
Generation: 19 57.1181 111.2645 41.3561 9.4677
Generation: 20 60.9411 137.6313 42.0294 8.3463
Generation: 21 58.7089 135.7320 41.8915 9.4024
Generation: 22 47.4461 125.4035 41.5456 8.3869
Generation: 23 57.6142 134.6340 42.1523 9.7067
Generation: 24 52.8479 107.3096 40.9333 8.7128
Generation: 25 53.0720 130.5364 42.7802 7.8119
Generation: 26 61.8786 138.5765 43.0808 8.4260
Generation: 27 55.8397 133.0818 40.4989 9.5691
Generation: 28 59.9086 136.7029 44.2955 7.1594
Generation: 29 58.5315 135.5525 41.8704 9.3702
Generation: 30 58.1541 135.1678 41.5498 13.0799
Generation: 31 64.9390 168.2775 44.7539 8.5937
Generation: 32 60.9338 137.6342 43.1208 12.2596
Generation: 33 60.8714 137.5633 40.8254 13.0852
Generation: 34 63.0603 139.6503 42.1807 11.4807
Generation: 35 62.1255 138.8234 43.5374 11.1774
Generation: 36 61.2830 137.9790 42.4833 13.6353
Generation: 37 68.4627 144.5077 44.9459 10.3098
Generation: 38 60.1090 136.9105 45.9043 9.3355
Generation: 39 60.9546 137.6438 44.7138 10.9476
Generation: 40 60.9246 137.6193 43.4317 12.1921
Generation: 41 61.1510 137.8454 44.7123 10.0393
Generation: 42 62.0459 138.6242 44.7223 9.4768
Generation: 43 60.5497 137.3534 45.8899 11.2691
Generation: 44 61.7082 138.4137 45.5430 9.6015
Generation: 45 61.9162 150.6149 46.4412 10.8992
Generation: 46 58.3547 135.3763 43.2630 14.2041
Generation: 47 62.3588 138.9468 44.3108 13.5982
Generation: 48 61.9931 138.6910 44.1620 13.7492
Generation: 49 61.8743 138.5803 44.6140 12.5198
Generation: 50 62.1216 138.7047 46.1901 13.2995
Generation: 51 62.0948 138.6777 44.9040 13.0581
Generation: 52 61.6432 138.3449 45.1902 10.7608
Generation: 53 62.9499 139.5404 46.9447 10.6173
Generation: 54 60.9162 137.6140 46.0922 11.2181
Generation: 55 61.7286 138.4282 48.1932 9.8297
Generation: 56 61.6016 138.2938 47.9966 9.7811
Generation: 57 62.1449 138.7277 49.6692 9.7396
Generation: 58 61.6290 138.3298 48.5998 9.8701
Generation: 59 62.1384 138.7208 48.4233 9.0814
Generation: 60 60.8716 137.5590 49.5776 7.7224
Generation: 61 62.8113 139.3953 48.4377 9.9303
Generation: 62 62.3118 138.8988 50.4177 7.6241
Generation: 63 61.8721 138.5696 50.5636 7.7708
Generation: 64 61.0297 149.7199 49.5824 9.7785
Generation: 65 60.9297 137.6188 49.7522 10.4333
Generation: 66 61.0256 137.7250 47.7365 12.8259
Generation: 67 61.4458 138.1436 46.2750 13.8874
Generation: 68 62.8492 139.4263 50.4879 8.6996
Generation: 69 61.5537 138.2541 49.1589 11.5630
Generation: 70 61.7049 138.3954 48.7917 10.5324
Generation: 71 61.7975 138.4944 47.4384 13.4420
Generation: 72 61.6604 138.3616 51.0609 10.4676
Generation: 73 61.7766 138.4739 50.4979 8.2887
Generation: 74 62.0739 138.6552 51.4109 6.5818
Generation: 75 60.9101 149.5993 50.4831 8.4144
Generation: 76 61.7573 138.4546 49.8141 9.2853
Generation: 77 61.8823 138.5760 49.1753 12.5991
Generation: 78 61.9131 138.6105 51.7557 7.5085
Generation: 79 67.4694 143.6316 51.5400 7.7593
Generation: 80 70.6828 146.5095 51.5154 9.5378
Generation: 81 64.1318 140.6257 51.5837 9.8048
Generation: 82 70.7598 146.5899 52.6004 7.6569
Generation: 83 62.9535 151.5502 52.1074 9.0043
Generation: 84 71.1459 158.9894 52.3640 7.0881
Generation: 85 64.0504 140.5443 51.4805 9.0356
Generation: 86 62.7664 139.3508 52.8208 6.9194
Generation: 87 63.4391 151.9156 52.2420 6.9712
Generation: 88 70.8469 146.6721 52.8168 10.6727
Generation: 89 66.1005 142.3773 52.4476 7.8383
Generation: 90 62.5207 139.1102 52.8388 6.4874
Generation: 91 66.1176 142.3904 53.7304 8.6807
Generation: 92 62.1681 150.7594 53.5601 6.9801
Generation: 93 65.4690 153.8568 52.5291 8.2964
Generation: 94 63.5289 152.0079 53.5409 8.9276
Generation: 95 65.7264 153.9924 51.7676 9.9359
Generation: 96 67.2636 143.4230 51.7037 12.3890
Generation: 97 66.2308 142.4942 53.9978 7.8853
Generation: 98 62.1083 150.6912 50.3264 14.5320
Generation: 99 68.3144 144.3858 53.1312 6.5201
Generation: 100 62.7170 151.3116 53.5547 7.2450
Generation: 101 63.2746 151.7511 53.9502 6.9193
Generation: 102 63.8645 140.3581 53.0484 7.3692
Generation: 103 63.1643 151.6377 53.9055 7.3415
Generation: 104 61.9718 150.5650 54.9433 6.3783
Generation: 105 62.1827 150.7657 54.7551 9.1260
Generation: 106 60.0082 148.8125 54.5986 6.0358
Generation: 107 69.4264 145.3618 53.2739 10.7783
Generation: 108 63.8977 180.3758 54.2687 6.3251
Generation: 109 64.2209 152.7149 55.8407 5.8954
Generation: 110 60.9035 149.5933 55.3092 6.7224
Generation: 111 66.8215 182.9850 53.1972 9.0165
Generation: 112 63.2088 151.6847 55.0682 7.5272
Generation: 113 62.0137 150.5952 54.3291 5.8735
Generation: 114 61.3952 178.0847 54.9489 7.0227
Generation: 115 60.9285 149.6183 55.6198 6.3849
Generation: 116 66.1585 154.4369 54.9365 6.6278
Generation: 117 70.6549 146.4852 55.9360 6.5996
Generation: 118 62.4109 179.0053 55.7963 6.3946
Generation: 119 63.3156 151.8054 55.7854 5.9824
Generation: 120 63.7024 152.1786 55.7572 6.2761
Generation: 121 63.7550 152.2316 54.7738 6.3140
Generation: 122 63.7879 152.2657 55.5135 6.2682
Generation: 123 72.9627 148.5734 55.6114 8.2856
Generation: 124 62.0443 150.6257 55.2280 6.4803
Generation: 125 62.0328 150.6157 57.0318 5.4668
Generation: 126 63.6756 157.1602 56.7925 5.3507
Generation: 127 63.0098 151.6083 56.1424 5.6146
Generation: 128 62.0620 150.6452 55.9125 6.6347
Generation: 129 63.3299 151.8113 56.1408 6.0472
Generation: 130 62.4816 179.0750 56.3218 5.1353
Generation: 131 63.6706 180.1532 56.7178 5.1545
Generation: 132 63.5218 180.0046 56.3216 7.0087
Generation: 133 60.8857 149.5763 56.5773 5.5192
Generation: 134 60.9279 149.6198 56.7292 5.5627
Generation: 135 62.0203 150.6012 56.3305 5.8007
Generation: 136 60.8786 149.5693 57.0971 5.9951
Generation: 137 62.0786 150.6612 56.7856 5.7386
Generation: 138 69.5915 145.5334 57.7358 6.0899
Generation: 139 63.1775 151.6532 57.2841 5.2269
Generation: 140 62.0578 150.6407 57.2247 5.7150
Generation: 141 60.9407 149.6313 56.2241 6.1282
Generation: 142 64.0437 152.5339 57.9289 4.9764
Generation: 143 67.3494 143.5121 58.0071 4.2752
Generation: 144 68.4770 144.5282 56.7075 5.6699
Generation: 145 62.0096 150.5917 57.1497 4.9654
Generation: 146 63.1421 151.6161 57.3572 5.0830
Generation: 147 63.1460 151.6196 57.1207 4.5300
Generation: 148 60.9174 149.6078 57.9155 4.6891
Generation: 149 62.7308 151.3152 57.6605 4.1464
Generation: 150 70.5223 146.3313 57.4198 5.0751
Generation: 151 63.6876 152.1652 57.8133 5.0605
Generation: 152 62.0535 150.6352 57.3441 5.4236
Generation: 153 62.7297 179.3084 58.8251 4.4417
Generation: 154 69.3332 145.2572 56.4583 4.9353
Generation: 155 62.5070 151.0902 58.0876 5.3301
Generation: 156 60.9577 149.6468 58.0509 4.7980
Generation: 157 62.5851 179.1721 58.0533 4.4100
Generation: 158 68.1927 144.2479 58.4905 4.2184
Generation: 159 65.6541 181.9207 58.4468 4.2630
Generation: 160 64.0593 152.5508 59.1953 4.8767
Generation: 161 62.0435 150.6252 58.7533 4.3381
Generation: 162 63.5879 180.0739 58.5929 4.2583
Generation: 163 68.0971 184.1519 57.9128 4.2473
Generation: 164 65.7734 182.0423 57.6560 4.2646
Generation: 165 68.5548 144.6003 59.0413 4.3897
Generation: 166 63.1093 151.5826 58.7998 4.3478
Generation: 167 63.5376 180.0174 59.0874 4.2300
Generation: 168 60.9551 149.6443 58.6408 3.8910
Generation: 169 63.7259 152.2032 58.0305 4.9497
Generation: 170 68.0419 184.0956 59.4002 4.9284
Generation: 171 68.2478 184.2976 59.5556 4.5018
Generation: 172 63.8794 180.3564 58.5063 4.0566
Generation: 173 63.7641 180.2410 58.9328 4.9619
Generation: 174 63.7709 180.2526 58.3976 5.4980
Generation: 175 62.1376 150.7222 58.2020 5.0822
Generation: 176 60.9531 149.6428 58.6846 4.1715
Generation: 177 67.1133 183.2759 59.7990 4.3346
Generation: 178 64.7730 181.1531 59.9693 4.5632
Generation: 179 63.7891 180.2672 59.5716 4.1625
Generation: 180 68.1787 184.2332 60.1221 5.3518
Generation: 181 63.6831 180.1695 59.0244 4.8829
Generation: 182 64.7030 181.0782 59.4927 4.3367
Generation: 183 68.2199 184.2701 59.9578 5.0620
Generation: 184 67.0991 183.2621 59.9578 4.5445
Generation: 185 65.6763 181.9461 59.4330 4.2797
Generation: 186 63.5493 180.0364 59.5142 4.4080
Generation: 187 64.9851 181.3636 59.9992 4.6169
Generation: 188 68.1173 184.1699 59.7332 4.7866
Generation: 189 68.0901 184.1434 59.2671 5.4057
Generation: 190 68.3780 184.4280 60.3938 4.7515
Generation: 191 68.1338 184.1877 59.9902 5.4981
Generation: 192 68.0369 184.0918 59.7498 5.0960
Generation: 193 68.1669 184.2186 60.0340 5.0914
Generation: 194 68.3628 184.4140 60.2223 5.3319
Generation: 195 68.3167 184.3691 60.4326 4.8043
Generation: 196 68.2783 184.3322 60.4746 4.8228
Generation: 197 64.9161 181.2920 61.3986 4.2402
Generation: 198 68.2060 184.2588 61.1479 4.8145
Generation: 199 68.2921 184.3433 61.2586 4.1948
Generation: 200 68.2174 184.2703 59.9481 4.6311
Generation: 201 68.0045 184.0588 60.4495 5.1090
Generation: 202 68.3130 184.3659 61.0199 4.6547
Generation: 203 68.1945 184.2447 60.9066 4.6947
Generation: 204 68.4156 184.4694 61.3842 4.5832
Generation: 205 68.3195 184.3686 61.1353 4.4156
Generation: 206 68.1890 184.2412 60.2399 4.7986
Generation: 207 68.2136 184.2664 60.8718 4.2899
Generation: 208 68.3312 184.3837 60.0721 4.9241
Generation: 209 68.2220 184.2753 60.3366 5.6197
Generation: 210 68.3152 184.3651 61.3480 4.9274
Generation: 211 68.2954 184.3418 60.1822 4.7157
Generation: 212 68.1819 184.2317 60.5458 4.8663
Generation: 213 68.4992 184.5527 61.2200 4.6861
Generation: 214 68.6056 184.6578 61.0065 4.9676
Generation: 215 68.5401 184.5931 60.0064 5.3037
Generation: 216 68.4423 184.4949 61.0385 4.0384
Generation: 217 68.3083 184.3609 61.3338 4.6153
Generation: 218 68.2375 184.2901 60.3969 5.4405
Generation: 219 68.1978 184.2497 60.1136 5.0426
Generation: 220 68.3294 184.3821 60.1037 5.6101
Generation: 221 68.4063 184.4605 60.2568 4.9573
Generation: 222 68.3085 184.3613 60.6178 4.9908
Generation: 223 68.3196 184.3734 60.7395 4.2082
Generation: 224 68.4781 184.5303 60.5924 5.1907
Generation: 225 68.3169 184.3696 60.2958 4.6831
Generation: 226 68.3807 184.4328 60.9043 4.3646
Generation: 227 68.2695 184.3197 60.4681 4.9819
Generation: 228 68.2878 184.3373 61.0479 4.6426
Generation: 229 68.4252 184.4782 60.1090 5.3113
Generation: 230 68.4544 184.5071 61.0470 4.6721
Generation: 231 68.2446 184.2936 60.2834 4.9082
Generation: 232 68.4372 184.4895 61.7973 4.9113
Generation: 233 68.2357 184.2852 60.9242 4.8183
Generation: 234 68.5872 184.6372 61.0302 5.0936
Generation: 235 68.4139 184.4668 60.4428 5.6650
Generation: 236 68.4551 184.5087 61.3789 4.4156
Generation: 237 68.4583 184.5126 62.2558 4.4266
Generation: 238 68.2020 184.2528 61.3745 4.3554
Generation: 239 68.5094 184.5617 61.0707 5.1833
Generation: 240 68.4432 184.4984 61.0307 4.6077
Generation: 241 68.5320 184.5861 61.6013 4.1796
Generation: 242 68.5657 184.6194 61.2517 4.9443
Generation: 243 68.4026 184.4549 61.3022 4.4589
Generation: 244 68.3911 184.4438 61.6952 3.8120
Generation: 245 68.5940 184.6457 61.7917 4.0467
Generation: 246 68.4866 184.5411 62.0523 4.4622
Generation: 247 68.5662 184.6198 61.2506 4.1544
Generation: 248 68.3328 184.3823 61.2549 4.7353
Generation: 249 68.5540 184.6036 62.1257 4.5194
Generation: 250 68.5728 184.6249 61.6334 5.2778
Generation: 251 68.2605 184.3095 61.4559 4.0080
Generation: 252 68.4639 184.5167 61.4645 4.6269
Generation: 253 68.4005 184.4535 61.5381 4.4464
Generation: 254 68.5463 184.5993 61.1089 5.4609
Generation: 255 68.6510 184.7036 59.8713 5.2211
Generation: 256 68.5114 184.5638 61.3189 5.1540
Generation: 257 68.4942 184.5472 61.5091 4.9436
Generation: 258 68.6466 184.6982 62.5157 3.7606
Generation: 259 68.4493 184.5016 61.2196 4.4101
Generation: 260 68.5376 184.5912 61.5956 4.1763
Generation: 261 68.5699 184.6197 61.7654 4.5717
Generation: 262 68.6155 184.6655 61.0806 5.2698
Generation: 263 68.6269 184.6786 62.8006 3.9446
Generation: 264 68.5972 184.6495 62.2139 4.5388
Generation: 265 68.6045 184.6586 61.9188 4.4372
Generation: 266 68.5680 184.6180 61.1158 4.1232
Generation: 267 68.6150 184.6651 62.4763 4.1048
Generation: 268 69.0154 184.9616 62.4583 4.5843
Generation: 269 68.5820 184.6357 62.2697 4.1145
Generation: 270 68.5266 184.5795 61.4608 4.5493
Generation: 271 68.5268 184.5791 61.5232 4.4295
Generation: 272 68.7311 184.7824 61.4246 4.5693
Generation: 273 68.4581 184.5103 61.0304 4.3136
Generation: 274 68.7356 184.7874 61.2152 4.4203
Generation: 275 68.2819 184.3355 60.8099 4.3078
Generation: 276 68.6840 184.7336 61.6173 4.3994
Generation: 277 69.3693 185.3139 61.1102 4.3696
Generation: 278 68.6260 184.6788 61.1625 4.3659
Generation: 279 68.7453 184.7965 61.6734 4.3963
Generation: 280 68.5292 184.5822 61.9995 4.3656
Generation: 281 68.6469 184.6982 61.8752 4.2499
Generation: 282 68.6028 184.6549 61.6425 4.9115
Generation: 283 68.5528 184.6045 61.6620 4.1952
Generation: 284 68.6287 184.6799 61.4111 4.6910
Generation: 285 70.3706 186.1990 62.5876 3.8705
Generation: 286 68.6687 184.7199 61.5160 4.4719
Generation: 287 68.7033 184.7565 61.3669 4.5839
Generation: 288 68.6152 184.6670 61.9296 5.0496
Generation: 289 68.6707 184.7211 59.9808 5.9999
Generation: 290 68.3085 184.3608 60.8260 6.0867
Generation: 291 68.5775 184.6313 60.0700 6.1643
Generation: 292 68.6456 184.6978 61.4579 5.9230
Generation: 293 68.4690 184.5217 61.9089 4.9255
Generation: 294 68.4605 184.5140 61.1729 4.9461
Generation: 295 68.3475 184.4013 60.6622 4.6380
Generation: 296 68.6413 184.6932 62.2823 3.9653
Generation: 297 68.5031 184.5559 62.0479 4.7521
Generation: 298 68.4846 184.5382 60.9433 5.3208
Generation: 299 68.4127 184.4649 61.5776 5.4455
Generation: 300 68.6072 184.6608 62.0681 3.5109
Generation: 301 68.6192 184.6716 61.5998 4.3802
Generation: 302 68.4556 184.5078 61.7823 4.3896
Generation: 303 68.5228 184.5749 62.1935 4.5695
Generation: 304 68.6290 184.6812 62.7137 4.1498
Generation: 305 68.8177 184.8695 62.6347 3.9807
Generation: 306 68.5130 184.5630 61.8275 4.2243
Generation: 307 68.6211 184.6728 62.4662 4.5740
Generation: 308 68.6506 184.7020 61.5664 3.9876
Generation: 309 68.4368 184.4889 61.9623 3.9363
Generation: 310 68.5605 184.6105 61.6696 4.0911
Generation: 311 68.7090 184.7617 62.2714 4.0099
Generation: 312 68.5263 184.5782 61.9770 5.5337
Generation: 313 68.6391 184.6898 62.2051 3.8484
Generation: 314 68.7782 184.8319 61.5470 4.3210
Generation: 315 68.7599 184.8097 62.4222 4.1970
Generation: 316 68.6055 184.6555 62.5926 3.8481
Generation: 317 68.7618 184.8136 62.2916 3.8883
Generation: 318 68.4557 184.5052 62.6745 4.1758
Generation: 319 64.7017 191.0317 62.9610 3.9999
Generation: 320 68.6617 184.7141 62.2736 4.7162
Generation: 321 68.6898 184.7433 62.3174 4.4670
Generation: 322 68.6448 184.6983 62.5300 4.1537
Generation: 323 68.4061 184.4588 61.9845 4.1744
Generation: 324 68.6473 184.6995 62.5806 4.0809
Generation: 325 68.6858 184.7378 62.9316 3.8285
Generation: 326 68.6297 184.6794 62.6434 4.0780
Generation: 327 60.4442 187.2177 61.6162 4.4677
Generation: 328 68.6086 184.6613 61.5471 3.8424
Generation: 329 68.7198 184.7715 62.2049 4.6496
Generation: 330 68.7009 184.7524 62.4212 4.0025
Generation: 331 68.6369 184.6873 62.1665 4.2228
Generation: 332 68.6801 184.7324 62.5579 4.2712
Generation: 333 68.6910 184.7438 62.5846 3.9259
Generation: 334 68.5555 184.6055 62.7995 4.0648
Generation: 335 68.7072 184.7569 61.5063 4.9099
Generation: 336 68.7016 184.7529 62.5486 4.0748
Generation: 337 68.7122 184.7645 62.9820 3.8143
Generation: 338 68.6574 184.7086 62.3629 4.0335
Generation: 339 68.6422 184.6945 62.4086 4.2875
Generation: 340 68.6198 184.6720 63.1353 4.0627
Generation: 341 68.4924 184.5422 62.8338 3.7335
Generation: 342 68.6207 184.6715 62.5118 4.1884
Generation: 343 68.7077 184.7576 62.5074 4.3210
Generation: 344 68.7448 184.7965 63.2195 4.1214
Generation: 345 68.5876 184.6399 62.7921 3.8558
Generation: 346 68.7065 184.7582 63.3594 3.3993
Generation: 347 68.5453 184.5980 62.6668 4.1585
Generation: 348 68.5578 184.6099 62.6673 4.2243
Generation: 349 69.2862 185.2304 62.5115 4.3333
Generation: 350 68.6394 184.6911 61.8485 4.1459
Generation: 351 68.3633 184.4157 62.3979 4.0640
Generation: 352 68.5202 184.5737 62.7659 4.4208
Generation: 353 68.7248 184.7765 62.1724 4.1473
Generation: 354 68.4110 184.4599 62.4369 3.5662
Generation: 355 68.4154 184.4697 62.0979 4.0668
Generation: 356 68.4768 184.5289 62.5301 4.0925
Generation: 357 68.4273 184.4793 62.2293 3.8630
Generation: 358 68.6168 184.6691 62.1500 3.9567
Generation: 359 68.6323 184.6840 63.5046 3.5388
Generation: 360 69.6646 185.6096 62.7677 4.0315
Generation: 361 68.6640 184.7180 63.0036 3.7446
Generation: 362 68.4925 184.5432 62.2570 3.6617
Generation: 363 68.6729 184.7245 62.2877 3.7493
Generation: 364 68.5195 184.5714 63.1678 3.7276
Generation: 365 69.6444 185.5880 63.0245 3.8841
Generation: 366 68.6612 184.7133 63.1233 3.9593
Generation: 367 68.6730 184.7230 62.8043 4.0830
Generation: 368 68.4952 184.5448 62.9173 5.3202
Generation: 369 68.5059 184.5594 62.9500 4.0326
Generation: 370 68.6604 184.7124 63.2103 3.9630
Generation: 371 68.7205 184.7720 62.1875 4.2785
Generation: 372 68.6863 184.7370 63.3642 4.0055
Generation: 373 68.6203 184.6724 62.5943 3.9549
Generation: 374 68.4042 184.4566 62.8786 3.8883
Generation: 375 68.6817 184.7341 63.3302 4.0339
Generation: 376 68.7518 184.8036 62.1825 4.1138
Generation: 377 68.7702 184.8201 63.1727 4.3019
Generation: 378 68.7247 184.7744 62.0235 3.7475
Generation: 379 68.5504 184.6022 62.7351 4.3378
Generation: 380 68.6280 184.6816 62.6221 4.5023
Generation: 381 68.6533 184.7053 62.9585 3.9039
Generation: 382 68.7588 184.8107 62.5288 4.3179
Generation: 383 68.6857 184.7369 62.6356 3.8841
Generation: 384 68.7425 184.7961 62.6952 4.1965
Generation: 385 68.5787 184.6303 62.0770 4.2614
Generation: 386 68.7785 184.8282 63.8610 4.0809
Generation: 387 68.5575 184.6115 63.0797 3.9501
Generation: 388 68.4232 184.4751 62.6678 3.8942
Generation: 389 68.6782 184.7319 62.8256 4.0311
Generation: 390 68.6941 184.7457 62.6991 3.8882
Generation: 391 68.6253 184.6744 62.4042 4.4153
Generation: 392 68.5574 184.6095 62.6804 4.1690
Generation: 393 68.7557 184.8094 62.4328 3.8098
Generation: 394 68.5496 184.6006 62.6592 3.9707
Generation: 395 68.7031 184.7553 62.2209 4.3320
Generation: 396 69.4520 185.3979 62.3383 4.1120
Generation: 397 68.6369 184.6891 61.9669 4.1867
Generation: 398 68.6528 184.7055 62.3711 3.8690
Generation: 399 68.6221 184.6768 62.5783 4.3421
Generation: 400 68.6095 184.6616 62.8993 4.0803
Generation: 401 68.5985 184.6490 62.5815 4.3556
Generation: 402 68.7303 184.7815 63.7765 3.9687
Generation: 403 68.6128 184.6640 63.5055 4.0146
Generation: 404 68.6273 184.6795 62.1379 4.0619
Generation: 405 68.5218 184.5750 62.9309 3.7327
Generation: 406 68.6302 184.6834 62.6059 3.8485
Generation: 407 68.6697 184.7197 62.3227 3.9777
Generation: 408 68.6843 184.7366 63.5516 4.0141
Generation: 409 68.7048 184.7565 62.8505 4.3175
Generation: 410 68.6167 184.6691 63.1266 3.9979
Generation: 411 68.7468 184.7997 63.1050 4.3848
Generation: 412 68.7729 184.8249 63.2476 3.9023
Generation: 413 68.6897 184.7394 63.4918 4.0555
Generation: 414 68.7058 184.7578 63.1080 3.9940
Generation: 415 68.7058 184.7578 63.5322 4.0205
Generation: 416 68.6972 184.7469 63.2299 4.3619
Generation: 417 68.7488 184.8007 63.1957 3.7758
Generation: 418 68.6040 184.6575 62.7765 3.9921
Generation: 419 68.5453 184.5974 63.2525 3.7945
Generation: 420 68.7275 184.7820 62.7227 4.2844
Generation: 421 68.6625 184.7126 63.2455 4.3389
Generation: 422 68.6810 184.7328 63.6241 4.0900
Generation: 423 68.5417 184.5941 63.4029 4.0058
Generation: 424 68.5798 184.6315 63.0742 3.7977
Generation: 425 68.7614 184.8137 63.9585 3.9042
Generation: 426 68.6339 184.6853 63.0367 4.1103
Generation: 427 68.6072 184.6595 62.9422 4.0231
Generation: 428 68.6261 184.6774 63.5685 3.9319
Generation: 429 68.6981 184.7503 63.8871 3.7754
Generation: 430 68.6864 184.7378 64.2798 3.5639
Generation: 431 68.6766 184.7282 63.8183 3.5792
Generation: 432 68.5016 184.5561 63.2131 4.3150
Generation: 433 68.7629 184.8149 63.3648 3.7297
Generation: 434 68.6863 184.7392 64.0709 3.5005
Generation: 435 68.6907 184.7444 64.1174 3.9576
Generation: 436 68.5018 184.5555 63.2989 3.8764
Generation: 437 68.6167 184.6702 63.4210 4.1044
Generation: 438 68.7484 184.7999 64.2820 3.9656
Generation: 439 68.7628 184.8161 63.7269 4.1110
Generation: 440 68.7538 184.8067 63.2198 3.8563
Generation: 441 68.5547 184.6083 64.4503 3.5448
Generation: 442 68.6318 184.6836 63.3312 4.3672
Generation: 443 68.6742 184.7240 63.8533 4.0549
Generation: 444 68.7339 184.7862 63.8258 3.9629
Generation: 445 69.3131 185.2564 63.8583 3.9003
Generation: 446 68.6251 184.6774 63.8836 3.9729
Generation: 447 68.7326 184.7865 63.2037 3.9849
Generation: 448 68.6723 184.7240 63.3865 3.6620
Generation: 449 68.7089 184.7612 63.6203 3.8548
Generation: 450 68.6983 184.7503 62.5636 4.0008
Generation: 451 68.8233 184.8753 63.7922 3.7999
Generation: 452 68.6989 184.7494 63.1139 4.4522
Generation: 453 68.6197 184.6720 63.6348 3.8452
Generation: 454 68.8965 184.9461 63.0944 3.9200
Generation: 455 68.7061 184.7598 63.9648 3.9867
Generation: 456 68.7555 184.8074 64.0114 3.6176
Generation: 457 68.7799 184.8336 64.0193 3.7658
Generation: 458 68.7730 184.8249 63.5793 3.7229
Generation: 459 68.7317 184.7815 63.8577 3.8228
Generation: 460 68.7994 184.8516 63.8848 4.0882
Generation: 461 68.6290 184.6830 63.3205 3.9154
Generation: 462 68.6927 184.7426 63.4632 3.9886
Generation: 463 68.6361 184.6907 64.0390 3.7590
Generation: 464 68.7058 184.7578 64.0102 3.8376
Generation: 465 69.4655 185.4108 63.6605 3.8015
Generation: 466 68.6347 184.6874 64.5363 3.5449
Generation: 467 68.8013 184.8532 64.6797 3.4352
Generation: 468 68.5110 184.5631 63.6815 3.9528
Generation: 469 68.7267 184.7773 63.6829 3.7388
Generation: 470 68.6008 184.6528 63.3117 3.5309
Generation: 471 68.7054 184.7574 63.5097 3.7730
Generation: 472 68.7983 184.8503 63.8691 3.8810
Generation: 473 68.7208 184.7728 64.4099 3.2583
Generation: 474 68.6934 184.7440 64.1757 3.7880
Generation: 475 68.6419 184.6927 64.4858 3.6057
Generation: 476 69.0418 185.0946 63.8789 4.1956
Generation: 477 68.6763 184.7297 64.2381 3.6652
Generation: 478 68.9268 184.9786 63.5223 4.3920
Generation: 479 68.7592 184.8116 64.5191 4.1539
Generation: 480 68.7637 184.8158 63.8392 4.0785
Generation: 481 68.7456 184.7984 64.5790 3.7839
Generation: 482 68.7958 184.8478 63.2558 4.0273
Generation: 483 68.8336 184.8863 63.5173 3.9594
Generation: 484 68.7558 184.8078 63.3624 4.3994
Generation: 485 68.6790 184.7316 63.7936 4.0363
Generation: 486 68.7507 184.8033 64.4555 3.9726
Generation: 487 68.7292 184.7816 64.6353 3.7359
Generation: 488 68.7011 184.7537 63.8793 3.9940
Generation: 489 68.6635 184.7163 63.4773 4.2005
Generation: 490 68.7562 184.8083 64.6005 3.5936
Generation: 491 68.7185 184.7723 64.6885 3.8654
Generation: 492 68.8217 184.8723 64.3092 3.9671
Generation: 493 68.7169 184.7682 65.3437 4.0244
Generation: 494 68.6522 184.7019 64.6439 3.6599
Generation: 495 68.7325 184.7836 64.7530 3.8958
Generation: 496 68.7206 184.7734 64.9394 3.8833
Generation: 497 68.7886 184.8413 64.6593 3.8298
Generation: 498 68.6743 184.7279 63.5629 4.4731
Generation: 499 68.7081 184.7609 64.3835 4.2279
Generation: 500 68.6944 184.7466 64.0836 4.3289
Generation: 501 68.7429 184.7959 64.2825 4.1324
Generation: 502 68.7133 184.7653 64.5080 4.2109
Generation: 503 68.7531 184.8053 65.3098 3.7333
Generation: 504 68.7517 184.8041 64.0814 4.4115
Generation: 505 68.6573 184.7090 64.6484 3.9158
Generation: 506 68.7921 184.8411 64.5361 3.8108
Generation: 507 68.8385 184.8909 63.7819 4.1563
Generation: 508 68.7374 184.7877 64.7698 3.7633
Generation: 509 68.8156 184.8674 64.1970 4.1653
Generation: 510 68.9069 184.9565 64.3952 4.2461
Generation: 511 68.7144 184.7661 63.8717 4.0064
Generation: 512 68.8302 184.8820 64.4858 4.0131
Generation: 513 68.7488 184.7986 64.4704 3.7721
Generation: 514 68.7835 184.8332 65.2910 3.4991
Generation: 515 68.9036 184.9553 64.1774 3.9462
Generation: 516 68.8263 184.8792 64.2507 3.9182
Generation: 517 68.7374 184.7872 64.4052 3.6756
Generation: 518 68.7660 184.8174 63.6723 4.0899
Generation: 519 68.7806 184.8334 64.5351 4.0108
Generation: 520 68.6656 184.7178 64.1874 4.0114
Generation: 521 68.7469 184.7986 64.4165 3.8033
Generation: 522 68.8918 184.9441 64.6026 3.8368
Generation: 523 68.8563 184.9061 65.6823 3.5605
Generation: 524 68.8315 184.8811 64.1448 4.0912
Generation: 525 68.8513 184.9011 64.4822 4.2116
Generation: 526 68.8220 184.8741 64.4125 3.9560
Generation: 527 68.9050 184.9570 64.1153 3.9989
Generation: 528 69.0313 185.0828 64.8790 3.9609
Generation: 529 68.8601 184.9129 63.8513 4.3836
Generation: 530 68.8106 184.8624 64.9102 3.7835
Generation: 531 68.8452 184.8986 64.1372 4.1847
Generation: 532 68.8815 184.9311 64.1655 3.7475
Generation: 533 68.8230 184.8758 64.3993 4.2198
Generation: 534 68.8036 184.8561 63.6054 3.9901
Generation: 535 68.7350 184.7870 64.7399 3.6736
Generation: 536 68.7950 184.8470 64.9761 3.6229
Generation: 537 68.9779 185.0299 64.7523 3.9335
Generation: 538 69.0419 185.0932 65.4977 3.1747
Generation: 539 68.9469 184.9982 64.8743 3.6529
Generation: 540 68.9259 184.9774 64.6822 3.7299
Generation: 541 68.9233 184.9753 65.5054 3.5459
Generation: 542 68.8727 184.9245 64.5173 4.2570
Generation: 543 68.9936 185.0453 64.8231 4.1034
Generation: 544 68.8031 184.8559 65.1870 3.7021
Generation: 545 68.8899 184.9390 64.4707 4.3942
Generation: 546 68.8676 184.9200 64.8004 4.2095
Generation: 547 68.9852 185.0370 65.6696 3.7419
Generation: 548 68.9614 185.0138 64.6112 4.1322
Generation: 549 68.9973 185.0495 64.7855 3.8835
Generation: 550 68.9258 184.9757 64.0128 4.2290
Generation: 551 69.0477 185.0995 64.2229 4.2031
Generation: 552 68.9800 185.0303 64.9411 3.9267
Generation: 553 69.0059 185.0594 64.0696 3.7796
Generation: 554 69.1441 185.1991 64.5544 3.8302
Generation: 555 69.0438 185.0957 64.5847 3.9491
Generation: 556 68.9554 185.0091 64.1395 4.0405
Generation: 557 69.0725 185.1223 64.8477 3.6677
Generation: 558 69.0105 185.0624 64.6911 3.7326
Generation: 559 69.0969 185.1482 64.6720 3.5662
Generation: 560 68.8295 184.8832 64.8964 3.9975
Generation: 561 68.8422 184.8919 64.4177 3.8246
Generation: 562 68.9967 185.0465 64.8257 4.2525
Generation: 563 69.0592 185.1090 64.6509 3.7362
Generation: 564 68.9471 184.9978 64.6200 4.1505
Generation: 565 68.9374 184.9865 64.4232 3.9446
Generation: 566 69.0047 185.0566 64.7115 3.7844
Generation: 567 69.0936 185.1453 65.2317 3.1838
Generation: 568 68.9741 185.0253 65.2403 3.4142
Generation: 569 69.1060 185.1557 65.1887 3.6617
Generation: 570 68.9550 185.0053 65.0251 3.6258
Generation: 571 69.0027 185.0545 65.2190 3.6774
Generation: 572 69.0214 185.0738 64.6446 3.5819
Generation: 573 68.8481 184.8982 65.0549 3.8213
Generation: 574 68.8908 184.9428 64.9382 4.0052
Generation: 575 68.8954 184.9474 65.5002 3.9274
Generation: 576 68.8636 184.9153 64.6780 4.0742
Generation: 577 68.9387 184.9899 64.9406 3.7218
Generation: 578 69.0263 185.0761 64.8741 4.1663
Generation: 579 68.7644 184.8142 64.7248 3.7991
Generation: 580 68.9980 185.0499 64.9156 4.0910
Generation: 581 69.0319 185.0836 64.4063 4.0809
Generation: 582 68.9834 185.0359 65.6465 3.7709
Generation: 583 69.1130 185.1649 64.7055 3.7966
Generation: 584 68.8260 184.8778 64.7664 3.9925
Generation: 585 69.0161 185.0665 65.0452 3.7264
Generation: 586 69.0483 185.0994 64.4740 3.9450
Generation: 587 69.1377 185.1895 65.4734 3.5997
Generation: 588 68.9110 184.9607 64.9571 3.9472
Generation: 589 68.9652 185.0170 65.3993 3.6394
Generation: 590 68.9841 185.0353 65.1341 3.7545
Generation: 591 69.0139 185.0657 65.4741 3.2760
Generation: 592 68.9883 185.0394 64.6409 4.1042
Generation: 593 68.8755 184.9274 65.3296 3.4985
Generation: 594 69.1318 185.1869 65.6256 3.1928
Generation: 595 69.0113 185.0611 65.1531 4.0392
Generation: 596 69.0955 185.1474 65.2775 3.8347
Generation: 597 69.1058 185.1578 65.6974 3.7727
Generation: 598 69.0177 185.0695 64.7262 4.0108
Generation: 599 69.0827 185.1345 65.5914 3.5678
Generation: 600 69.0675 185.1195 65.4544 3.4162
Generation: 601 69.1181 185.1719 65.4632 3.7569
Generation: 602 69.0266 185.0836 64.6992 4.0687
Generation: 603 69.1380 185.1899 65.4271 3.5470
Generation: 604 69.1541 185.2094 65.5185 3.5420
Generation: 605 69.1022 185.1519 64.7452 4.1750
Generation: 606 69.0737 185.1290 65.6945 3.6003
Generation: 607 69.0809 185.1369 64.9337 4.1084
Generation: 608 69.1345 185.1898 65.1909 3.7867
Generation: 609 69.2800 185.3474 65.6202 3.3372
Generation: 610 69.0760 185.1288 64.6481 4.1714
Generation: 611 69.1213 185.1711 64.7784 3.8726
Generation: 612 69.0374 185.0941 64.8600 3.7860
Generation: 613 69.0401 185.0904 65.9559 3.4576
Generation: 614 69.0141 185.0694 64.7337 3.7312
Generation: 615 69.1146 185.1698 65.8787 3.4117
Generation: 616 69.0808 185.1328 65.4526 3.5333
Generation: 617 69.1385 185.1912 64.5991 4.5215
Generation: 618 69.0867 185.1378 65.3345 3.7511
Generation: 619 69.0504 185.1044 65.7686 3.8626
Generation: 620 69.0760 185.1287 65.5450 3.5025
Generation: 621 69.0460 185.0957 65.3664 3.7939
Generation: 622 68.9817 185.0357 64.9659 3.9692
Generation: 623 68.9038 184.9600 66.0142 3.2545
Generation: 624 69.0112 185.0619 65.9506 3.4691
Generation: 625 69.1141 185.1694 65.0487 4.2166
Generation: 626 69.1006 185.1557 65.2377 4.0656
Generation: 627 69.1256 185.1775 65.3721 3.7476
Generation: 628 68.9459 184.9965 65.6846 3.4944
Generation: 629 69.0649 185.1212 65.1001 4.0794
Generation: 630 69.1105 185.1653 65.3592 3.5566
Generation: 631 69.0359 185.0865 65.5842 3.8978
Generation: 632 69.0158 185.0678 65.4595 3.4461
Generation: 633 69.0366 185.0919 65.4125 3.6292
Generation: 634 68.9938 185.0490 65.6983 3.8462
Generation: 635 69.1384 185.1936 65.4760 3.8234
Generation: 636 69.0760 185.1257 65.5804 3.7175
Generation: 637 69.1175 185.1707 65.0385 4.0372
Generation: 638 68.9859 185.0419 65.9380 3.6764
Generation: 639 68.9758 185.0311 65.1862 4.0135
Generation: 640 69.0107 185.0565 65.5533 3.9514
Generation: 641 69.0626 185.1173 65.7855 3.7545
Generation: 642 69.1144 185.1813 65.3890 4.1490
Generation: 643 69.1296 185.1828 65.8175 3.6193
Generation: 644 69.0207 185.0778 64.9165 3.8615
Generation: 645 69.0051 185.0602 65.7668 3.8262
Generation: 646 69.0596 185.1148 65.5505 3.9948
Generation: 647 69.1353 185.1886 66.2802 3.2089
Generation: 648 69.0075 185.0633 66.0105 3.3020
Generation: 649 69.0448 185.0998 65.8508 3.9610
Generation: 650 69.1159 185.1662 65.4125 3.9977
Generation: 651 69.1866 185.2419 65.5566 3.6281
Generation: 652 69.1018 185.1501 65.9892 3.5535
Generation: 653 69.0525 185.1077 65.8163 3.5976
Generation: 654 69.1528 185.2061 65.6258 3.5853
Generation: 655 69.1416 185.1969 66.4456 3.0082
Generation: 656 69.1516 185.2069 65.5002 3.7495
Generation: 657 69.0577 185.1128 66.0454 3.2090
Generation: 658 69.1763 185.2315 66.0192 3.2137
Generation: 659 69.1556 185.2107 65.3757 3.7490
Generation: 660 69.0918 185.1457 66.0797 3.3858
Generation: 661 69.1091 185.1644 66.3193 3.2083
Generation: 662 69.0966 185.1519 66.1895 3.2455
Generation: 663 69.1601 185.2157 66.2925 3.1468
Generation: 664 69.0621 185.1173 65.4923 3.4451
Generation: 665 69.1201 185.1752 66.0329 3.0961
Generation: 666 69.1402 185.1920 66.3560 2.9298
Generation: 667 69.3023 185.3700 65.6906 3.5326
Generation: 668 69.0030 185.0599 65.9534 3.4398
Generation: 669 69.0420 185.0973 65.7112 3.2924
Generation: 670 69.2041 185.2594 66.1605 3.0044
Generation: 671 69.0837 185.1390 66.7427 2.7859
Generation: 672 69.1202 185.1748 65.8472 3.5168
Generation: 673 69.1711 185.2380 65.7417 3.4739
Generation: 674 69.0765 185.1337 64.8420 3.9847
Generation: 675 69.1209 185.1761 66.0872 3.1016
Generation: 676 69.1393 185.1943 66.1264 3.1363
Generation: 677 69.0937 185.1490 66.0786 3.3764
Generation: 678 69.0790 185.1344 66.4464 2.9724
Generation: 679 69.1038 185.1590 66.6801 2.8092
Generation: 680 69.0904 185.1462 66.6985 2.8102
Generation: 681 69.1050 185.1582 66.6865 3.0346
Generation: 682 69.1225 185.1757 66.9390 2.7004
Generation: 683 69.1241 185.1794 65.9775 3.2790
Generation: 684 69.1021 185.1583 66.8076 2.7823
Generation: 685 69.1440 185.1994 67.1545 2.8312
Generation: 686 69.1129 185.1633 67.0462 2.5946
Generation: 687 69.1064 185.1591 66.7433 2.4855
Generation: 688 69.1891 185.2444 66.4001 3.1621
Generation: 689 69.0941 185.1494 66.8798 3.0635
Generation: 690 69.1491 185.2044 66.8482 2.7527
Generation: 691 69.1020 185.1573 66.7047 3.0979
Generation: 692 69.2005 185.2553 66.8199 2.8007
Generation: 693 69.1450 185.1982 67.4899 2.3728
Generation: 694 69.0345 185.0898 66.5529 2.8804
Generation: 695 69.1660 185.2215 67.4015 2.0969
Generation: 696 69.0837 185.1399 66.4321 3.2026
Generation: 697 69.0645 185.1198 67.4246 2.2316
Generation: 698 69.0675 185.1207 66.6336 3.0858
Generation: 699 69.1404 185.1962 67.1384 2.5745
Generation: 700 69.1000 185.1532 66.6989 3.2453
Generation: 701 69.0870 185.1423 67.1319 2.5282
Generation: 702 69.0945 185.1498 67.3443 2.7691
Generation: 703 69.1034 185.1586 66.4826 3.4790
Generation: 704 69.1195 185.1748 67.1453 3.1136
Generation: 705 69.1749 185.2294 66.8570 3.1858
Generation: 706 69.1916 185.2469 66.8905 3.4649
Generation: 707 69.1241 185.1794 66.9133 2.6661
Generation: 708 69.1649 185.2194 67.0869 2.7821
Generation: 709 69.1602 185.2148 66.5855 3.0998
Generation: 710 69.1863 185.2415 67.3161 2.5191
Generation: 711 69.1276 185.1830 67.4295 2.1603
Generation: 712 69.1391 185.1944 67.0761 2.6479
Generation: 713 69.1788 185.2340 67.4650 2.4601
Generation: 714 69.0763 185.1315 67.0431 3.1962
Generation: 715 69.1722 185.2269 67.3287 2.4702
Generation: 716 69.1280 185.1828 66.8460 3.0417
Generation: 717 69.1412 185.1965 66.9945 3.2220
Generation: 718 69.1920 185.2473 66.8779 3.1751
Generation: 719 69.1427 185.1973 66.9875 2.8988
Generation: 720 69.1070 185.1623 66.9817 2.7116
Generation: 721 69.1833 185.2386 66.8348 3.1354
Generation: 722 69.1162 185.1715 67.1836 2.4544
Generation: 723 69.2327 185.2873 67.3683 2.7276
Generation: 724 69.1899 185.2444 67.2671 2.5697
Generation: 725 69.1966 185.2519 67.0719 2.8791
Generation: 726 69.1245 185.1798 66.8086 2.9411
Generation: 727 69.2165 185.2719 67.1880 2.5739
Generation: 728 69.1666 185.2219 67.1983 2.8635
Generation: 729 69.1841 185.2394 66.9266 2.7552
Generation: 730 69.1413 185.1965 66.2698 3.4355
Generation: 731 69.1405 185.1936 67.1136 2.7521
Generation: 732 69.1015 185.1569 67.0795 2.4627
Generation: 733 69.1312 185.1865 66.9062 3.0220
Generation: 734 69.1496 185.2048 67.1720 2.8169
Generation: 735 69.2045 185.2598 67.3308 2.5893
Generation: 736 69.1995 185.2548 66.9509 2.5500
Generation: 737 69.3723 185.4400 67.0477 2.3832
Generation: 738 69.1655 185.2203 66.6813 3.1856
Generation: 739 69.1195 185.1748 67.1346 2.3766
Generation: 740 69.1741 185.2294 67.1273 2.4024
Generation: 741 69.1301 185.1852 66.3993 3.0540
Generation: 742 69.1838 185.2390 66.6904 3.0802
Generation: 743 69.1688 185.2240 67.1314 2.4374
Generation: 744 69.1028 185.1561 67.2265 2.3935
Generation: 745 69.1657 185.2203 67.6000 2.0144
Generation: 746 69.1643 185.2194 67.1040 2.4701
Generation: 747 69.0904 185.1457 66.8979 2.7629
Generation: 748 69.1691 185.2244 67.3243 2.6016
Generation: 749 69.1649 185.2194 67.2587 2.5004
Generation: 750 69.1072 185.1619 67.4444 2.4563
Generation: 751 69.1416 185.1969 66.8573 2.8777
Generation: 752 69.1145 185.1698 66.8933 2.8230
Generation: 753 69.1227 185.1773 67.2352 2.4036
Generation: 754 69.1164 185.1691 67.2132 2.7061
Generation: 755 69.1941 185.2494 67.5132 2.3790
Generation: 756 69.1638 185.2190 66.9639 2.4741
Generation: 757 69.2197 185.2736 67.2593 2.6426
Generation: 758 69.1613 185.2165 66.9258 3.1562
Generation: 759 69.1395 185.1948 66.4539 3.6925
Generation: 760 69.1774 185.2319 67.1143 2.6316
Generation: 761 69.1163 185.1715 67.0290 3.0496
Generation: 762 69.2016 185.2569 66.7049 3.2890
Generation: 763 69.1482 185.2028 66.5276 3.3504
Generation: 764 69.1224 185.1769 67.0220 2.9737
Generation: 765 69.1870 185.2423 66.6104 3.0014
Generation: 766 69.1166 185.1719 66.7671 3.1923
Generation: 767 69.1691 185.2244 66.5306 3.4675
Generation: 768 69.1274 185.1819 66.9656 2.8950
Generation: 769 69.0926 185.1482 66.8520 3.4465
Generation: 770 69.1152 185.1682 66.8335 3.3579
Generation: 771 69.1524 185.2069 67.8113 2.1570
Generation: 772 69.1601 185.2144 66.4087 3.4501
Generation: 773 69.1449 185.1994 66.8895 3.4228
Generation: 774 69.1951 185.2490 66.8495 3.1280
Generation: 775 69.1270 185.1823 67.0682 2.7681
Generation: 776 69.1969 185.2515 67.1821 2.8766
Generation: 777 69.1802 185.2348 66.8181 2.8525
Generation: 778 69.1439 185.1966 67.0590 2.7392
Generation: 779 69.1418 185.1969 67.7379 1.7840
Generation: 780 69.1183 185.1731 67.0743 2.4080
Generation: 781 69.0912 185.1465 67.2648 2.5823
Generation: 782 69.1416 185.1969 67.2210 2.3241
Generation: 783 69.1533 185.2086 67.5044 1.9419
Generation: 784 69.1232 185.1778 66.8065 2.9717
Generation: 785 69.1516 185.2069 66.8203 2.7923
Generation: 786 69.3915 185.4595 67.3097 2.4121
Generation: 787 69.1497 185.2044 67.2121 2.5764
Generation: 788 69.1691 185.2244 67.1703 2.6135
Generation: 789 69.1616 185.2169 67.4987 2.4990
Generation: 790 69.1770 185.2323 67.3641 2.8941
Generation: 791 69.1224 185.1787 67.1222 2.7811
Generation: 792 69.1945 185.2498 67.3133 2.7481
Generation: 793 69.1244 185.1770 67.4406 2.3891
Generation: 794 69.2166 185.2719 67.2940 2.7678
Generation: 795 69.1414 185.1941 66.5659 3.1731
Generation: 796 69.1491 185.2044 67.7437 2.1597
Generation: 797 69.1913 185.2465 66.9708 2.8722
Generation: 798 69.1265 185.1819 67.0249 2.9341
Generation: 799 69.1638 185.2190 67.3924 2.7404
Generation: 800 69.1644 185.2190 66.3976 3.2926
Generation: 801 69.1645 185.2198 66.6062 3.2485
Generation: 802 69.1182 185.1728 66.9494 3.3381
Generation: 803 69.1905 185.2453 66.4713 3.5309
Generation: 804 69.1095 185.1648 67.3978 2.1176
Generation: 805 69.1576 185.2123 66.6598 2.8102
Generation: 806 69.1529 185.2069 66.9939 2.9982
Generation: 807 69.2114 185.2657 67.2681 2.6667
Generation: 808 69.1370 185.1923 67.1957 2.9119
Generation: 809 69.2266 185.2819 67.1337 2.6186
Generation: 810 69.1616 185.2169 67.1397 2.6818
Generation: 811 69.2170 185.2723 67.5504 2.3556
Generation: 812 69.1691 185.2244 67.1881 2.5257
Generation: 813 69.2054 185.2594 67.4428 2.3713
Generation: 814 69.1616 185.2169 67.6512 1.8935
Generation: 815 69.1663 185.2215 66.6457 3.2962
Generation: 816 69.1638 185.2190 66.9230 2.6709
Generation: 817 69.1464 185.1991 67.1311 2.6495
Generation: 818 69.1225 185.1757 67.5177 2.2597
Generation: 819 69.1610 185.2137 66.6169 3.2574
Generation: 820 69.1391 185.1944 67.6544 2.1398
Generation: 821 69.1752 185.2298 67.2809 2.6097
Generation: 822 69.1452 185.1998 67.1052 2.8270
Generation: 823 69.1691 185.2244 66.7156 3.2364
Generation: 824 69.1951 185.2498 66.9956 2.8946
Generation: 825 69.1391 185.1944 67.3573 2.3556
Generation: 826 69.1441 185.1994 66.6832 3.1582
Generation: 827 69.1016 185.1569 67.4989 2.3321
Generation: 828 69.1516 185.2069 67.6260 2.1747
Generation: 829 69.1691 185.2244 67.1536 2.7323
Generation: 830 69.2152 185.2698 67.7623 1.8191
Generation: 831 69.1355 185.1903 67.5518 2.3942
Generation: 832 69.1320 185.1873 67.3145 2.4875
Generation: 833 69.1619 185.2165 66.8295 3.2394
Generation: 834 69.1930 185.2478 66.9951 3.1056
Generation: 835 69.1666 185.2219 67.5053 2.0084
Generation: 836 69.1613 185.2165 67.4398 2.1258
Generation: 837 69.2177 185.2723 66.7404 3.2092
Generation: 838 69.1974 185.2519 67.0171 2.5905
Generation: 839 69.1241 185.1794 66.9232 2.8879
Generation: 840 69.1691 185.2244 66.8013 3.1464
Generation: 841 69.2041 185.2594 66.9131 3.0708
Generation: 842 69.1720 185.2273 66.9036 2.9108
Generation: 843 69.1683 185.2187 66.6633 3.0308
Generation: 844 69.2549 185.3094 66.7112 3.1652
Generation: 845 69.2099 185.2644 66.9846 2.8381
Generation: 846 69.1866 185.2419 67.0476 3.0467
Generation: 847 69.1337 185.1890 66.7944 3.3235
Generation: 848 69.1666 185.2219 66.1978 3.5377
Generation: 849 69.1538 185.2090 66.8338 3.2017
Generation: 850 69.1874 185.2419 66.7298 3.3750
Generation: 851 69.1466 185.2019 67.1518 2.3569
Generation: 852 69.1495 185.2048 67.4632 2.6001
Generation: 853 69.1927 185.2473 66.4347 3.7251
Generation: 854 69.1466 185.2019 66.7586 3.1620
Generation: 855 69.1852 185.2398 66.9156 2.9944
Generation: 856 69.1438 185.1990 66.5359 3.2813
Generation: 857 69.1330 185.1878 67.1640 2.7137
Generation: 858 69.1441 185.1994 67.2759 2.5801
Generation: 859 69.1770 185.2323 67.6510 2.5141
Generation: 860 69.2002 185.2548 66.8896 3.0279
Generation: 861 69.1400 185.1932 67.1382 2.8407
Generation: 862 69.1587 185.2140 66.3251 3.6880
Generation: 863 69.1418 185.1969 66.7510 3.0462
Generation: 864 69.1224 185.1769 66.9368 2.8947
Generation: 865 69.1358 185.1911 67.5213 2.4145
Generation: 866 69.1463 185.2015 67.1617 2.7985
Generation: 867 69.1913 185.2465 66.8641 3.0407
Generation: 868 69.1541 185.2094 66.9325 2.8443
Generation: 869 69.2045 185.2598 66.7878 3.2563
Generation: 870 69.1395 185.1948 66.5917 3.1229
Generation: 871 69.2012 185.2565 66.9955 2.4510
Generation: 872 69.1545 185.2098 66.7366 3.3367
Generation: 873 69.1688 185.2240 66.9106 2.9135
Generation: 874 69.1463 185.2015 66.9863 2.8930
Generation: 875 69.1721 185.2273 67.1932 2.8184
Generation: 876 69.1788 185.2340 66.9325 3.1294
Generation: 877 69.0895 185.1448 67.0127 2.9862
Generation: 878 69.1175 185.1727 67.0504 2.8105
Generation: 879 69.1316 185.1869 67.0747 2.9558
Generation: 880 69.1238 185.1790 66.7425 2.6660
Generation: 881 69.1288 185.1840 66.7854 2.8908
Generation: 882 69.1087 185.1640 66.9607 2.8404
Generation: 883 69.0656 185.1194 66.8260 2.9605
Generation: 884 69.1200 185.1732 66.8297 3.1643
Generation: 885 69.1643 185.2194 66.9502 2.6233
Generation: 886 69.1150 185.1682 66.5255 3.3957
Generation: 887 69.1243 185.1794 66.0930 3.6542
Generation: 888 69.1388 185.1940 66.9793 3.0450
Generation: 889 69.1288 185.1840 66.3974 3.4134
Generation: 890 69.0904 185.1466 66.9591 2.6969
Generation: 891 69.1653 185.2186 66.9053 2.7491
Generation: 892 69.1052 185.1605 67.2102 2.5160
Generation: 893 71.3573 199.2003 66.8514 3.0199
Generation: 894 69.3939 185.4601 67.0313 2.5515
Generation: 895 69.1162 185.1715 66.4961 3.5503
Generation: 896 69.1841 185.2394 66.8657 2.9855
Generation: 897 69.1988 185.2540 67.1332 2.8030
Generation: 898 69.1588 185.2140 66.9327 3.1827
Generation: 899 71.4921 199.3332 67.2116 2.7036
Generation: 900 69.6098 185.5597 66.9046 2.9665
Generation: 901 69.4512 185.5187 67.2233 2.9101
Generation: 902 71.3351 199.1756 67.3546 2.8799
Generation: 903 71.4896 199.3307 67.3993 2.7260
Generation: 904 70.6526 198.4960 67.5371 2.2770
Generation: 905 71.5255 199.3667 67.0235 3.1404
Generation: 906 71.5372 199.3805 67.6803 2.6458
Generation: 907 71.6008 199.4377 67.4105 2.5825
Generation: 908 71.5818 199.4252 67.0174 3.5949
Generation: 909 71.6809 199.5238 67.0167 3.6448
Generation: 910 71.7109 199.5538 67.3295 3.6904
Generation: 911 71.6905 199.5341 66.6268 4.7035
Generation: 912 71.5441 199.3805 66.3963 3.6340
Generation: 913 71.6388 199.4816 67.0410 3.8775
Generation: 914 71.7663 199.6228 67.1577 3.5560
Generation: 915 71.7109 199.5538 66.5980 4.0300
Generation: 916 71.6782 199.5205 67.2135 2.9591
Generation: 917 71.6146 199.4557 67.4090 3.3057
Generation: 918 71.6517 199.5073 67.3522 3.3407
Generation: 919 71.5698 199.4117 67.5115 3.7012
Generation: 920 71.6130 199.4566 67.5900 3.3636
Generation: 921 71.5639 199.4072 67.3277 3.5863
Generation: 922 71.5438 199.3873 66.9325 3.6836
Generation: 923 71.5963 199.4391 67.7714 2.8370
Generation: 924 71.8679 199.7249 68.1085 3.0409
Generation: 925 71.6347 199.4777 66.8953 3.8857
Generation: 926 71.5826 199.4262 67.7156 3.6008
Generation: 927 71.7059 199.5488 66.9448 3.9077
Generation: 928 71.6688 199.5116 67.4946 3.5508
Generation: 929 71.6213 199.4641 66.9250 3.9726
Generation: 930 71.6056 199.4447 67.5372 3.6351
Generation: 931 71.6734 199.5163 67.6292 3.7409
Generation: 932 71.7380 199.5809 67.6071 3.7010
Generation: 933 71.6568 199.4980 67.0174 4.2725
Generation: 934 71.7634 199.6063 67.6893 3.3159
Generation: 935 71.6019 199.4452 67.4646 3.3439
Generation: 936 71.7222 199.5792 68.0951 3.0808
Generation: 937 71.6520 199.4900 67.9277 3.1773
Generation: 938 71.7159 199.5588 67.7936 3.9785
Generation: 939 71.5698 199.4089 67.6813 3.5984
Generation: 940 71.9651 199.8221 67.5162 3.9843
Generation: 941 71.7557 199.6119 66.9499 4.2614
Generation: 942 71.6599 199.5026 67.5277 3.9622
Generation: 943 71.9021 199.7587 67.8377 3.2875
Generation: 944 71.5739 199.4172 67.3017 3.8860
Generation: 945 71.8668 199.7242 67.9835 3.5233
Generation: 946 71.8100 199.6660 67.8623 3.7577
Generation: 947 71.6452 199.4837 67.7607 3.4283
Generation: 948 71.7742 199.6296 67.3940 3.7008
Generation: 949 71.7278 199.5669 68.0134 3.6918
Generation: 950 71.7384 199.5813 67.3280 4.2742
Generation: 951 71.5488 199.3916 66.5049 4.6307
Generation: 952 71.6198 199.4589 67.9364 3.4302
Generation: 953 71.7494 199.6045 67.1084 4.0792
Generation: 954 71.7694 199.6116 68.5875 2.9719
Generation: 955 71.6370 199.4794 67.5384 3.5391
Generation: 956 71.6916 199.5483 67.4183 3.9481
Generation: 957 71.5881 199.4310 67.4816 3.5506
Generation: 958 71.6734 199.5157 67.7431 3.9540
Generation: 959 71.6197 199.4624 68.0220 3.6057
Generation: 960 71.6375 199.4926 67.6375 4.0603
Generation: 961 71.7006 199.5571 67.8736 3.3865
Generation: 962 71.6297 199.4862 68.7320 2.8124
Generation: 963 71.8301 199.6867 67.5326 4.1068
Generation: 964 71.7194 199.5622 67.6242 4.0097
Generation: 965 71.5257 199.3630 67.8524 3.3346
Generation: 966 71.7269 199.5697 67.6367 4.0696
Generation: 967 71.6819 199.5247 67.7534 3.2096
Generation: 968 71.5989 199.4417 68.2556 3.4310
Generation: 969 71.7493 199.6059 67.8581 3.3981
Generation: 970 71.5828 199.4255 67.6536 3.9377
Generation: 971 71.6980 199.5416 67.7681 3.5247
Generation: 972 71.7417 199.5973 68.0325 3.7377
Generation: 973 71.6308 199.4735 67.3384 4.2419
Generation: 974 71.6152 199.4570 68.4832 3.2184
Generation: 975 71.9595 199.8161 68.8535 3.1091
Generation: 976 71.6627 199.5018 68.1525 3.6719
Generation: 977 71.7044 199.5472 67.5855 4.0552
Generation: 978 71.7027 199.5585 68.9279 3.2683
Generation: 979 71.7229 199.5799 68.4331 3.8373
Generation: 980 71.6232 199.4638 68.4831 2.9420
Generation: 981 71.6334 199.4763 68.5332 3.4677
Generation: 982 71.5774 199.4174 67.9531 3.6737
Generation: 983 71.5824 199.4251 67.9251 3.7612
Generation: 984 71.5553 199.3980 67.2821 3.8755
Generation: 985 71.6039 199.4433 68.4021 3.3685
Generation: 986 71.6293 199.4685 68.2911 4.0837
Generation: 987 71.5836 199.4226 67.8408 3.7587
Generation: 988 71.6162 199.4558 68.7041 3.1472
Generation: 989 71.6185 199.4566 68.7527 3.3006
Generation: 990 72.0008 199.8578 68.6873 3.4078
Generation: 991 71.6584 199.5013 67.7485 3.7767
Generation: 992 71.6262 199.4652 68.9734 2.7425
Generation: 993 71.6298 199.4683 68.8902 3.2818
Generation: 994 71.6898 199.5289 68.4298 3.5076
Generation: 995 71.6909 199.5298 67.8328 3.9511
Generation: 996 71.5924 199.4351 68.9669 2.7651
Generation: 997 71.7462 199.5852 67.6287 4.3167
Generation: 998 71.5982 199.4373 67.5185 4.1527
Generation: 999 71.5883 199.4273 68.7000 3.4406
