-5.579220613322525280e-01
1.462327509353157640e-01
5.377860184731627635e-01
-8.844108642107462170e-01
2.998247674223035175e-01
5.573602265424297819e-01
4.224606159854218945e-01
6.354390514514046684e-01
2.645057258726912219e-01
-4.612842606507461807e-01
1.662846882446115115e-01
7.183782058685500571e-03
3.832873120019502089e-01
1.926806011295185139e-01
-4.580458734362709006e-01
-6.880859754495552427e-02
6.172612044682552757e-01
-5.117900518990183834e-01
-9.407644886530626138e-01
-6.369821148266181510e-01
-6.675989550611338696e-02
-3.262201842069952784e-01
4.179068884954110774e-01
-4.042674821104401683e-01
-9.843831704963654228e-03
1.161344914115134408e-01
-1.232193078506549355e-02
-4.023088504255862841e-01
-7.892933762370921702e-01
5.444503472772428410e-01
2.566289061037667005e-02
9.573050469251963568e-01
6.974593947662337534e-01
-7.189412517778701051e-02
-8.923640112508177125e-02
-3.451929102898889656e-01
8.581602533028174218e-01
-2.784136029790228450e-01
1.376130276348999926e-01
2.636957159955700680e-01
-4.682867210852986045e-02
1.308869509132329356e-01
-2.775059842946707711e-01
-6.953763760579984021e-01
7.259103929382622056e-01
-2.840255335105276724e-01
-9.498828817812783598e-02
-1.905273588395736128e-01
4.564724578706356728e-01
-7.398600318382566599e-01
-6.305973748317303951e-01
6.377866825500065895e-01
3.263815999337720264e-01
-6.266834296377334912e-01
6.443689059057820800e-02
-5.264780108114046620e-01
-4.835888312737459116e-01
-1.553548217054237512e-01
-9.696018861230841779e-01
1.864871113623320642e-01
3.971457936119941468e-01
-2.896635139004354320e-01
-4.154678648753150627e-01
-5.238824993633866001e-01
1.140076977063202573e-01
-2.606195859067461651e-01
-1.292300386058028994e-02
-2.410860029091206613e-01
-1.214031473389740601e-01
-5.691664351153631340e-01
-9.132491457821265146e-02
-7.333906197642074964e-01
-1.338900397276234222e-01
-2.469938247483595695e-01
-8.387369194676955186e-02
3.418216864079135497e-01
-7.774913575392414233e-02
7.052399269253020186e-01
-3.094503626050529310e-04
9.993418976143703114e-01
2.446275867565879947e-01
4.943763925950608873e-01
-9.696458361878499410e-01
3.254483062423307316e-01
3.801867030626199795e-01
-6.680915794899209281e-01
2.249198229434446195e-01
3.029340785875770381e-01
9.996538695803034447e-01
6.184636369416018908e-01
-7.021986963422405248e-02
-1.159896440765622039e-01
-6.852976347481549713e-01
-7.240682666183761995e-01
-4.054955929587754637e-01
-6.245444397785735458e-01
-1.668609224775509936e-01
4.738055457878816989e-01
-3.148093372484015440e-01
-3.253813979513738713e-02
3.649107464638749743e-02
-6.959754878420179036e-01
3.448210491635185782e-01
-7.136343785968732867e-01
-1.907129956734731902e-01
3.781654008554696800e-01
2.809920672514467088e-01
-1.519278125043642125e-01
7.390868883952508295e-01
1.544552356264504989e-01
7.137598078759657128e-01
6.093489834068601674e-01
4.501570765246191985e-02
-3.600822466288982060e-01
5.448145214850094176e-01
7.880365384428228426e-02
1.039834438973594732e-01
-4.604802480496077433e-01
2.450938366887240871e-01
4.146677360116364230e-01
1.448789647244319578e-02
3.463541776858531929e-01
2.577302383732255064e-01
-2.640189238429681007e-01
-7.818328970338365158e-01
-2.976606707089399784e-01
-5.248394606113750971e-01
1.792669701948125249e-01
-1.914749834672982431e-01
-2.735063910695011424e-01
-3.468607590500982218e-01
7.886116199180548403e-01
1.997825486918682336e-01
2.801092738644649360e-01
7.214305106877583196e-01
6.382472787928785696e-01
5.668130562871569467e-01
-2.045989028316707314e-01
-2.047838611335361381e-01
4.531523427169762974e-01
-3.550328610463997503e-01
6.162043496548694765e-01
5.368869021711024647e-01
-1.107658366257721766e-01
-9.415456882116066684e-01
-2.226161801099191817e-01
4.458899043627407854e-01
-7.280983782117198544e-01
3.231609974104268646e-01
1.921788909776956933e-01
-3.322127544211330719e-01
3.929549025215867131e-01
5.197203405315248270e-01
-7.986268582612501277e-01
8.395904435032648383e-01
-6.660925787153854083e-01
7.755822718287876116e-02
3.656168362175137299e-01
6.548557677202229144e-01
6.251053114152441137e-02
-8.221491190826007989e-01
-5.828474359359506196e-02
1.370297216849139244e-01
9.689099115290942255e-01
2.238098480921252298e-02
5.925058924902036894e-01
-3.086689846266995607e-01
-3.509688287441916632e-01
-5.605234575019049093e-01
-4.650116176014564284e-01
6.525406504264613661e-01
-6.726093821799070671e-01
2.304459378058756891e-01
-8.357184489038846364e-02
3.000752441123919478e-01
7.064730950356302719e-01
3.088514668190081580e-01
3.397370179484467401e-01
3.714495120259764804e-01
9.764717535278635285e-01
-7.771207128263084296e-02
2.689572052907351352e-01
4.058898914295491211e-01
3.451594965485150768e-01
4.637911241449948485e-01
3.650154270366793297e-01
3.947679308694118649e-01
-4.037136623899188759e-02
-3.558080558096467227e-02
7.847184845468406778e-01
-2.328307718594112841e-01
-4.406027073078735423e-01
-2.497312472525698226e-02
-1.970555146507385058e-01
-4.395990578806314719e-01
1.120071593079392663e-01
-7.847097610865059192e-01
-8.749893126909888408e-02
3.465684317545698612e-01
-2.842649606644023219e-01
6.985850677630873751e-01
5.238868439486876749e-02
9.126774931514358702e-01
-2.759927962195937723e-02
1.260967570340190691e-02
3.217484649808994429e-02
-5.926928417717294284e-01
2.398949934487640823e-01
6.383225330819066734e-01
2.546174050163880209e-01
4.113813652360694961e-01
6.030779659628711098e-01
5.716020877740973782e-01
3.919793462062520772e-01
-4.743888703624229430e-01
-2.336095140420507144e-01
-1.702662815949220476e-01
3.669964514958859447e-02
-5.357796647219936759e-01
6.543791196198016635e-01
6.982003339941564857e-01
-7.430773065914557662e-01
-9.891755979026142787e-02
4.418743498376357381e-01
1.310862060575425647e-01
-5.553562154947142560e-01
-7.183349478681415601e-01
3.634635129985603896e-01
3.129839044314345342e-01
-9.578786737063316181e-01
-6.242153339516398614e-01
-1.736077896299411116e-01
-4.325750256268706684e-02
8.154130344097131333e-01
-9.190082582232568242e-01
-1.929474221968247027e-02
9.788617429139876425e-01
-4.215623696552748267e-01
7.676499619777270578e-01
-6.944705382429259277e-01
5.489302255404604480e-01
4.847767024342711784e-01
-3.271633813170554128e-01
1.520645549526672968e-01
-6.183348049518554435e-01
2.116755172699341936e-01
5.854719844991012057e-01
2.291072631629957612e-01
-9.956301466600716576e-01
9.986863302794273256e-01
7.178678632105011115e-01
-9.112507805584588172e-02
7.286062644449793346e-01
-7.700820121510753014e-01
-7.264294445748906703e-01
-8.225999515874924395e-01
-3.476977612811313345e-01
8.648729605294163125e-01
9.655043268248264532e-01
-3.420461551219353136e-02
-6.218588390308649183e-01
6.505622149830585510e-01
-9.997711812923888441e-01
2.119141560390780665e-01
7.329514934431807793e-01
5.624952801240666878e-01
3.939894320454075949e-01
6.834199961823513858e-01
6.753698026090512174e-01
4.293613600399095453e-01
4.190311399580366469e-01
4.912238151630333172e-01
5.690814626504210327e-01
6.279054636520779997e-01
3.890705556765198803e-01
4.202483206471500088e-01
4.992417045644754747e-01
6.026456188924529389e-01
4.527159237331718766e-01
5.389026022317624509e-01
2.649469247031601693e-01
4.619610076013193067e-01
5.023369580410380619e-01
4.186150290851862188e-01
4.894785840911071162e-01
4.278170897373042569e-01
4.584485550539284526e-01
5.215686011866198513e-01
5.116933375313393872e-01
6.824451427717420637e-01
5.229645783945308102e-01
5.787658789153674599e-01
4.218511405648553980e-01
4.342447051991774609e-01
4.843919927464739317e-01
4.440219892365180332e-01
4.344088934295337046e-01
3.434745981353769517e-01
5.744546733894636548e-01
6.811325842290624211e-01
3.800113720101706005e-01
4.297556767443168058e-01
4.560553201836514692e-01
5.488269405287918845e-01
5.299055348743946237e-01
5.282084345794468838e-01
4.810281487252828225e-01
6.581930875577798323e-01
5.964105622866073819e-01
5.768425305712263640e-01
4.898151235736941667e-01
3.570849746767944533e-01
5.539631009653650517e-01
7.985245386333067463e-01
5.625195705852207295e-01
7.185021058253024950e-01
7.743018359760260871e-01
5.458399905379400785e-01
4.738236726779260222e-01
4.572837464349381320e-01
5.424606645853532472e-01
4.242960091090178798e-01
3.857929469849446513e-01
2.993995389926408235e-01
4.775326947026848901e-01
3.476235837495618708e-01
4.383156182609745932e-01
5.772005368591559549e-01
4.669485451463813996e-01
4.825686535330470095e-01
4.158731442510481546e-01
4.422186016888179361e-01
5.116708405166325857e-01
3.794697986193363293e-01
5.387208797432263552e-01
5.848733114472717265e-01
7.227192442033694153e-01
7.449708866390760686e-01
3.325696431803428776e-01
7.680435175099524781e-01
5.828548655719172356e-01
5.158056021291194115e-01
4.617764661257220404e-01
3.126666714257866353e-01
5.322572505771665519e-01
5.525111138562001090e-01
4.317766569519110864e-01
4.763585139278102010e-01
6.863941950675618298e-01
4.624813404686467511e-01
5.258050571433462439e-01
5.014589260140287497e-01
4.912393639577988802e-01
7.186151097954280864e-01
5.557399454654510240e-01
4.591760938537775005e-01
5.284906083019966783e-01
4.769072415810290400e-01
4.839548052806734169e-01
5.162043645279724702e-01
6.373565289133067413e-01
5.426768452758243821e-01
5.820083031921226002e-01
4.428330350908264990e-01
5.962937724114252269e-01
5.111027177609851480e-01
7.354400125159012980e-01
5.624291907031393478e-01
4.484164094207052642e-01
6.462894475543980999e-01
6.738923422520995965e-01
4.289583078320648446e-01
3.936244403649834522e-01
6.031295745211333603e-01
6.930252469296078743e-01
5.695436213885791688e-01
3.926166503858798396e-01
3.808971424658353366e-01
6.449196964727713643e-01
5.044427795036630080e-01
5.472827382474146907e-01
7.501537339729351661e-01
6.186449661605445405e-01
6.355784729972806524e-01
5.471629250863353500e-01
5.736301934362184607e-01
2.739270004659857261e-01
5.000502331761623731e-01
5.674172985021130877e-01
4.077457635948155135e-01
5.152238004084841450e-01
4.943554658934610213e-01
4.921094043180720412e-01
4.883661117848772104e-01
3.319588718517884618e-01
3.754829999192869083e-01
5.647340912851792627e-01
5.891871812495779182e-01
5.287650384945090654e-01
4.360210311005107697e-01
4.482579405679673057e-01
4.793753550593082280e-01
4.424531015669619372e-01
5.149596580000180834e-01
5.158701342251479360e-01
4.049952364437136021e-01
7.526415152978001011e-01
3.756540017956238042e-01
4.934678420569449386e-01
4.398496214169693719e-01
3.959612291092764469e-01
4.298957279404056475e-01
4.584526418990776953e-01
4.359835381796156040e-01
7.873670214323340577e-01
4.626044686198564349e-01
4.253014638774992862e-01
4.159667667935074697e-01
4.369792262489909929e-01
5.484253831077512409e-01
4.797924640334583213e-01
5.743092327642964623e-01
7.188151211275333186e-01
5.274009940646283701e-01
6.033858618673935137e-01
5.316393938172645495e-01
5.439911619330543013e-01
6.372230277950077237e-01
7.889073442371465905e-01
5.690082699693905788e-01
4.856329049474791271e-01
5.850985118188799516e-01
6.229806590302233715e-01
5.910691326320898220e-01
5.456228429576481798e-01
6.156273662872804309e-01
5.491112012267946874e-01
4.853560172728778044e-01
4.292597314503345807e-01
4.324044935331333717e-01
5.474531349333908725e-01
6.453554982715246080e-01
6.265343296237343429e-01
4.614668247859425310e-01
8.817940675080313540e-01
4.612324634134243317e-01
4.719520843247687614e-01
4.082748111272710423e-01
4.773515586693227175e-01
7.042646840009786358e-01
6.904756149498091355e-01
3.847883962040452577e-01
6.828164268818579519e-01
4.792935882837455752e-01
6.759206715460117643e-01
3.833725963778399359e-01
4.102110095913593102e-01
4.166970126075670855e-01
5.992981288254437544e-01
4.442994167969528951e-01
3.809903956821537041e-01
3.452283696430096249e-01
4.974089928871847088e-01
5.087358620626247774e-01
3.897434561298488420e-01
5.050028231516494603e-01
5.082779108429836823e-01
4.807963338034128564e-01
4.114637395247927598e-01
6.722318985675550529e-01
3.643505067292098776e-01
5.753615524158195438e-01
5.543507084603322976e-01
7.046563625274886444e-01
5.263607112761901075e-01
5.327771807225145650e-01
5.260152871488545934e-01
5.792275172572052266e-01
4.796293277590932269e-01
5.365899149709857374e-01
5.307570404056858315e-01
4.780323530374080976e-01
4.273122549812105042e-01
3.823014024230474428e-01
5.133666186681037358e-01
8.021808313624674280e-01
4.162763326501724981e-01
4.761228107956270161e-01
4.646471366526881974e-01
3.948477364849666826e-01
3.276976185470247271e-01
5.481942879356551668e-01
5.401281129968160677e-01
6.680785745309658630e-01
4.258859464316789856e-01
3.498394938162452394e-01
6.584834148482484606e-01
5.156709000057000392e-01
4.684061188564780376e-01
4.661091930132467698e-01
5.109798860843740576e-01
5.909608576874727515e-01
5.695678458176417491e-01
5.898972131209949676e-01
4.914291108138161834e-01
4.091475114189453421e-01
4.117534560873806759e-01
6.058191956762464248e-01
6.494290971269567336e-01
3.805744802246687208e-01
4.597467300165558046e-01
4.257352178687488498e-01
6.268534266250219700e-01
3.982050969278094765e-01
3.878645756602761008e-01
4.704701404890008209e-01
4.154170837369388081e-01
6.336888535663716127e-01
4.656354747843318709e-01
5.260448496721196188e-01
4.322969312030345845e-01
6.328420209812006814e-01
4.067645549930898330e-01
7.049103125854472296e-01
5.609255171629998760e-01
6.172884114983272497e-01
3.554257395228112015e-01
4.999056853768528708e-01
5.927358981353414435e-01
4.277627060012141325e-01
