-1.000000000000000000e+00
-9.628539630602241939e-01
-9.623228627662798740e-01
-1.000000000000000000e+00
-4.084084278184466621e-01
1.000000000000000000e+00
9.013041052787333918e-01
-5.668376923944746792e-01
3.693859143678817070e-01
-7.755743458083552699e-01
-1.000000000000000000e+00
1.000000000000000000e+00
-1.000000000000000000e+00
5.552060398532692176e-01
-1.000000000000000000e+00
7.533225154309555194e-01
-9.676620949241507841e-01
1.000000000000000000e+00
-1.000000000000000000e+00
-7.036929389207712271e-01
-1.000000000000000000e+00
9.007540589767747408e-01
4.166253452828643233e-01
-5.263986768455291010e-01
-8.315647556046930067e-01
-1.262768786939072463e-01
-8.933338075453555183e-01
1.647415424282052676e-01
-3.893506165634773586e-01
4.586116674930844628e-01
1.000000000000000000e+00
-8.513031079492339170e-01
1.000000000000000000e+00
-7.228926872741197052e-01
1.000000000000000000e+00
9.623914533806746663e-01
-1.000000000000000000e+00
1.000000000000000000e+00
-7.612639844522296473e-01
-4.158697353046284517e-01
-3.925231471795798122e-01
4.967024628150816801e-01
3.731256644725597926e-01
1.000000000000000000e+00
-9.783111951537591944e-01
6.210009849246378444e-01
-1.000000000000000000e+00
-6.640336897613243750e-01
1.000000000000000000e+00
-6.873359757115458102e-01
-1.000000000000000000e+00
2.792061052547419875e-01
-6.514022119242428577e-01
-1.000000000000000000e+00
1.000000000000000000e+00
-1.000000000000000000e+00
-1.091534212540581361e-01
-3.829649769595572240e-01
-1.000000000000000000e+00
1.000000000000000000e+00
7.847594994298614512e-01
7.994128364488971572e-01
-1.000000000000000000e+00
5.461639998903425886e-01
-1.000000000000000000e+00
1.000000000000000000e+00
-1.000000000000000000e+00
1.000000000000000000e+00
5.974086577402681897e-01
-4.920058159082308924e-01
9.335169045584273961e-01
1.000000000000000000e+00
4.133088685184689304e-01
1.000000000000000000e+00
1.000000000000000000e+00
3.883752823952437705e-01
9.647395372308815720e-01
-3.976359577551776825e-01
7.129083329686246584e-01
8.338453801283252087e-01
-1.000000000000000000e+00
-1.000000000000000000e+00
-1.000000000000000000e+00
-1.000000000000000000e+00
1.000000000000000000e+00
-9.552794323459335990e-01
-1.000000000000000000e+00
-8.079746380104604331e-01
6.792236750616974517e-01
-5.855269270610563570e-01
-1.000000000000000000e+00
7.815305949672166630e-01
-3.743843091708373150e-01
7.824481146675228427e-01
1.000000000000000000e+00
-1.000000000000000000e+00
1.000000000000000000e+00
-5.976450248339344462e-01
1.000000000000000000e+00
-9.393116341675865621e-01
-1.888757061032191320e-01
-1.000000000000000000e+00
4.003255014745656926e-01
-1.000000000000000000e+00
-1.000000000000000000e+00
-1.000000000000000000e+00
-1.000000000000000000e+00
-1.000000000000000000e+00
-1.000000000000000000e+00
9.616601047617753251e-01
8.534691809545755792e-01
-1.000000000000000000e+00
-4.877232827623200206e-01
-1.000000000000000000e+00
1.000000000000000000e+00
-1.000000000000000000e+00
1.000000000000000000e+00
-1.000000000000000000e+00
1.000000000000000000e+00
-1.000000000000000000e+00
-8.642557136984440058e-01
-1.000000000000000000e+00
1.000000000000000000e+00
-1.000000000000000000e+00
-1.000000000000000000e+00
-8.831268200221265019e-01
1.000000000000000000e+00
-6.406670983538570452e-01
-6.899179477923222947e-01
7.642932331959653158e-01
-1.537063612418964054e-01
-4.065195285268581316e-01
1.000000000000000000e+00
-8.952992711017095928e-01
1.000000000000000000e+00
-5.583625963906698741e-01
8.652326566856080037e-01
5.240854196221955696e-01
1.000000000000000000e+00
5.721123894603581395e-01
1.000000000000000000e+00
-1.000000000000000000e+00
1.000000000000000000e+00
-4.271709152076141880e-01
7.148026880466853417e-01
-8.723198591739734775e-01
1.000000000000000000e+00
-1.000000000000000000e+00
-5.595639952024653585e-01
-7.700888089072180920e-01
-9.742642703015894634e-01
1.000000000000000000e+00
8.437122230398403921e-01
-3.809897941853601644e-01
-1.000000000000000000e+00
1.000000000000000000e+00
5.791096612305458580e-01
-1.000000000000000000e+00
6.582454294278492490e-01
-1.000000000000000000e+00
6.041179997671743962e-01
-4.026328702644899060e-01
3.737488587482526992e-01
1.000000000000000000e+00
-7.520839052505038369e-01
-5.064717021291338384e-01
1.000000000000000000e+00
-3.711363108698622071e-01
6.922038961273044855e-01
-4.614202525080446371e-01
-7.670569081216335183e-01
6.561129387482778075e-01
5.227750388896957867e-01
1.000000000000000000e+00
-4.735950452846648950e-01
-1.000000000000000000e+00
-8.682327298163208251e-01
3.721774031624690560e-01
1.000000000000000000e+00
1.000000000000000000e+00
1.000000000000000000e+00
-1.000000000000000000e+00
6.175904880694853549e-01
-5.322700945631084757e-01
7.563960638115605484e-01
4.831797962716024575e-01
-1.000000000000000000e+00
7.842708478018769469e-01
4.300995647978019809e-01
4.854931280652955428e-01
1.000000000000000000e+00
3.578908188281421099e-01
1.000000000000000000e+00
9.870397064564102596e-01
-1.000000000000000000e+00
-1.000000000000000000e+00
-5.894559592922159474e-01
1.000000000000000000e+00
-1.000000000000000000e+00
4.114762903939958028e-01
3.546937716642488692e-01
3.888858761393296781e-01
1.000000000000000000e+00
-3.977036449847413113e-01
6.244752788888050521e-01
-1.000000000000000000e+00
-2.665832504271572478e-01
1.000000000000000000e+00
-1.000000000000000000e+00
1.000000000000000000e+00
1.000000000000000000e+00
-1.000000000000000000e+00
-5.473607850137841568e-01
1.000000000000000000e+00
-6.074364742466127343e-01
-5.920644353662529724e-01
-1.000000000000000000e+00
1.000000000000000000e+00
1.000000000000000000e+00
-9.100845630433734845e-01
1.000000000000000000e+00
-5.994891139433011773e-01
9.395506501371457819e-01
1.000000000000000000e+00
-8.514853365549848174e-01
-1.000000000000000000e+00
8.468887662398645322e-01
-7.700687489835458255e-01
9.366966955035493925e-01
-9.692743018617779871e-01
9.424149708130898917e-01
1.000000000000000000e+00
-9.692422802884165245e-01
-7.766978506966815132e-01
-1.000000000000000000e+00
-1.000000000000000000e+00
-4.000858182990519873e-01
1.000000000000000000e+00
-8.590948062559455867e-01
-1.000000000000000000e+00
-5.835403146183619771e-01
6.100003932471889101e-01
3.526999365656603436e-01
1.000000000000000000e+00
-1.000000000000000000e+00
1.000000000000000000e+00
1.000000000000000000e+00
1.000000000000000000e+00
-1.000000000000000000e+00
-1.000000000000000000e+00
6.849665214248989997e-01
1.000000000000000000e+00
5.613596434461636253e-01
-1.000000000000000000e+00
-1.000000000000000000e+00
-1.000000000000000000e+00
9.573854096976517347e-01
1.000000000000000000e+00
1.000000000000000000e+00
1.000000000000000000e+00
9.811930703356328554e-01
1.000000000000000000e+00
-1.000000000000000000e+00
8.511336096919034366e-01
-1.000000000000000000e+00
