1.237514912218872498e-01
-1.000000000000000000e+00
-9.525795074508038862e-01
3.723813440287848109e-01
-2.607897032914222590e-01
1.000000000000000000e+00
7.608912441542862171e-01
-1.000000000000000000e+00
-5.684957649867514728e-01
1.452639545181315939e-01
7.629872836876677722e-02
-1.000000000000000000e+00
-1.000000000000000000e+00
-1.101871744665845754e-01
5.962242448886522217e-01
1.596975836616278954e-01
-5.567333341963495164e-01
5.521433621020912508e-01
-6.212306377940859381e-01
2.184080518584857744e-01
-2.355392529421945214e-01
-9.449467132006764691e-01
1.000000000000000000e+00
1.000000000000000000e+00
-8.706585413535811169e-02
1.000000000000000000e+00
4.344241080867555782e-01
-1.520043634528804866e-01
-8.828636786049548490e-01
5.348704040242968638e-01
-3.091681982165473963e-01
1.425733847008367750e-01
4.858068956472655908e-01
1.000000000000000000e+00
-1.000000000000000000e+00
1.000000000000000000e+00
5.472854526426626509e-02
8.146284539331445362e-01
-1.000000000000000000e+00
1.000000000000000000e+00
-9.850329909489545788e-01
7.542975845406436619e-01
8.595975318692792300e-01
-7.016837888544358304e-01
-3.289065607525092361e-01
4.183628426600022321e-01
-1.778933976698137964e-01
7.549840819743672826e-01
4.279648615108220255e-01
-9.404222967794344523e-01
-7.863708061469700805e-01
1.162298685074703020e-01
-6.136081689470044287e-01
1.000000000000000000e+00
4.697465211720450728e-01
3.802515632352339026e-01
-7.036298540355192532e-01
-8.281136029542718324e-02
4.782066055936915472e-01
-7.276556567939540532e-01
-1.650772170061589050e-01
7.092844175606700663e-01
-1.121768055330102376e-01
4.958256951756023767e-01
2.677153945889115261e-01
-1.000000000000000000e+00
4.430956571594279331e-02
-1.021704833962115699e-01
4.783468264106832679e-02
3.765427321610119726e-01
4.231740924444705176e-01
1.542783499876901887e-01
4.699509856079978065e-02
1.000000000000000000e+00
1.000000000000000000e+00
5.829952680247181274e-01
-5.820449550855834042e-01
4.949880864865988661e-01
1.000000000000000000e+00
5.465283699420435681e-01
5.372690607012109432e-01
1.000000000000000000e+00
-4.578929869933657804e-01
1.000000000000000000e+00
1.000000000000000000e+00
3.852614620824257319e-03
8.542225320750581607e-01
1.000000000000000000e+00
5.420812285304537070e-01
1.000000000000000000e+00
-5.670860898915702775e-01
-4.250892599662840499e-01
-1.000000000000000000e+00
5.584317814595609608e-01
4.663444670030086336e-01
1.000000000000000000e+00
2.379095056061779900e-01
1.000000000000000000e+00
-8.413568385755617607e-01
-9.408742548126889371e-01
-4.809195086140403141e-01
5.343087969511128854e-01
6.142249698297570504e-01
-9.094521931324539565e-03
-7.544294784649385743e-01
6.067173085789692166e-01
4.648413589477105590e-01
2.908683714595250436e-01
-1.000000000000000000e+00
8.382005208822768116e-01
1.000000000000000000e+00
-1.000000000000000000e+00
8.553811090777536652e-01
3.284410304279166692e-01
1.159833479954927582e-01
1.000000000000000000e+00
-9.855613520554507012e-02
1.000000000000000000e+00
-3.205021634543915310e-01
5.753895455301486495e-01
5.280785819115448865e-01
1.000000000000000000e+00
-7.747114892734940916e-01
-1.253691487552386352e-01
-1.233225378315216947e-01
4.325561277566120633e-01
1.000000000000000000e+00
-8.738286839434689091e-01
-8.613037664214742151e-01
-1.601488464047626237e-02
-2.472018612995630082e-02
4.186081096692291226e-01
1.486894705890232093e-01
-5.808144903409726556e-01
-6.221431949999221001e-01
-9.265162270486300145e-01
-1.000000000000000000e+00
-1.000000000000000000e+00
7.466896166384967559e-01
-4.880410524695603103e-01
7.855340401032318010e-01
5.654934336961818797e-01
2.741530084047296700e-01
-6.961262960237137865e-01
-6.940281245449746450e-01
-1.000000000000000000e+00
5.131582592031112000e-01
1.000000000000000000e+00
2.929445365066511986e-01
9.949384982926509635e-02
6.640316519598883360e-01
-1.809818141932095781e-01
2.934134987026560948e-01
-1.000000000000000000e+00
-5.885899284599617198e-01
3.802077938997072692e-01
4.849668059429300127e-01
1.000000000000000000e+00
-6.604592413747524260e-01
6.778273877624263477e-02
-1.000000000000000000e+00
8.649411346676808554e-01
-5.793474608440333240e-01
4.321665323709235618e-01
-1.000000000000000000e+00
-1.000000000000000000e+00
-1.000000000000000000e+00
1.000000000000000000e+00
9.260437649127438720e-01
-3.932895145839436224e-01
6.207605502499652372e-01
-6.794502137216175131e-01
-9.923223074427457435e-01
1.000000000000000000e+00
6.890495055368551780e-01
6.140186594072405413e-01
-1.911091981548801444e-02
-3.891672385567600534e-01
1.666263321613561388e-01
-4.282035425626389280e-01
-9.750288893519792888e-01
-7.061284874806249556e-01
-1.554779034642213009e-01
6.799553971024123733e-01
-4.835672258540270052e-01
-8.720405840463045788e-01
-1.800611266095551721e-01
6.152189673937671355e-01
-6.773310365582838610e-01
2.995959643007311546e-01
-8.141694434397550584e-03
-1.000000000000000000e+00
1.000000000000000000e+00
8.030604725425425361e-01
-1.000000000000000000e+00
4.593850529769382685e-01
5.181201783162123764e-01
5.963195381672758977e-01
4.042176237664518723e-01
-4.598000043543111204e-01
1.000000000000000000e+00
8.817591815206322625e-01
1.000000000000000000e+00
-2.746459782079718748e-01
-4.067613791204383600e-01
-1.000000000000000000e+00
-1.000000000000000000e+00
5.698936502411166005e-01
-8.915822414613683300e-02
-1.000000000000000000e+00
-1.252689621524621932e-02
-2.820324527844725870e-01
6.641746060009143804e-01
4.204324548136275652e-01
-9.044152632690329874e-01
-6.863899076977959535e-01
4.488104914578550098e-02
-1.000000000000000000e+00
-1.000000000000000000e+00
1.006314095774993866e-01
3.337208848664944272e-01
1.000000000000000000e+00
6.157005168701503717e-01
-6.220927240080393883e-01
1.112486580977102846e-01
-6.281965389400889777e-02
-1.790789541493800485e-01
-9.120043612933004251e-01
-1.000000000000000000e+00
-1.000000000000000000e+00
-3.957548114011316676e-01
-9.251678417938663523e-02
-5.036947408343279697e-01
2.275140433564478704e-01
5.623361496916925439e-01
6.827653778123776718e-02
-1.814339117381399136e-01
-5.135131071664884583e-01
5.805416217304277815e-01
9.048188484604846593e-02
-6.735550452993780413e-01
-9.690055470597375153e-01
1.424531194892603436e-01
9.206523756100626343e-01
-1.000000000000000000e+00
4.528462344981382115e-01
1.000000000000000000e+00
-7.936399118692337717e-01
5.852033327645540517e-01
1.000000000000000000e+00
-8.754758949779067878e-02
3.747009579279691471e-01
-1.000000000000000000e+00
7.759617194572043797e-01
-3.892275642403831282e-01
-8.034633201541443448e-01
-1.174547571537102320e-01
3.942725969565527011e-01
-6.912962014820580592e-01
2.379289968072634265e-02
4.249035304046328565e-01
-7.324493947949343164e-01
1.000000000000000000e+00
-1.000000000000000000e+00
9.217639946070391721e-01
3.167343693010840622e-01
1.000000000000000000e+00
9.061546064013022983e-01
4.133456090648813808e-01
5.533191526969176710e-01
4.226676989843183851e-01
5.344967279189067888e-01
5.002704814742688910e-01
2.375981531768274202e-01
3.521400048532684068e-01
2.121505225927615701e-01
4.501361448993957404e-01
4.101844836053535337e-01
2.622570546772947653e-01
3.045809362169757395e-01
8.002635942359088705e-01
2.397240255769585993e-01
3.445182022803834898e-01
1.985831931575499643e-01
4.468291261088732647e-01
1.000000000000000000e+00
2.919136467568256843e-01
6.426341482410021788e-01
4.828162576896086189e-01
1.747865408547774058e-01
2.974185753201051274e-01
2.515064683059692885e-01
7.276589476616561747e-01
3.077376811885889074e-01
5.577926303664304530e-01
3.086697660549391209e-01
4.253429699807633191e-01
4.372882234426118675e-01
9.492414954787805614e-01
7.452874118602714759e-01
1.000000000000000000e+00
4.014886090072765645e-01
5.930809757756189127e-01
1.000000000000000000e+00
6.231765852024417907e-01
2.004874178019510622e-01
6.882228924251463376e-01
3.072453741485136613e-01
6.380548012546825021e-01
4.090864662300718324e-01
8.627139153450640308e-01
3.332383407706093204e-01
3.001827408401029906e-01
2.952995351391193291e-01
4.149641860512600089e-01
6.618695928506604931e-01
3.382165640822387687e-01
3.937645669323358022e-01
4.699019315652560036e-01
3.126591658877488911e-01
6.141370871544947763e-01
3.251741506216966893e-01
4.931915544923543004e-01
6.461443318926325396e-01
8.309631441390438189e-01
3.919128838659906022e-01
2.119080797602429789e-01
5.117629594836672347e-01
4.815161751617972330e-01
2.959532907057240703e-01
1.000000000000000000e+00
1.602754179772652443e-01
6.520862762746904018e-01
2.573985865304788123e-01
4.153339704405846211e-01
1.731505643417191598e-01
2.580938005226879883e-01
2.991641585576790274e-01
8.266477025745313512e-01
9.149447898819292047e-02
4.876646840475662992e-01
8.658848191576598019e-01
2.532964881632335796e-01
5.648740730764812978e-01
3.443220769166606687e-01
7.307266407807054831e-01
2.059366101315833752e-01
8.772120547768709198e-01
3.765904246186749238e-01
1.000000000000000000e+00
2.119392182043597084e-01
2.720506278455226412e-01
6.746082660754738614e-01
3.662032314444599312e-01
5.041200833141300519e-01
4.416107316149243123e-01
6.640426145865270247e-01
7.472542948722272760e-01
2.552924146802037497e-01
7.664762743708980475e-02
2.766247008784622485e-01
4.703670124774664840e-01
3.270068732051578109e-01
2.014109926928067673e-01
5.708911456589035316e-01
4.213509374369684424e-01
7.820766925750053389e-01
7.349097003606043232e-01
1.000000000000000000e+00
1.532477264672185979e-01
4.881680497862224688e-01
5.697573285158005207e-01
8.406336058155539082e-01
7.723141347243870358e-01
3.691086079013827792e-01
2.669264606950014218e-01
8.160195630062853089e-01
6.327599086142037255e-01
1.209451942615461378e-01
4.041627588473018506e-01
5.123303270743544413e-01
5.427698294310093763e-01
1.000000000000000000e+00
6.769827176234108901e-01
3.055543249568727915e-01
2.050563965071668937e-01
4.111514260273904098e-01
3.895323862257064618e-01
6.044347188111643954e-01
7.860453521650789810e-01
9.154923138414418071e-01
6.131337484220661382e-01
4.190763014765406802e-01
4.270756548494246685e-01
6.276119528695963679e-01
2.214623400846088552e-01
3.969879788454198088e-01
4.783309415175271972e-01
7.362746260269044107e-01
8.458345993963471976e-01
4.894600934421935445e-01
5.510262505854091053e-01
7.616633122464735450e-01
7.155397177625759664e-01
1.432289538712707977e-01
1.461287480840972042e-01
4.368933751879372496e-01
6.168026537313943125e-01
6.253153895062159018e-01
2.025254750295231165e-01
2.912553154639150876e-01
2.627010479454279235e-01
8.389611142540034372e-01
3.632178150316052734e-01
9.554529746477030683e-01
3.306298102038214282e-01
1.400622459136222908e-01
3.351406088669897088e-01
3.374201900015729727e-01
2.440748529266063560e-01
2.022785048713539591e-01
4.115794740047378775e-01
4.898917387586448347e-01
4.760924419930257501e-01
5.251522182989418752e-01
3.900103844174275802e-01
7.710813002365588531e-01
1.000000000000000000e+00
5.364275216150125036e-01
5.507959453149295914e-01
7.411168098720041231e-01
1.000000000000000000e+00
7.783942931551254274e-01
2.975521762566710748e-01
5.027817888956469528e-01
6.324502885762813831e-01
2.762715664097175061e-01
5.451355111413249688e-01
1.000000000000000000e+00
3.140268192383793289e-01
5.777131968469227941e-01
2.830709643592327907e-01
1.950587403742889969e-01
1.000000000000000000e+00
2.573949463781974312e-01
3.339668472126432475e-01
5.707527109909839025e-01
7.018314751420079434e-01
4.436319462026913074e-01
4.874024279545334792e-01
1.000000000000000000e+00
3.014680962885284421e-01
2.233487779662496897e-01
1.910134497417687593e-01
2.789172481755363142e-01
1.050174254256798084e-01
6.765261343136955707e-01
1.000000000000000000e+00
3.351642766155872311e-01
8.443851438337741655e-01
5.105026868481266078e-01
2.323351975295540606e-01
2.841372801113263846e-01
8.628481760963438996e-01
6.805725999425418227e-01
6.939611223981646537e-01
6.780876950205722009e-01
9.481610878142402443e-01
7.900904156760857333e-01
3.624989294944984675e-01
7.178196577714530680e-01
2.827662284940724025e-01
5.389133513327425407e-01
4.954503628954223804e-01
3.164868790999192383e-01
3.036071712649826559e-01
2.002948593224944118e-01
1.000000000000000000e+00
6.628954427344513345e-01
2.172833545335799421e-01
1.666956666760608941e-01
5.077076897370800257e-01
7.934804310553519313e-01
1.685414219826065485e-01
1.000000000000000000e+00
1.670885913123830724e-01
1.732551271523918301e-01
7.808152259315486177e-01
3.652345290988452398e-01
2.948518678942090299e-01
1.795454486649076808e-01
7.803669326414272023e-01
1.715741749153321394e-01
8.353563268377069972e-01
5.944512335817703219e-01
3.866957735848142175e-01
1.000000000000000000e+00
1.041276879794280907e-01
7.075492277332063873e-01
8.680363679888702944e-01
4.382561485630908638e-01
2.781215732987850631e-01
3.762243887487419780e-01
3.982062549351549907e-01
7.952460032321156946e-01
9.777622732262943039e-02
6.561807582987101428e-01
2.207428320301814406e-01
5.424631857161280601e-01
6.054271811200664377e-01
2.938115762628423777e-01
3.446625845816524425e-01
5.268676789220299028e-01
3.668949296114983882e-01
1.691910709791646372e-01
6.003596762308017754e-01
5.463248253993203685e-01
8.464702003218766979e-01
4.846726577430492400e-01
6.550442179645739049e-01
1.864018513130485943e-01
6.365333909646155863e-01
3.518170545537189775e-01
1.520021392553047024e-01
2.312160611181987846e-01
2.838154369810284017e-01
2.387838785549678822e-01
7.836512448992039026e-01
5.105317067272602261e-01
7.339572603233037729e-01
