9.177126965923718682e-01
-5.631065985357905368e-02
-1.151468292522855319e-01
7.452156424042004623e-01
8.752990471912192039e-03
1.448698194553694196e-01
-1.000000000000000000e+00
1.000000000000000000e+00
8.205223434011817973e-01
7.523409593203900236e-01
4.346897716892946795e-01
4.850967772942546552e-02
1.855154212244530809e-02
8.319226318096384354e-01
1.000000000000000000e+00
-6.030259544535818694e-01
-7.643801996263406284e-01
7.668380684364549671e-01
1.000000000000000000e+00
-1.000000000000000000e+00
-1.000000000000000000e+00
2.175151252810783864e-01
-6.464115384080615367e-01
-1.000000000000000000e+00
-4.459579340160323424e-01
8.610951095040388914e-01
1.000000000000000000e+00
-8.535495172013618514e-02
5.592394420551347611e-01
1.000000000000000000e+00
8.526272792970353009e-01
-1.000000000000000000e+00
1.595935244445112478e-02
1.000000000000000000e+00
4.328920099600132021e-01
6.358016613176523668e-01
-2.360722347262267373e-01
2.683981703266305474e-02
1.000000000000000000e+00
-1.998081840140972232e-01
-3.113579875229288696e-02
3.305215899179846928e-01
1.000000000000000000e+00
-2.282132037188056572e-01
-5.370995672307615765e-01
1.000000000000000000e+00
1.000000000000000000e+00
1.000000000000000000e+00
1.000000000000000000e+00
-1.000000000000000000e+00
-1.000000000000000000e+00
-4.196217969767406242e-01
-5.904550285081551220e-01
1.634467559868822140e-01
-1.000000000000000000e+00
4.107674072262181841e-01
-1.000000000000000000e+00
-9.661989262896992781e-01
-2.447275527570922926e-01
-6.006180486050348710e-01
-9.723874270253383134e-01
6.918725703090065071e-01
-1.000000000000000000e+00
4.141497746145055281e-01
1.859212635640422606e-01
-4.230982777026848218e-02
8.586494970070333022e-01
1.000000000000000000e+00
-9.592930560889310065e-01
-8.913300636863759063e-01
1.000000000000000000e+00
1.996948242689879083e-01
-9.450604353491398602e-01
7.724166660287286046e-01
6.903113356769263742e-01
-1.000000000000000000e+00
-1.000000000000000000e+00
-6.686036200291587406e-01
-9.688558427885276547e-01
-1.562298875969750367e-01
-1.000000000000000000e+00
2.015639212695306548e-01
1.000000000000000000e+00
-1.000000000000000000e+00
7.471774516406528566e-01
5.251956400962367599e-01
-3.418817820482056291e-02
-1.000000000000000000e+00
-1.445930263035670738e-01
1.920444358121149997e-01
-4.959559064373630921e-02
5.230814007639547070e-01
-9.073967646500601392e-01
-4.564532617944302428e-01
5.421505440135510057e-01
3.193124684159791560e-01
-8.264740706290909511e-01
-3.875235057464549993e-01
-7.884822528903236982e-01
3.051321152197878916e-01
-7.964779654626379379e-01
-3.871224053232407147e-01
-2.980974481268734433e-01
-6.150029219060823005e-01
-4.238429252133772973e-01
1.000000000000000000e+00
3.130061447598975199e-01
-1.000000000000000000e+00
6.567954611778941132e-01
5.046414211376839543e-01
1.071076518227197932e-02
1.000000000000000000e+00
4.339473058999011590e-01
5.302512352624567660e-01
-9.563426335544961132e-01
-1.000000000000000000e+00
3.467672644419614314e-01
8.720699481766066574e-01
-5.850528868387101511e-01
5.009536499009449306e-01
4.290087031344894108e-02
1.000000000000000000e+00
5.255325886223582987e-02
-5.913450621585835121e-01
6.997724351894331063e-01
1.000000000000000000e+00
-1.511512984717148234e-01
-1.000000000000000000e+00
-1.000000000000000000e+00
4.001055314070819935e-01
-4.602801473804301602e-01
7.442255453075109495e-01
1.000000000000000000e+00
-3.879553242462129847e-01
1.749333342840282413e-01
-1.000000000000000000e+00
-1.000000000000000000e+00
5.660800962948152604e-01
-1.000000000000000000e+00
3.545759703557771481e-01
-9.269106983928916410e-01
-7.496311497920153943e-01
-7.502905938378063855e-01
-8.123967230724650213e-01
-1.000000000000000000e+00
-8.153221965039942898e-01
4.834206186876459643e-01
-2.251990124887999212e-01
2.204770390821884363e-01
1.000000000000000000e+00
6.139229516652883190e-01
-1.563405026240922702e-01
5.404787828853689913e-01
-1.000000000000000000e+00
7.506669834348871084e-02
-7.312897380604337361e-01
2.956554208999946365e-01
-6.158710880596687254e-01
8.801652066614749081e-01
-7.821233546360945033e-01
5.270490660624872481e-01
1.000000000000000000e+00
1.000000000000000000e+00
1.000000000000000000e+00
-1.000000000000000000e+00
2.035766385683306923e-01
1.000000000000000000e+00
-4.165563359552806322e-01
-3.710470787387528668e-01
-1.000000000000000000e+00
-8.489966621372244671e-01
-6.498785959196443640e-01
-6.258547085936834176e-01
-5.703196559683857414e-01
6.876089170933149530e-01
1.000000000000000000e+00
-9.438285481090131768e-01
8.511384142583989787e-01
3.542819296344082991e-01
-1.000000000000000000e+00
-1.000000000000000000e+00
1.000000000000000000e+00
-1.000000000000000000e+00
1.000000000000000000e+00
-1.482027062571925069e-01
9.169649010958019764e-01
1.000000000000000000e+00
2.491597260221422583e-01
2.369757797406096822e-02
-9.292972494594327060e-01
-3.731323165718027357e-01
1.879622292866091338e-01
-1.000000000000000000e+00
7.203979941690629163e-01
-4.589239388369142914e-01
4.014972231045494944e-01
6.066419060016539078e-01
7.997313720132724901e-01
1.000000000000000000e+00
-1.241398656167162495e-01
-1.000000000000000000e+00
-1.857265233203249100e-01
1.000000000000000000e+00
-4.316136986034168066e-01
-6.741030734764152932e-01
3.458241305950623401e-01
-5.824781096765203614e-01
1.000000000000000000e+00
-1.105554148319495417e-01
-1.000000000000000000e+00
-2.547302610753405250e-01
-1.000000000000000000e+00
-2.416353727902906534e-01
-7.106732767068095757e-01
-2.664267925165847428e-02
6.057839090935247528e-01
5.977014831691189745e-01
5.151892547470879880e-01
-1.373994543012962422e-01
-7.769055123293886478e-01
-1.870592550660397091e-01
9.255733764040507960e-01
-6.594576523517569067e-01
1.609012723552353530e-01
5.769612338117702244e-01
-2.962542451121266129e-01
3.991198512585648617e-01
-8.227153185776001632e-01
1.207815511670664865e-01
-9.499494880342026493e-01
4.299345417588120721e-01
-6.840911983636686067e-01
-7.400298558836742036e-01
-1.000000000000000000e+00
9.957864549136776766e-01
-9.824453650629687562e-01
1.000000000000000000e+00
2.726717958864445235e-01
-7.332205233460022953e-01
4.117592230339358061e-01
-2.319827888390174342e-01
3.727140089888048013e-01
4.309073723748256812e-01
1.000000000000000000e+00
-2.338835693858024589e-01
-1.636540657174530011e-01
2.441044523164595248e-01
-6.930659570924977420e-01
4.478656743334377688e-01
3.024595392088740287e-01
9.561383920884625187e-01
-4.108971290770454532e-01
-4.688604838740469960e-01
8.674234396952708037e-01
3.953445489668763746e-02
-8.193636208682718580e-01
7.078679710400718195e-01
-3.266297986076028836e-01
7.926562235543432866e-01
-2.827561243233500665e-02
6.496916247440369663e-01
-5.800249080933633783e-01
1.000000000000000000e+00
9.519708087998226542e-01
-3.129931258836661789e-01
5.749569185002508798e-01
3.266258226590608160e-01
6.590109938333994499e-01
4.451656562679484064e-01
3.441870342928644577e-01
1.879718519153852074e-01
5.915144849175176800e-01
7.313601540707135307e-01
2.064360708380125198e-01
4.635066320948903473e-01
2.078524460737658230e-01
4.635853936113765172e-01
9.833605754641998598e-01
2.084512223201708259e-01
5.636070914722730585e-01
2.971977972058911233e-01
2.178839639707534914e-01
2.582292946260881239e-01
5.879280114626467268e-01
4.805875061455370800e-01
7.021432827853688607e-01
2.365369725404206092e-01
6.514770433841439168e-01
9.097383533555241097e-01
8.354171716986436014e-02
3.009396082906833914e-01
3.190187173537832321e-01
5.993628325199714668e-01
6.170724066652105710e-01
6.414945869194567107e-01
1.181590514858015112e-01
6.333441790042425579e-01
4.965993675440992239e-01
8.726528884804172215e-01
8.052941108857197827e-01
4.409322868511839077e-01
4.721683631106687873e-01
2.361513361311105841e-01
5.713172514953215320e-01
2.532460448108733719e-01
1.389594222046722227e-01
2.629777119510853245e-01
5.207352376913486625e-01
3.078113270444426397e-01
1.470769296050321029e-01
9.459298001760835239e-01
6.477761702561029011e-01
1.217015457889441127e-01
1.108566361727099658e-01
2.659545396611505685e-01
7.523080348150249508e-01
6.219628067951236128e-01
5.196211013208359430e-01
2.686793251229497304e-01
7.283420322878298991e-01
2.735977142876934720e-01
9.673368653628787450e-02
8.128670968388214124e-01
1.000000000000000000e+00
4.931007993209030604e-01
4.276790802202583008e-01
1.140029123877671774e-01
1.000000000000000000e+00
2.793344733352270959e-01
3.740168490789942402e-01
8.807774228887123025e-01
1.605098733957525114e-01
1.000000000000000000e+00
4.136596551852973480e-01
2.907306525626927596e-01
2.630065280084333268e-01
1.347203625106575819e-01
4.518112248059577007e-01
9.423782472255783915e-01
1.200545773007019867e-01
5.662936347291076533e-01
2.972516986826290175e-01
3.979782736089350070e-01
9.722836677882805700e-01
5.334090500782441291e-01
1.000000000000000000e+00
7.142189633688054984e-02
5.166014993401184530e-01
4.502615478945350413e-01
6.855399757253292092e-01
3.139393408464782875e-01
9.166338838242674703e-01
5.078222041363223971e-01
2.827290619237387559e-01
5.483472963543465362e-01
4.388846793276222069e-01
9.006883249377394263e-01
6.111378772925847302e-01
7.338564818313991767e-01
1.240201947565927471e-01
5.160356053643809782e-01
5.968264892697223711e-01
7.545556765572227764e-01
2.777801197369959008e-01
8.901451157522132229e-01
1.709344568919977381e-01
4.685547325005267050e-01
5.691540300327584401e-01
1.000000000000000000e+00
1.311595733097526972e-01
6.404020336247211453e-01
4.978688193308402066e-01
6.275878261098729594e-01
6.652405131282850270e-01
3.355610798240560300e-01
4.389635882227576613e-01
5.312167702606006570e-01
3.623554102746835981e-01
1.324580978504825979e-01
6.210916563052389927e-01
5.015019254281348760e-01
4.806523661627385979e-01
6.415223218083742074e-01
3.404256924453092914e-01
2.632606485215395198e-01
2.379946856962817658e-01
3.352910363655902115e-01
3.443745333033184641e-01
8.034329640713696596e-01
3.384537108304195296e-01
1.000000000000000000e+00
5.815402501671455004e-01
1.000000000000000000e+00
5.786106885875764716e-01
8.153368832071755667e-01
2.865971189131220065e-01
3.006941080281221867e-01
9.759543020840312222e-01
4.757963038638774456e-01
7.124784795687747474e-01
5.057273586928667797e-01
8.299974800078694370e-01
6.734881942342647587e-01
6.611342852361299371e-01
1.788305309142011190e-01
1.687474653037028260e-01
5.894463812820840420e-01
5.821331219360451614e-01
2.801297589449665004e-01
1.116513629369388638e-01
3.407806646553793173e-01
3.627468128297863803e-01
1.000000000000000000e+00
4.131365759902065338e-01
8.690654979546034165e-01
3.507505312710836320e-01
1.319801154306931568e-01
3.270084894172787249e-01
5.120922832834463589e-01
1.811926932795825396e-01
3.878294851405730825e-01
4.524722329522365971e-01
7.841978277703447464e-01
3.796627788811434145e-01
4.881784865250838323e-01
2.800665113797066175e-01
9.386957531163763191e-01
7.942688348888140570e-01
1.000000000000000000e+00
9.181026871203308293e-01
5.250891203824284981e-01
1.000000000000000000e+00
2.537071143129406292e-01
5.873128998577695770e-01
1.000000000000000000e+00
1.000000000000000000e+00
2.238296099411905826e-01
4.262622267829168088e-01
5.561651439128842966e-01
3.209918306916438868e-01
3.150430058934264310e-01
3.059002780113670994e-01
3.133220800750341484e-01
4.905250945158091680e-01
1.677646038031567755e-01
1.025408457971922760e-01
1.000000000000000000e+00
5.806765927623780410e-01
8.394005019839360093e-01
7.048161853807938249e-01
2.856401599880800668e-01
2.919410991639212472e-01
1.138852627329126760e-01
1.382302753011661611e-01
1.652442688468754861e-01
7.823165238835536051e-02
4.320663575291409653e-01
1.000000000000000000e+00
6.913157330250192523e-01
4.673671474733737674e-01
4.713019289725485783e-01
4.872862868226677802e-01
1.491864692615718080e-01
8.432784509196972200e-01
3.139102065024301780e-01
4.783925565586591433e-01
4.207746110920630445e-01
1.000000000000000000e+00
8.620487443763735769e-01
1.622065605016557444e-01
4.344872468241238739e-01
2.327930474412933937e-01
3.934526088961766699e-01
7.077581599019791003e-01
3.217553311712342823e-01
2.148292234811189916e-01
7.118660378008068168e-01
8.487970025121546191e-01
3.332977260174355694e-01
5.366715841986132718e-01
2.193819682802418125e-01
7.571517055430168064e-01
6.627621825664156141e-01
2.760792008550949639e-01
1.000000000000000000e+00
1.116988007619414414e-01
6.921848349185720506e-02
8.106451030061800900e-02
2.675237004000625696e-01
6.655451934151972448e-01
1.555794994108377627e-01
4.591143113679781451e-01
2.202401247680991492e-01
4.518919863931101233e-01
1.944556618603642262e-01
4.967527086177817019e-01
1.000000000000000000e+00
5.498067129111045004e-02
7.895325215986417344e-01
8.094700094815481251e-01
1.108529864959024169e-01
5.897299803201377921e-01
3.507159502576239207e-01
3.952472845204837992e-01
3.459938334296527307e-01
1.093565472665663230e-01
4.261010639628113883e-01
1.082756114233173195e-01
1.000000000000000000e+00
3.368026434010062409e-01
2.541189001998743757e-01
2.025118858845359193e-01
7.392005927871546644e-01
2.081815609900868336e-01
2.386002967744035586e-01
2.513714692792189398e-01
7.133896101136839585e-01
9.654272402745066595e-01
3.788929321371565795e-01
3.986293522220854535e-01
8.259563163071569070e-02
2.374425192503185622e-01
8.082842578686327828e-01
5.051946967285800838e-01
4.390134015051280203e-01
2.598396720306040963e-01
1.420131207794398387e-01
9.748725447207806649e-01
3.934163593706894169e-01
6.603029277634051564e-01
