-1.390991226068686082e+00
-8.085817061037393616e-01
-9.086227511784918942e-01
1.396446529603486919e+00
1.149003373037976061e+00
4.509115902161192624e-01
-1.674516807702460364e+00
6.870027428399928526e-01
-5.934161039796914672e-01
-4.087181093724959746e-01
4.112294827733961045e-01
-1.820082593565485851e+00
2.763678948861569840e-01
-1.626873372364559867e+00
6.555547595555355489e-02
2.743260733774612881e+00
-2.853038808882502053e-01
8.416233813927589402e-01
1.158766014855573179e+00
-6.813818592068741076e-01
8.217130801600904810e-01
-2.234369276408207927e+00
-4.025365379788433118e-01
-6.864237884352537566e-01
4.494232579937605943e-01
-1.522608999937770102e+00
2.355427713985516203e+00
-1.839020658206929948e+00
7.111788811424717416e-01
1.994283640177171302e-01
5.324024196084810034e-01
-2.413476809441255089e-01
-2.524751651990336132e+00
-5.009874099596235419e-01
-1.031821462804411338e+00
-6.167241818361344219e-01
6.769872080178482854e-01
-2.315313195679856495e+00
-1.531769516616337423e+00
5.031693429045092092e-01
5.054615314641317664e-02
-1.224693620471423605e+00
-1.060194428564825042e+00
-4.037763037365537655e-01
-5.859900545459477694e-01
-3.717224738068174994e-01
7.818709594971975929e-02
-1.038693416394913083e+00
-3.622270610482430930e-01
-5.784108407862880163e-01
-1.632653632672300237e+00
-1.179597874555482706e+00
3.544559171602834069e-01
1.449416742365474242e+00
-2.959490050237308378e-01
4.769074061553979504e-01
-1.633155203959131496e+00
3.605972035591481495e-01
3.624100557877367734e-01
-1.028484201141484089e+00
2.235761487180127904e+00
3.594239415437884555e-02
-3.651877986450411395e-01
4.843197232852911593e-01
-1.698062472309882276e+00
2.915636894520980404e-01
1.215674742998572588e+00
-2.866945662297807340e-01
9.318560148727427217e-01
1.425516204605495219e+00
-3.392985279135917187e-01
-6.407869366840247549e-01
2.305639321428687882e+00
7.115884370907555878e-01
5.418400801412192047e-01
1.099821481414569924e+00
-1.147831056225161239e+00
1.207511036384854686e+00
4.689133836341154993e-01
-3.604389603206274550e+00
1.558435733306442472e-01
4.370807560107439760e-01
1.549276759491344940e-02
-2.049269235976346692e+00
-1.548289380641244550e-01
-1.609042004562757588e+00
3.136765495533719861e+00
-7.265837665769723230e-01
2.515629047135657381e-01
4.528067207595064536e-01
-7.012700892706946743e-03
3.327379091079183948e-01
7.948775258128374377e-01
1.705892430820431294e+00
3.059621984823309715e-01
8.995225316445227826e-01
7.308469281342456769e-01
8.532283990391350548e-01
-1.189575261969064712e+00
-1.590991151473564402e+00
-2.123340687562514706e+00
1.119997706643258484e+00
1.050096419660737496e-01
-1.670044654779741400e+00
1.898234151847675022e-01
2.281914344461680511e+00
-4.052395466412058722e-01
-3.278426609489900612e-01
-1.017794927134557215e+00
-2.293093411686754624e-01
-2.352254362671192034e+00
-1.632528383559725071e+00
3.245875159687717226e-01
2.672287620161070687e-02
-1.145817688780861987e+00
2.779940140204474330e-01
5.262686292433226276e-01
-7.363647488110113271e-01
1.768652506156596749e+00
-6.675346318331407125e-02
5.680666471379977045e-01
5.958408977183889954e-01
2.436144187854456800e-01
-3.447371492297036100e-01
-7.970635456967343213e-01
-8.964806655258540369e-01
-5.382355861232818173e-01
1.855350687900753359e-01
-7.695966801517372113e-01
2.245087104955479695e+00
4.163088206729145258e-01
-4.643382404937378416e-01
-7.995254612571862651e-01
5.661138099966637194e-01
-4.051377297410059253e-01
2.124166314787373500e-04
-1.023325455267545703e+00
1.470827322403224224e+00
1.375002244831372566e+00
2.457966072938815305e-01
5.448255266500932059e-01
-2.113774720640310689e-01
-1.196077643407957303e-01
-1.478704475204005941e+00
1.381588785680618880e-01
-1.193756105597619799e+00
-1.178175934642213596e+00
1.431335987852952463e-01
-1.438026756563229203e+00
-2.017772629517880500e-02
-2.551638325653059480e-01
9.244710124893268377e-01
-1.694290806980945474e+00
2.177905879956537061e-01
3.925286487222537368e-01
1.243885031653785278e-01
-6.952852938848487208e-01
1.187052114352473708e+00
1.620874101532814304e+00
-8.086666539419248290e-01
3.286650102118207073e-01
-6.998533213239658268e-01
-7.534272345819549299e-01
1.198427263226010009e+00
-9.402012008293137990e-01
6.127619790281837453e-01
-4.775693157210469941e-01
-1.360161474741347964e+00
-1.395555290624143741e+00
8.812032207154770758e-01
-2.136229614115061182e+00
5.231203340180383687e-01
-6.647359630156680632e-01
4.147481155389460383e+00
5.555373007488230153e-01
1.257096585777319753e+00
-1.761223021899396279e+00
1.122808394266642251e+00
1.456851162135601452e-02
3.023295259384448097e-02
8.167774285419675540e-01
4.380990956691939164e-01
6.934190756453207927e-01
-8.943603691785229071e-01
6.223100247684764108e-01
-5.530875556848735553e-01
-4.266749081335848848e-01
-4.709573552855135792e-01
-2.807657827974982534e-01
-7.529077994935379214e-02
-1.852377967104975154e+00
-1.663273080574007579e-01
4.576475417614446761e-01
-1.192561096224720174e-02
8.567666020774983293e-01
-6.228953846820461937e-01
-1.421298581365668667e+00
2.411801105289081149e-01
-9.666669665010081403e-01
2.107788238349246890e-01
1.111582217078588841e-01
-3.107832988833874044e-01
-8.019598210996983223e-01
2.318906402850892667e-02
4.671172927525481522e-01
3.481572598620292225e-01
1.117072881570954523e+00
-2.570197707667213338e-01
2.399286029951186172e-01
4.978213988286326885e-01
-1.384207981147301147e+00
-2.804936644201567186e-01
1.651270493629651837e+00
1.568972097003010768e+00
8.941296076574722917e-01
-7.108688840105114037e-01
1.809140173377239202e+00
3.174186500735993177e-01
-1.221205643646924965e+00
-1.618053657338358153e+00
-1.083796966629577030e+00
-2.105330078507530178e+00
3.322733344907445319e-01
1.095832962518020759e-01
-2.658608503990096961e-01
-5.328839427032695530e-01
-3.160581891459711468e+00
-1.261863486085834651e+00
7.077040027204246631e-01
8.288513158500515621e-03
2.160999277876969327e-01
-2.312476283717595837e+00
3.989754816961702533e-01
-2.136718681830523270e+00
1.743267310743067178e+00
-1.167287061588996755e+00
-8.977744524925144187e-01
-5.127485032048237912e-01
-1.499285722285385702e+00
1.236877683134164907e-01
-7.619080922015473156e-01
-4.469192631680901640e-01
-4.912476796678038604e-01
1.114387808405286284e+00
5.333396779359481088e-02
-8.938073306574816357e-01
1.692579748559488007e+00
1.170187943343587778e+00
1.163713301233938235e+00
-1.208060506285266955e+00
-1.128129752673092900e+00
-1.224982217042131616e+00
-4.546090904286209655e-02
-7.594676222114404851e-03
1.036046780987963656e+00
2.730748850691037122e-01
-1.294288717710496917e+00
2.679073532686291337e-01
1.400205158800013061e+00
9.974029703563039861e-01
-6.597748767553957006e-02
1.850151551088619284e+00
9.377571405284065298e-01
9.460135404755295463e-01
-1.123183788529684479e+00
