Generation: 0 71.0356 104.8338 7.9913 22.9233
Generation: 1 71.9532 102.8126 20.2832 27.1683
Generation: 2 72.0369 102.8806 31.4143 27.6794
Generation: 3 62.1571 115.6950 43.0871 26.0675
Generation: 4 83.2302 112.9859 53.7862 22.1843
Generation: 5 78.3693 108.5697 55.7438 24.8703
Generation: 6 85.7746 155.3168 58.9674 23.5999
Generation: 7 72.4397 103.0733 58.9641 21.4929
Generation: 8 74.6199 105.2658 63.3671 18.4327
Generation: 9 74.2032 104.8464 64.9031 14.3319
Generation: 10 73.5662 127.1897 59.6457 24.1949
Generation: 11 51.1593 105.5541 60.9069 23.3918
Generation: 12 76.4383 106.8552 58.2188 24.9557
Generation: 13 74.1789 104.8103 60.8539 22.4136
Generation: 14 78.6585 108.8597 60.2351 24.0053
Generation: 15 74.0954 104.7396 60.3752 22.6655
Generation: 16 75.2614 128.6697 62.9054 19.2343
Generation: 17 75.2739 128.6902 63.4859 18.9907
Generation: 18 73.9182 127.5483 63.4080 17.7497
Generation: 19 76.8613 130.2825 66.2942 14.7595
Generation: 20 76.6051 130.0279 66.3222 13.1214
Generation: 21 74.6314 128.2586 66.0504 12.3287
Generation: 22 83.1531 152.9336 62.8796 16.1749
Generation: 23 81.9588 134.9459 66.0669 11.8480
Generation: 24 81.1419 134.1315 65.0630 13.6616
Generation: 25 83.5202 136.2907 66.3453 11.8473
Generation: 26 79.3204 132.5337 64.0169 12.7939
Generation: 27 81.5168 134.5059 64.2221 14.5507
Generation: 28 83.2818 136.0548 67.1935 11.4240
Generation: 29 87.7981 180.1390 66.6942 10.7578
Generation: 30 85.4626 138.0188 62.2901 17.3996
Generation: 31 81.0877 134.0770 68.2706 9.2582
Generation: 32 84.5557 137.1129 68.8610 10.0298
Generation: 33 85.3758 137.9315 66.1917 13.3414
Generation: 34 79.5772 132.5657 65.0971 13.4370
Generation: 35 85.1808 137.7365 68.9669 9.3284
Generation: 36 85.1784 137.7355 65.9550 13.7232
Generation: 37 88.0269 180.3675 69.2954 11.7034
Generation: 38 87.8066 180.1454 66.9210 14.5789
Generation: 39 87.4960 179.8372 68.1694 11.4490
Generation: 40 83.3846 136.1608 68.8127 11.3534
Generation: 41 81.0331 134.0163 66.9807 12.7859
Generation: 42 83.7242 136.4973 70.5735 7.7384
Generation: 43 85.1494 137.7065 69.8521 8.9173
Generation: 44 71.6274 142.4616 69.3545 8.4300
Generation: 45 88.3784 180.7186 69.5964 9.5010
Generation: 46 84.9408 137.4965 70.3122 9.3272
Generation: 47 85.1044 137.6615 70.3057 8.9389
Generation: 48 87.9457 180.2869 70.5168 11.8164
Generation: 49 87.7892 180.1303 67.8168 13.1065
Generation: 50 83.6966 136.4677 69.3738 13.4516
Generation: 51 85.0857 137.6429 67.5994 14.6997
Generation: 52 85.2198 137.7770 71.0088 8.8059
Generation: 53 83.1686 135.9414 71.2271 10.3487
Generation: 54 83.1639 152.9433 69.3651 8.8045
Generation: 55 87.5765 179.9177 70.1359 9.5564
Generation: 56 87.2071 179.5473 71.1981 8.9747
Generation: 57 86.0111 138.5670 70.8004 11.4663
Generation: 58 83.3330 136.1054 72.2250 6.2943
Generation: 59 87.4515 179.7913 70.6508 11.6911
Generation: 60 85.1344 137.6915 71.8185 9.9541
Generation: 61 85.5226 138.0788 69.9658 10.6838
Generation: 62 87.7042 180.0453 71.6788 9.3786
Generation: 63 87.4265 179.7663 71.7162 7.1569
Generation: 64 85.1794 137.7365 70.8151 10.2919
Generation: 65 88.1566 180.4978 72.2693 8.2413
Generation: 66 88.1234 180.4636 71.1147 9.4058
Generation: 67 87.6110 179.9522 70.0986 14.1644
Generation: 68 85.4626 138.0188 71.7282 8.1085
Generation: 69 85.7005 138.2568 70.9280 12.3928
Generation: 70 87.8559 180.1958 72.6574 10.5155
Generation: 71 87.8192 180.1603 72.0073 11.3027
Generation: 72 83.4802 153.2587 71.7585 10.7354
Generation: 73 85.2777 137.8349 72.4204 9.4705
Generation: 74 87.9966 180.3368 72.5961 8.8194
Generation: 75 87.7310 180.0716 71.5233 14.8450
Generation: 76 87.8435 180.1847 70.5554 14.5029
Generation: 77 87.5410 179.8822 70.2886 13.5291
Generation: 78 85.7657 138.3230 69.7498 14.6590
Generation: 79 87.6601 180.0012 71.0893 13.0760
Generation: 80 88.3034 180.6436 74.0012 8.1891
Generation: 81 85.3327 137.8899 72.9406 10.5626
Generation: 82 82.8448 157.3928 73.2939 9.1210
Generation: 83 87.7083 180.0494 74.5691 7.0938
Generation: 84 85.5097 155.0743 75.0353 5.8439
Generation: 85 88.2134 180.5536 75.1026 6.6954
Generation: 86 85.2192 137.7765 73.9197 6.9938
Generation: 87 87.6642 180.0053 73.2752 10.4954
Generation: 88 87.6701 180.0112 75.3802 7.5124
Generation: 89 88.0484 180.3886 75.3390 7.2533
Generation: 90 88.1684 180.5086 75.5148 7.7882
Generation: 91 88.4140 180.7621 76.1014 7.0743
Generation: 92 88.5458 180.8913 74.9163 6.9090
Generation: 93 88.2575 180.5982 75.1680 7.0359
Generation: 94 88.0075 180.3477 75.1162 6.7867
Generation: 95 87.3738 179.7150 74.5076 8.2268
Generation: 96 88.1349 180.4807 74.4951 8.7803
Generation: 97 88.1483 180.4878 74.0885 10.5891
Generation: 98 88.4485 180.7912 74.4167 7.6870
Generation: 99 88.1050 180.4482 74.3375 9.2277
Generation: 100 88.0465 180.3863 75.0975 7.9341
Generation: 101 88.4899 180.8357 75.3321 9.6365
Generation: 102 88.3467 180.6952 74.5696 8.4617
Generation: 103 88.4975 180.8404 73.7326 9.0535
Generation: 104 88.0132 180.3540 73.6220 9.6547
Generation: 105 88.6825 181.0283 74.9401 8.4801
Generation: 106 88.2154 180.5640 72.7366 12.1809
Generation: 107 88.3057 180.6509 72.3847 12.0257
Generation: 108 88.3992 180.7395 74.2038 12.9694
Generation: 109 88.4869 180.8340 73.1499 11.4637
Generation: 110 88.6280 180.9663 74.7856 12.7275
Generation: 111 88.1461 180.4883 76.3795 7.8008
Generation: 112 88.3399 180.6857 73.4726 12.0280
Generation: 113 88.5484 180.8913 73.6145 11.4074
Generation: 114 88.2242 180.5650 75.0766 12.4190
Generation: 115 88.3711 180.7133 71.3746 11.2747
Generation: 116 88.5408 180.8842 76.3817 6.5848
Generation: 117 88.4284 180.7760 74.7116 8.1814
Generation: 118 88.0750 180.4182 72.8989 12.3782
Generation: 119 88.5344 180.8760 74.7836 11.1549
Generation: 120 88.2693 180.6116 72.2332 14.6496
Generation: 121 88.6225 180.9654 75.1595 10.8446
Generation: 122 88.3149 180.6607 73.3095 12.1705
Generation: 123 88.4294 180.7710 75.4203 9.6280
Generation: 124 89.1458 181.4913 74.6241 11.1227
Generation: 125 88.8826 181.2240 75.7378 9.0227
Generation: 126 88.9276 181.2690 76.1848 8.8427
Generation: 127 88.5234 180.8710 78.0174 7.5138
Generation: 128 88.1606 180.4999 75.9429 9.0815
Generation: 129 89.0858 181.4313 76.4207 9.5327
Generation: 130 88.6993 181.0470 76.4320 9.1507
Generation: 131 89.2212 181.5694 75.5003 10.5955
Generation: 132 88.2549 180.5995 75.5571 8.8230
Generation: 133 88.3012 180.6440 75.0266 9.4510
Generation: 134 90.2127 182.5086 75.6858 10.4377
Generation: 135 88.6835 181.0242 74.5016 14.0683
Generation: 136 88.3409 180.6806 77.1987 7.5290
Generation: 137 88.8727 181.2081 75.9847 10.5116
Generation: 138 89.5106 181.8223 76.9242 9.6192
Generation: 139 88.6259 180.9683 74.3069 10.4671
Generation: 140 88.2920 180.6342 73.3714 12.7767
Generation: 141 88.6124 180.9572 75.0844 12.9820
Generation: 142 88.7268 181.0750 72.3736 14.6669
Generation: 143 88.7144 181.0538 75.4492 11.3649
Generation: 144 88.8151 181.1519 76.4898 7.7048
Generation: 145 90.5345 182.8348 77.0033 8.8677
Generation: 146 88.7183 181.0613 76.4505 9.1857
Generation: 147 88.4375 180.7804 78.1139 7.5660
Generation: 148 88.9058 181.2513 76.8630 8.1048
Generation: 149 88.5928 180.9400 76.6440 8.8069
Generation: 150 88.6311 180.9733 77.3585 8.4727
Generation: 151 89.4693 181.7831 78.2724 7.8756
Generation: 152 88.8670 181.2161 77.4957 8.3478
Generation: 153 88.5713 180.9081 77.0453 7.7136
Generation: 154 89.5246 181.8675 75.7963 9.2717
Generation: 155 88.4817 180.8302 78.1819 6.9173
Generation: 156 88.6584 181.0013 78.1733 6.9446
Generation: 157 88.9462 181.2882 77.4503 9.0047
Generation: 158 88.9375 181.2769 77.4604 10.6670
Generation: 159 88.4944 180.8360 78.1393 8.7569
Generation: 160 88.7256 181.0742 78.0008 7.3990
Generation: 161 88.7635 181.1042 79.4713 5.7127
Generation: 162 88.6252 180.9711 77.8483 7.1504
Generation: 163 88.7830 181.1236 79.0437 6.7319
Generation: 164 89.3994 181.7305 77.5267 11.0385
Generation: 165 88.6249 180.9707 78.6088 7.3776
Generation: 166 89.1868 181.5350 78.1608 9.7626
Generation: 167 88.8092 181.1553 77.8865 8.3648
Generation: 168 88.5473 180.8876 78.4768 7.9278
Generation: 169 89.4839 181.8153 78.2602 8.3753
Generation: 170 88.7449 181.0907 78.9142 8.1293
Generation: 171 88.6966 181.0442 79.2272 7.4156
Generation: 172 88.5725 180.9186 79.0497 7.2279
Generation: 173 88.7111 181.0537 78.8961 6.3640
Generation: 174 88.6999 181.0457 77.8166 7.1939
Generation: 175 88.7406 181.0892 81.1291 5.8734
Generation: 176 88.6866 181.0342 78.5564 8.0060
Generation: 177 88.6557 181.0016 77.0490 11.5473
Generation: 178 88.7890 181.1371 79.9712 7.0890
Generation: 179 88.4740 180.8221 79.5720 6.6330
Generation: 180 89.1263 181.4752 78.0378 7.0656
Generation: 181 88.8695 181.2119 79.5803 6.0262
Generation: 182 88.6875 181.0269 79.6620 6.1684
Generation: 183 88.8267 181.1752 79.6878 6.1385
Generation: 184 90.3418 182.6528 79.6809 6.3294
Generation: 185 88.4099 180.7581 79.3298 6.9758
Generation: 186 89.1908 181.5363 80.5481 6.1521
Generation: 187 88.8413 181.1902 80.9793 7.5540
Generation: 188 89.0916 181.4376 80.5975 6.2294
Generation: 189 88.5794 180.9210 78.4336 7.9790
Generation: 190 89.2839 181.6304 79.5667 6.6993
Generation: 191 88.7935 181.1362 78.0388 8.9953
Generation: 192 89.9006 182.2436 79.6104 8.1191
Generation: 193 89.1268 181.4750 80.5381 8.6369
Generation: 194 89.4304 181.7741 79.2059 8.1049
Generation: 195 88.8994 181.2362 79.4058 8.9545
Generation: 196 89.2158 181.5640 81.3369 5.9027
Generation: 197 89.0212 181.3632 80.1551 6.3633
Generation: 198 89.4569 181.7961 80.3292 7.5932
Generation: 199 89.0580 181.4061 79.4777 8.0209
Generation: 200 89.2170 181.5592 81.1926 6.8750
Generation: 201 89.5548 181.8962 80.5443 6.8775
Generation: 202 90.3043 182.6182 79.5969 8.5125
Generation: 203 90.1471 182.4678 81.0259 8.0586
Generation: 204 88.8630 181.2036 79.4155 9.0263
Generation: 205 90.9353 183.2629 80.3192 6.6828
Generation: 206 88.7711 181.1137 80.3444 7.0000
Generation: 207 88.8454 181.1940 80.6210 6.2221
Generation: 208 89.3699 181.7181 81.0000 5.8413
Generation: 209 89.2744 181.6215 80.5526 5.7575
Generation: 210 89.4480 181.7844 80.9946 6.6492
Generation: 211 89.7048 182.0382 81.3212 7.5772
Generation: 212 89.2048 181.5434 80.0012 6.5252
Generation: 213 90.4608 182.7865 80.0078 7.1220
Generation: 214 90.5275 182.8473 80.9310 6.6467
Generation: 215 90.2104 182.5211 80.7810 7.5471
Generation: 216 90.0578 182.3700 77.4744 11.3516
Generation: 217 89.3968 181.7450 79.4146 8.4706
Generation: 218 90.6289 182.9392 80.6318 8.8062
Generation: 219 91.0349 183.3563 79.6087 8.0042
Generation: 220 89.9828 182.2950 77.5270 10.8724
Generation: 221 90.7549 183.0753 79.4035 10.5937
Generation: 222 90.3716 182.6933 79.0548 9.7681
Generation: 223 90.7630 183.0814 76.4208 11.4892
Generation: 224 89.2145 181.5540 76.7332 9.8462
Generation: 225 90.4315 182.7447 78.1341 9.8193
Generation: 226 90.2573 182.5787 78.8422 8.7343
Generation: 227 89.8184 182.1381 79.0226 8.1951
Generation: 228 90.1100 182.4242 78.5319 8.6533
Generation: 229 89.5312 181.8815 78.8111 9.0768
Generation: 230 89.9453 182.2591 76.3451 12.5499
Generation: 231 90.2414 182.5542 77.6798 9.9268
Generation: 232 90.5555 182.8721 74.7597 13.3618
Generation: 233 90.2455 182.5573 78.0118 10.1767
Generation: 234 90.0423 182.3562 76.6707 11.5603
Generation: 235 91.0372 183.3532 75.3193 12.8558
Generation: 236 89.7159 182.0438 74.0582 12.9217
Generation: 237 90.1646 182.4652 80.2465 7.4674
Generation: 238 90.4706 182.7933 77.8372 12.4077
Generation: 239 90.2222 182.5187 79.3694 7.8022
Generation: 240 88.9993 181.3457 74.8958 13.3172
Generation: 241 89.7473 182.0868 77.7024 8.6606
Generation: 242 90.2825 182.6023 78.2709 10.0180
Generation: 243 90.0825 182.3964 79.0478 8.4278
Generation: 244 89.9530 182.2682 77.8915 11.4435
Generation: 245 89.9882 182.3032 78.5580 9.5697
Generation: 246 90.2880 182.5961 79.9496 7.7786
Generation: 247 89.2842 181.6271 78.6335 8.7751
Generation: 248 90.9703 183.3003 80.1441 7.8781
Generation: 249 90.8721 183.1996 80.7046 7.1157
Generation: 250 90.7010 183.0192 77.7951 10.5829
Generation: 251 90.5415 182.8665 78.3442 10.9408
Generation: 252 90.8773 183.1983 74.9751 12.7013
Generation: 253 90.3988 182.7031 77.1852 11.5001
Generation: 254 90.6034 182.9154 79.5745 9.5843
Generation: 255 90.3948 182.7204 78.2380 11.4999
Generation: 256 90.6466 182.9683 78.8029 10.4299
Generation: 257 90.8189 183.1340 78.7337 10.7495
Generation: 258 90.0422 182.3538 78.3169 10.5545
Generation: 259 90.8570 183.1854 78.8728 10.6545
Generation: 260 90.9766 183.2983 79.2339 10.1372
Generation: 261 90.6095 182.9212 80.4815 9.0795
Generation: 262 90.7274 183.0473 79.2000 10.2817
Generation: 263 91.2075 183.5381 79.4888 11.0533
Generation: 264 90.6448 182.9510 81.0909 8.2361
Generation: 265 90.4307 182.7562 80.6711 8.6511
Generation: 266 90.7316 183.0597 78.7025 12.4458
Generation: 267 90.8531 183.1580 79.7830 9.7769
Generation: 268 90.4623 182.7661 81.1284 8.2507
Generation: 269 91.0801 183.4035 83.5843 6.6520
Generation: 270 91.3405 183.6563 82.3669 8.1638
Generation: 271 90.7954 183.1057 81.4537 8.7736
Generation: 272 90.8350 183.1578 80.7965 9.3069
Generation: 273 90.1999 182.5178 79.2183 9.6610
Generation: 274 91.0918 183.4139 82.5953 6.7953
Generation: 275 90.8538 183.1741 81.5460 9.3527
Generation: 276 91.3492 183.6694 81.9398 8.7319
Generation: 277 90.8741 183.2004 80.8459 8.7466
Generation: 278 91.1145 183.4367 80.9632 8.9154
Generation: 279 90.6841 183.0013 82.2509 7.3085
Generation: 280 91.1236 183.4441 84.6120 6.8365
Generation: 281 90.8633 183.1844 83.6678 7.9189
Generation: 282 90.8179 183.1351 83.0618 6.5887
Generation: 283 90.8429 183.1537 82.2783 8.4233
Generation: 284 91.0524 183.3610 83.6453 8.2141
Generation: 285 91.0273 183.3437 83.0543 7.6054
Generation: 286 91.0035 183.3264 82.5996 8.3122
Generation: 287 90.9652 183.2690 81.9914 7.3383
Generation: 288 90.9756 183.3037 83.5859 7.5104
Generation: 289 90.9083 183.2385 83.9384 7.4075
Generation: 290 91.0366 183.3630 84.0667 6.2476
Generation: 291 90.9058 183.2213 83.9586 6.0920
Generation: 292 90.8617 183.1750 82.6549 7.7084
Generation: 293 90.9608 183.2828 83.5323 6.9391
Generation: 294 91.1594 183.4828 83.1066 7.1884
Generation: 295 90.5930 182.9070 83.5156 7.0580
Generation: 296 91.0738 183.3971 84.2833 7.0212
Generation: 297 91.0674 183.3850 83.6475 6.6016
Generation: 298 91.1691 183.4885 83.2856 7.2497
Generation: 299 90.8966 183.2183 82.6457 7.5251
Generation: 300 91.1225 183.4452 83.1298 7.5097
Generation: 301 91.1445 183.4632 83.5276 7.7018
Generation: 302 90.8409 183.1633 83.2325 7.7660
Generation: 303 90.9450 183.2673 83.7637 7.0677
Generation: 304 90.6946 183.0130 83.4527 8.3483
Generation: 305 90.8019 183.1244 84.5477 6.0194
Generation: 306 90.6568 182.9804 84.3565 7.1691
Generation: 307 90.9854 183.3089 84.8581 5.7120
Generation: 308 91.1847 183.5052 85.0391 5.0406
Generation: 309 91.0366 183.3630 84.5058 5.9661
Generation: 310 90.8315 183.1432 84.2587 6.4471
Generation: 311 90.8487 183.1697 84.7210 7.0506
Generation: 312 90.9507 183.2608 85.7054 4.6425
Generation: 313 90.9421 183.2649 83.8532 7.1903
Generation: 314 91.1397 183.4616 84.3425 6.4683
Generation: 315 90.8175 183.1373 84.4030 6.0236
Generation: 316 91.0090 183.3253 84.8150 6.2411
Generation: 317 91.1971 183.5263 84.6103 7.1421
Generation: 318 90.8923 183.2087 86.5613 4.6489
Generation: 319 90.9633 183.2850 84.5376 5.9028
Generation: 320 91.0492 183.3710 85.7753 5.5256
Generation: 321 90.9438 183.2537 85.8832 5.4476
Generation: 322 90.9425 183.2612 85.4355 5.9047
Generation: 323 90.9664 183.2873 85.0457 6.8427
Generation: 324 90.8168 183.1346 86.2999 5.2335
Generation: 325 91.3179 183.6363 86.0969 4.0803
Generation: 326 91.1647 183.4852 85.7439 5.0122
Generation: 327 90.9648 183.2770 85.5819 5.4957
Generation: 328 90.9317 183.2512 84.1353 7.2639
Generation: 329 91.1237 183.4494 85.2208 5.1611
Generation: 330 91.1027 183.4154 84.7566 4.7606
Generation: 331 91.0494 183.3696 85.4852 4.7497
Generation: 332 91.0655 183.3862 85.2774 4.9831
Generation: 333 91.2035 183.5150 86.3306 4.6283
Generation: 334 90.9007 183.2180 85.6745 5.3789
Generation: 335 91.0617 183.3839 85.2265 5.3272
Generation: 336 91.1476 183.4700 86.3052 4.4105
Generation: 337 91.2231 183.5457 85.7912 6.0919
Generation: 338 90.8413 183.1541 85.4015 4.5890
Generation: 339 91.3475 183.6726 86.0604 5.1162
Generation: 340 91.3623 183.6919 85.0635 5.9971
Generation: 341 90.8360 183.1540 85.1370 6.0089
Generation: 342 91.0585 183.3814 85.3586 5.8930
Generation: 343 91.3242 183.6518 85.5525 4.7732
Generation: 344 91.1614 183.4774 85.8010 4.6630
Generation: 345 91.1308 183.4469 85.6337 5.0281
Generation: 346 91.0355 183.3485 86.9411 3.8702
Generation: 347 91.3525 183.6807 84.7351 5.7948
Generation: 348 91.3739 183.6908 86.0463 4.9483
Generation: 349 91.0606 183.3887 85.2327 4.6981
Generation: 350 91.1797 183.5002 85.8885 4.9665
Generation: 351 91.3889 183.7091 86.0997 4.7375
Generation: 352 91.0208 183.3428 86.2478 4.3741
Generation: 353 91.2771 183.6037 83.9687 6.1130
Generation: 354 91.0610 183.3716 85.9801 4.5556
Generation: 355 90.9839 183.3089 85.7656 5.9841
Generation: 356 91.0410 183.3546 85.1528 5.8256
Generation: 357 91.0208 183.3428 86.5266 4.3509
Generation: 358 91.1947 183.5152 86.2726 3.8305
Generation: 359 90.9946 183.3226 85.7238 5.1573
Generation: 360 90.9856 183.3099 85.2112 6.2910
Generation: 361 91.1949 183.5219 86.0120 4.7046
Generation: 362 90.9036 183.2160 86.6149 4.1230
Generation: 363 90.9416 183.2613 85.7726 4.5498
Generation: 364 91.3156 183.6371 86.1726 4.1339
Generation: 365 91.1618 183.4839 85.9202 4.5733
Generation: 366 91.3879 183.7063 86.9014 4.3930
Generation: 367 91.1300 183.4463 86.0231 4.2963
Generation: 368 91.2081 183.5357 86.6036 4.3318
Generation: 369 91.2287 183.5510 86.2057 5.1145
Generation: 370 91.0356 183.3599 85.6197 5.2478
Generation: 371 91.3351 183.6578 86.4712 4.3980
Generation: 372 91.2071 183.5363 85.9611 4.9565
Generation: 373 91.0923 183.4198 86.8529 4.0441
Generation: 374 90.9983 183.3194 87.0100 4.8777
Generation: 375 91.1533 183.4729 87.2174 3.5193
Generation: 376 91.0905 183.4203 86.8267 4.0461
Generation: 377 91.0703 183.3871 86.9189 3.9528
Generation: 378 91.0961 183.4217 86.6917 4.5084
Generation: 379 90.8251 183.1468 86.7165 4.2001
Generation: 380 90.9284 183.2506 86.8952 4.1808
Generation: 381 91.0421 183.3682 86.9811 4.3784
Generation: 382 91.1899 183.5187 87.0178 3.8845
Generation: 383 90.9480 183.2656 86.2063 4.8343
Generation: 384 90.9768 183.2995 86.1322 5.8525
Generation: 385 91.0794 183.4057 86.4567 4.5723
Generation: 386 91.0900 183.4078 86.7665 3.9576
Generation: 387 90.7984 183.1397 86.9350 3.9777
Generation: 388 91.2205 183.5414 87.0840 3.5182
Generation: 389 91.0173 183.3410 86.7057 4.3191
Generation: 390 91.0788 183.4033 87.0659 4.5815
Generation: 391 91.4328 183.7596 86.4096 4.0630
Generation: 392 91.3475 183.6726 86.6716 4.2246
Generation: 393 91.2518 183.5739 87.0915 3.4845
Generation: 394 91.3458 183.6619 86.5379 4.0497
Generation: 395 91.4380 183.7579 86.1607 4.2345
Generation: 396 91.0696 183.3866 85.8111 5.1831
Generation: 397 91.0576 183.3832 85.5131 4.5180
Generation: 398 91.0380 183.3510 86.8464 3.5998
Generation: 399 90.9268 183.2446 85.9531 5.1261
Generation: 400 91.0368 183.3604 86.0110 4.4902
Generation: 401 91.3919 183.7102 86.8202 3.8971
Generation: 402 91.4511 183.7767 86.7962 4.3788
Generation: 403 91.2958 183.6119 85.5561 5.3605
Generation: 404 91.1448 183.4610 86.0144 5.3248
Generation: 405 91.4133 183.7329 85.8898 4.8859
Generation: 406 91.4993 183.8155 86.7702 3.7402
Generation: 407 91.0705 183.3865 85.6518 4.9263
Generation: 408 91.2855 183.6015 85.3928 5.0684
Generation: 409 91.1861 183.5037 85.6967 5.0521
Generation: 410 91.3793 183.6955 85.2152 5.2766
Generation: 411 91.1889 183.5067 85.5524 3.8992
Generation: 412 91.1911 183.5167 85.7700 4.3674
Generation: 413 91.1987 183.5274 86.2674 3.9501
Generation: 414 91.2521 183.5698 85.9153 4.9973
Generation: 415 91.3073 183.6348 85.5855 5.6307
Generation: 416 91.5978 183.9228 86.1397 4.7382
Generation: 417 91.1892 183.5125 86.6255 3.7871
Generation: 418 91.3604 183.6794 85.7164 4.8333
Generation: 419 91.3099 183.6369 85.9896 4.9026
Generation: 420 91.5100 183.8285 86.1836 4.2432
Generation: 421 91.4954 183.8144 86.8249 4.9588
Generation: 422 91.0452 183.3675 85.9541 5.1517
Generation: 423 91.2406 183.5687 86.0619 5.0547
Generation: 424 91.3237 183.6502 85.6201 5.8029
Generation: 425 91.4590 183.7858 87.4461 3.8413
Generation: 426 91.3268 183.6446 86.7119 4.6645
Generation: 427 91.4978 183.8228 87.4767 4.1113
Generation: 428 91.3528 183.6778 86.9165 4.1061
Generation: 429 91.1746 183.5029 86.1902 4.0364
Generation: 430 91.0889 183.4155 86.5188 5.0280
Generation: 431 91.2039 183.5217 85.4616 4.3476
Generation: 432 91.3247 183.6452 86.6335 4.7693
Generation: 433 91.1663 183.4862 86.7249 3.8591
Generation: 434 91.4478 183.7746 86.6052 3.9748
Generation: 435 91.2046 183.5329 86.5651 4.1346
Generation: 436 91.3148 183.6441 86.3570 3.9157
Generation: 437 91.3879 183.7157 86.2611 4.5716
Generation: 438 91.4725 183.7993 86.7211 3.9155
Generation: 439 91.3843 183.7005 86.0421 4.3856
Generation: 440 91.3561 183.6772 86.6607 4.7066
Generation: 441 91.2916 183.6198 86.4125 4.7491
Generation: 442 91.0580 183.3848 85.8667 5.0843
Generation: 443 91.4978 183.8228 86.0840 5.0126
Generation: 444 91.2247 183.5452 86.4010 3.9872
Generation: 445 91.2526 183.5771 87.3082 3.8544
Generation: 446 91.3178 183.6446 86.7225 5.3082
Generation: 447 91.3042 183.6318 86.1959 5.1436
Generation: 448 91.5268 183.8508 86.1590 4.9102
Generation: 449 91.3528 183.6778 87.3631 3.3206
Generation: 450 91.2067 183.5213 86.4909 4.6272
Generation: 451 91.4961 183.8217 86.4041 5.0469
Generation: 452 91.4475 183.7726 86.5901 4.5837
Generation: 453 91.3014 183.6287 86.4809 5.0193
Generation: 454 91.2824 183.6023 86.5091 4.2640
Generation: 455 91.3811 183.7067 86.3490 4.2495
Generation: 456 91.4914 183.8105 86.6973 4.5505
Generation: 457 91.4378 183.7628 86.9048 3.9700
Generation: 458 91.3548 183.6800 86.6245 4.4856
Generation: 459 91.4778 183.8046 86.7732 4.4988
Generation: 460 91.5171 183.8348 86.3498 5.4188
Generation: 461 91.3744 183.7007 87.4048 3.5831
Generation: 462 91.4021 183.7198 87.0814 4.0483
Generation: 463 91.3900 183.7069 87.1891 5.4037
Generation: 464 91.4916 183.8198 86.8400 4.5513
Generation: 465 91.3593 183.6896 87.3052 4.1360
Generation: 466 91.4099 183.7369 86.4131 4.5578
Generation: 467 91.4811 183.8067 85.6565 7.3678
Generation: 468 91.4375 183.7543 87.7530 3.7730
Generation: 469 91.5015 183.8218 85.4232 8.3251
Generation: 470 91.4328 183.7596 84.8908 9.8350
Generation: 471 91.3216 183.6498 87.5149 3.5062
Generation: 472 91.3982 183.7239 85.5718 6.5382
Generation: 473 91.4494 183.7757 86.0048 6.4754
Generation: 474 91.4171 183.7348 85.4685 7.4480
Generation: 475 91.4493 183.7655 85.6461 6.8270
Generation: 476 91.3961 183.7217 85.9112 7.3725
Generation: 477 91.4076 183.7358 86.6453 4.0761
Generation: 478 91.4811 183.8067 86.9204 4.2310
Generation: 479 91.5264 183.8563 86.3667 5.1650
Generation: 480 91.4094 183.7357 86.1934 4.8058
Generation: 481 91.6962 184.0169 85.8808 6.6886
Generation: 482 91.4494 183.7757 86.1736 6.3367
Generation: 483 91.4972 183.8228 86.8261 6.4096
Generation: 484 91.4989 183.8239 86.1685 7.9399
Generation: 485 91.5010 183.8261 86.6555 4.4022
Generation: 486 91.4794 183.8057 87.0080 4.0053
Generation: 487 91.5021 183.8198 87.6221 3.2982
Generation: 488 91.5021 183.8198 86.7563 3.4823
Generation: 489 91.4672 183.7928 86.3781 4.6118
Generation: 490 91.5268 183.8446 87.0123 3.5442
Generation: 491 91.5511 183.8667 86.9678 4.5238
Generation: 492 91.3972 183.7228 86.3977 4.2019
Generation: 493 91.3616 183.6898 87.3740 3.8743
Generation: 494 91.3153 183.6337 86.8802 3.4358
Generation: 495 91.5118 183.8296 86.8987 4.7727
Generation: 496 91.4093 183.7369 87.3476 3.3701
Generation: 497 91.4778 183.8046 87.3890 3.1882
Generation: 498 91.4389 183.7591 86.1177 4.2222
Generation: 499 91.4066 183.7348 87.2793 3.4103
Generation: 500 91.5171 183.8348 87.2075 5.0475
Generation: 501 91.5003 183.8187 86.9928 3.7889
Generation: 502 91.4978 183.8228 87.1451 4.1834
Generation: 503 91.5661 183.8817 87.4349 3.8452
Generation: 504 91.4739 183.7908 87.2639 4.0815
Generation: 505 91.3978 183.7228 87.3351 3.5653
Generation: 506 91.4889 183.8176 86.7253 3.7287
Generation: 507 91.4628 183.7896 87.8590 3.2665
Generation: 508 91.4493 183.7655 86.9665 4.4624
Generation: 509 91.4644 183.7907 87.1143 3.9331
Generation: 510 91.5321 183.8498 86.9558 3.9236
Generation: 511 91.4928 183.8196 87.0834 3.5169
Generation: 512 91.3871 183.7048 87.2392 3.4031
Generation: 513 91.5100 183.8285 86.9243 4.0460
Generation: 514 91.4764 183.7955 86.8732 3.7506
Generation: 515 91.4764 183.7955 86.9958 3.8523
Generation: 516 91.5343 183.8505 87.2529 3.4665
Generation: 517 91.4171 183.7348 87.4873 3.3611
Generation: 518 91.4758 183.7919 86.9286 4.4820
Generation: 519 91.5094 183.8357 87.1350 4.4790
Generation: 520 91.4725 183.7993 87.3224 3.3464
Generation: 521 91.4478 183.7746 87.2136 4.2245
Generation: 522 91.5058 183.8219 87.6879 3.2353
Generation: 523 91.4950 183.8135 87.7904 2.8478
Generation: 524 91.5343 183.8505 87.5263 3.2324
Generation: 525 91.4853 183.8037 87.2262 4.2003
Generation: 526 91.5870 183.9105 87.1508 4.1364
Generation: 527 91.5493 183.8655 88.3130 3.1097
Generation: 528 91.5153 183.8337 87.2822 3.3126
Generation: 529 91.4703 183.7887 87.5290 3.5284
Generation: 530 91.4153 183.7337 87.0418 4.1391
Generation: 531 91.5100 183.8285 87.9408 3.4613
Generation: 532 91.5250 183.8435 86.7105 4.3611
Generation: 533 91.5493 183.8655 87.0965 4.2528
Generation: 534 91.4100 183.7285 87.1019 3.5576
Generation: 535 91.5493 183.8655 87.5634 3.3689
Generation: 536 91.4003 183.7187 87.3641 3.3854
Generation: 537 91.4493 183.7655 87.5458 3.5458
Generation: 538 91.5493 183.8655 86.7509 3.8967
Generation: 539 91.5493 183.8655 87.9328 3.1198
Generation: 540 91.4661 183.7817 87.9066 3.4317
Generation: 541 91.5418 183.8596 87.5363 3.2610
Generation: 542 91.5418 183.8596 87.6018 3.8007
Generation: 543 91.5321 183.8498 88.1169 3.3420
Generation: 544 91.5250 183.8435 87.8828 4.2448
Generation: 545 91.5153 183.8337 87.2799 3.2800
Generation: 546 91.5354 183.8530 87.6218 4.0533
Generation: 547 91.5268 183.8446 87.2502 4.2791
Generation: 548 91.5153 183.8337 87.4343 3.5973
Generation: 549 91.5321 183.8498 87.2951 3.5263
Generation: 550 91.5461 183.8617 86.8715 4.4312
Generation: 551 91.5493 183.8655 87.7589 3.4078
Generation: 552 91.5250 183.8435 86.0755 6.4508
Generation: 553 91.5418 183.8596 87.7199 3.9282
Generation: 554 91.5153 183.8337 87.4522 3.9474
Generation: 555 91.5493 183.8655 87.5213 3.1469
Generation: 556 91.5493 183.8655 87.6055 4.5907
Generation: 557 91.5153 183.8337 87.4886 3.6928
Generation: 558 91.5643 183.8805 86.5182 6.3310
Generation: 559 91.5250 183.8435 87.0810 4.0882
Generation: 560 91.5643 183.8805 88.0951 3.5392
Generation: 561 91.4800 183.7985 87.3540 5.6565
Generation: 562 91.4575 183.7843 87.8870 3.2518
Generation: 563 91.5339 183.8508 86.7196 3.8262
Generation: 564 91.4371 183.7579 87.5913 3.9671
Generation: 565 91.4614 183.7805 87.5897 3.9146
Generation: 566 91.4950 183.8135 88.0834 3.0151
Generation: 567 91.5643 183.8805 87.1960 3.5723
Generation: 568 91.5303 183.8487 88.2381 3.1063
Generation: 569 91.5303 183.8487 87.6756 3.9582
Generation: 570 91.5118 183.8296 87.3667 5.4567
Generation: 571 91.5493 183.8655 87.8871 4.2521
Generation: 572 91.5418 183.8596 88.0613 3.5821
Generation: 573 91.5100 183.8285 87.6304 3.4834
Generation: 574 91.5343 183.8505 87.4498 4.2985
Generation: 575 91.5321 183.8498 87.7491 4.4220
Generation: 576 91.5343 183.8505 87.5098 5.9042
Generation: 577 91.5418 183.8596 88.4226 2.7438
Generation: 578 91.5268 183.8446 87.6842 4.3079
Generation: 579 91.5418 183.8596 88.6702 3.0584
Generation: 580 91.5493 183.8655 87.6881 3.5137
Generation: 581 91.5811 183.8967 88.7607 3.0354
Generation: 582 91.5493 183.8655 87.8072 3.7320
Generation: 583 91.5418 183.8596 88.3267 3.5287
Generation: 584 91.5661 183.8817 88.1649 3.7261
Generation: 585 91.5418 183.8658 88.5437 3.2944
Generation: 586 91.5268 183.8508 88.0731 3.4768
Generation: 587 91.5343 183.8505 88.9639 2.8123
Generation: 588 91.5643 183.8805 88.1307 3.7357
Generation: 589 91.5643 183.8805 88.6838 3.1737
Generation: 590 91.5493 183.8655 88.5490 3.5644
Generation: 591 91.5493 183.8655 89.3406 2.5460
Generation: 592 91.5493 183.8655 87.9970 5.5143
Generation: 593 91.5661 183.8817 88.4290 3.5755
Generation: 594 91.5493 183.8655 88.4591 3.3945
Generation: 595 91.5418 183.8596 88.6446 3.7298
Generation: 596 91.5611 183.8787 88.4077 3.3646
Generation: 597 91.5343 183.8505 88.5549 3.0408
Generation: 598 91.5493 183.8655 89.0413 3.7922
Generation: 599 91.5661 183.8817 88.3444 3.0248
Generation: 600 91.5493 183.8655 88.7647 2.6143
Generation: 601 91.5611 183.8787 88.7626 3.0591
Generation: 602 91.5643 183.8805 88.9013 3.2039
Generation: 603 91.5643 183.8805 89.2258 2.5692
Generation: 604 91.5811 183.8967 89.3905 2.6116
Generation: 605 91.5643 183.8805 88.9887 2.9327
Generation: 606 91.5493 183.8655 89.7147 2.3642
Generation: 607 91.5268 183.8508 88.7723 3.3833
Generation: 608 91.5461 183.8637 88.9887 2.8450
Generation: 609 91.5493 183.8655 88.6328 3.7324
Generation: 610 91.5643 183.8805 89.4675 2.7377
Generation: 611 91.5493 183.8655 88.8143 3.5430
Generation: 612 91.5268 183.8508 89.0339 4.1730
Generation: 613 91.5643 183.8805 89.0827 3.2145
Generation: 614 91.5568 183.8746 88.8390 3.9331
Generation: 615 91.5493 183.8655 88.8862 2.8396
Generation: 616 91.5343 183.8505 89.0783 3.4948
Generation: 617 91.5268 183.8508 89.6500 2.5044
Generation: 618 91.5568 183.8808 89.4646 3.1420
Generation: 619 91.5811 183.8967 89.3139 2.8326
Generation: 620 91.5550 183.8735 89.3047 2.9345
Generation: 621 91.5493 183.8655 89.6437 2.5622
Generation: 622 91.5493 183.8655 90.0670 2.2469
Generation: 623 91.5493 183.8655 88.9827 2.6670
Generation: 624 91.5568 183.8746 89.2641 2.5784
Generation: 625 91.5418 183.8596 88.8420 2.9987
Generation: 626 91.5493 183.8655 88.9257 3.1931
Generation: 627 91.5493 183.8655 89.3590 2.6224
Generation: 628 91.5643 183.8805 89.3258 2.9115
Generation: 629 91.5568 183.8746 89.7221 2.4786
Generation: 630 91.5493 183.8655 89.2290 3.3398
Generation: 631 91.5550 183.8735 89.4897 2.6793
Generation: 632 91.5643 183.8805 89.4759 2.5491
Generation: 633 91.5550 183.8735 89.9238 2.2901
Generation: 634 91.5493 183.8655 88.3102 4.8590
Generation: 635 91.5643 183.8805 89.3599 2.5122
Generation: 636 91.5493 183.8655 89.1762 3.2702
Generation: 637 91.5418 183.8658 89.5680 2.5933
Generation: 638 91.5418 183.8658 89.1421 2.9134
Generation: 639 91.5493 183.8655 89.2226 2.7366
Generation: 640 91.5550 183.8735 89.5536 3.3695
Generation: 641 91.5568 183.8746 89.5518 2.5545
Generation: 642 91.5493 183.8655 89.2059 4.5037
Generation: 643 91.5718 183.8896 89.1744 3.2142
Generation: 644 91.5493 183.8655 88.8607 3.3396
Generation: 645 91.5493 183.8655 89.3768 2.9070
Generation: 646 91.5550 183.8735 89.6667 3.4059
Generation: 647 91.5643 183.8805 89.0980 3.8755
Generation: 648 91.5418 183.8658 88.9137 3.5333
Generation: 649 91.5418 183.8658 89.2153 3.2458
Generation: 650 91.5643 183.8805 88.3102 6.2847
Generation: 651 91.5568 183.8746 88.8334 5.0664
Generation: 652 91.5550 183.8735 89.7291 2.5654
Generation: 653 91.5550 183.8735 89.6145 2.5168
Generation: 654 91.5493 183.8655 89.0967 2.8019
Generation: 655 91.5493 183.8655 88.8658 3.4537
Generation: 656 91.5550 183.8735 89.5197 2.5995
Generation: 657 91.5643 183.8805 89.1873 3.6062
Generation: 658 91.5568 183.8746 89.5674 2.7994
Generation: 659 91.5793 183.8955 89.3173 3.2511
Generation: 660 91.5343 183.8505 89.2292 3.1296
Generation: 661 91.5568 183.8746 89.5819 2.6871
Generation: 662 91.5643 183.8805 89.6932 2.9331
Generation: 663 91.5493 183.8655 89.2812 3.3866
Generation: 664 91.5550 183.8735 89.0317 3.1283
Generation: 665 91.5521 183.8702 89.1771 3.9314
Generation: 666 91.5343 183.8505 89.1554 3.9488
Generation: 667 91.5493 183.8655 89.5645 3.4199
Generation: 668 91.5418 183.8596 89.0785 3.0769
Generation: 669 91.5493 183.8655 89.9037 2.3138
Generation: 670 91.5691 183.8874 89.6502 2.6816
Generation: 671 91.5568 183.8746 89.0351 3.3401
Generation: 672 91.5943 183.9105 89.7344 2.7408
Generation: 673 91.5493 183.8655 89.2074 3.7579
Generation: 674 91.5550 183.8735 89.3962 4.6648
Generation: 675 91.5680 183.8879 89.4758 3.4007
Generation: 676 91.5493 183.8655 88.9240 3.9592
Generation: 677 91.5550 183.8735 89.2763 4.2175
Generation: 678 91.5841 183.9024 89.6276 2.9468
Generation: 679 91.5550 183.8735 89.6333 2.9368
Generation: 680 91.5550 183.8735 89.6112 2.6876
Generation: 681 91.5550 183.8735 89.1264 4.5900
Generation: 682 91.6234 183.9394 89.4903 3.1370
Generation: 683 91.5568 183.8746 90.3164 2.0017
Generation: 684 91.6112 183.9319 89.5364 3.4444
Generation: 685 91.5550 183.8735 89.5375 2.5673
Generation: 686 91.5493 183.8655 89.3117 2.7331
Generation: 687 91.5550 183.8735 89.8757 2.4293
Generation: 688 91.5493 183.8655 89.7620 2.7209
Generation: 689 91.5550 183.8735 89.2521 3.9374
Generation: 690 91.5643 183.8805 90.4897 1.8453
Generation: 691 91.5493 183.8655 90.0416 2.4244
Generation: 692 91.5493 183.8655 89.5884 2.9322
Generation: 693 91.5493 183.8655 89.8024 2.4700
Generation: 694 91.5493 183.8655 89.4617 2.9829
Generation: 695 91.5747 183.8898 90.0155 2.2492
Generation: 696 91.5550 183.8735 89.5886 2.6538
Generation: 697 91.5493 183.8655 89.5336 3.2728
Generation: 698 91.5924 183.9083 89.6566 2.8636
Generation: 699 91.6084 183.9244 89.8898 2.4577
Generation: 700 91.5493 183.8655 89.8530 2.6431
Generation: 701 91.6084 183.9244 89.7899 2.8691
Generation: 702 91.5587 183.8737 89.2755 3.7725
Generation: 703 91.5550 183.8735 89.8721 2.6708
Generation: 704 91.5906 183.9060 89.8221 2.7708
Generation: 705 91.6084 183.9244 89.7006 4.0278
Generation: 706 91.5493 183.8655 89.6668 3.0124
Generation: 707 91.5643 183.8805 90.0869 2.4520
Generation: 708 91.5550 183.8735 89.0848 5.4805
Generation: 709 91.6132 183.9313 89.9836 2.6311
Generation: 710 91.6074 183.9233 88.6978 4.8265
Generation: 711 91.6234 183.9394 89.4167 4.1467
Generation: 712 91.5897 183.9048 88.8168 5.2909
Generation: 713 91.5513 183.8691 89.5641 3.0764
Generation: 714 91.5493 183.8655 89.9211 2.3885
Generation: 715 91.5765 183.8921 89.5257 3.1275
Generation: 716 91.5643 183.8805 89.5174 3.2511
Generation: 717 91.5643 183.8805 89.4728 4.9970
Generation: 718 91.5587 183.8737 89.3118 3.6459
Generation: 719 91.5643 183.8805 90.0388 2.5098
Generation: 720 91.6234 183.9394 90.0940 2.2784
Generation: 721 91.5493 183.8655 90.0056 2.3696
Generation: 722 91.5615 183.8771 89.7240 2.6769
Generation: 723 91.6234 183.9394 90.2353 2.6043
Generation: 724 91.5493 183.8655 90.2461 1.9265
Generation: 725 91.5937 183.9128 89.3857 3.2044
Generation: 726 91.5643 183.8805 89.6868 4.4185
Generation: 727 91.5643 183.8805 90.0791 2.3215
Generation: 728 91.5550 183.8735 90.1470 2.1871
Generation: 729 91.6084 183.9244 89.6535 4.5698
Generation: 730 91.5493 183.8655 89.4736 3.6451
Generation: 731 91.5718 183.8896 89.4070 4.2438
Generation: 732 91.5568 183.8746 89.7883 2.5130
Generation: 733 91.5550 183.8735 89.8208 3.3071
Generation: 734 91.6084 183.9244 89.3141 4.8256
Generation: 735 91.5756 183.8910 89.5876 4.1673
Generation: 736 91.5493 183.8655 89.2488 4.3321
Generation: 737 91.5493 183.8655 89.9788 3.2925
Generation: 738 91.5906 183.9060 89.8672 2.3680
Generation: 739 91.6234 183.9394 90.2670 2.1393
Generation: 740 91.5568 183.8746 90.4177 2.1878
Generation: 741 91.5493 183.8655 90.0024 2.4348
Generation: 742 91.5493 183.8655 90.0661 2.3079
Generation: 743 91.5841 183.9024 90.1014 2.3894
Generation: 744 91.5643 183.8805 90.4765 1.9217
Generation: 745 91.5643 183.8805 89.9781 3.5172
Generation: 746 91.5643 183.8805 90.5813 1.5194
Generation: 747 91.5493 183.8655 90.2031 2.0298
Generation: 748 91.6084 183.9244 90.3291 2.1630
Generation: 749 91.5493 183.8655 90.0131 2.2365
Generation: 750 91.6384 183.9544 89.5336 3.6686
Generation: 751 91.5493 183.8655 90.7901 1.3777
Generation: 752 91.5493 183.8655 89.2966 4.4233
Generation: 753 91.5643 183.8805 90.6527 1.3649
Generation: 754 91.5643 183.8805 90.4917 1.5723
Generation: 755 91.5643 183.8805 90.7505 1.3133
Generation: 756 91.5915 183.9071 90.6285 1.5482
Generation: 757 91.5643 183.8805 90.5713 1.5009
Generation: 758 91.5643 183.8805 90.1931 2.0877
Generation: 759 91.6384 183.9544 90.5922 1.6426
Generation: 760 91.5691 183.8874 90.7442 1.4022
Generation: 761 91.5661 183.8817 90.4977 1.7566
Generation: 762 91.5643 183.8805 90.1703 2.6283
Generation: 763 91.5643 183.8805 90.2421 1.8595
Generation: 764 91.5493 183.8655 90.3809 1.7665
Generation: 765 91.5568 183.8746 90.5296 1.8107
Generation: 766 91.5718 183.8896 90.2880 2.2037
Generation: 767 91.5643 183.8805 90.5645 2.1125
Generation: 768 91.6084 183.9244 90.5170 1.8312
Generation: 769 91.5943 183.9105 90.2542 1.9006
Generation: 770 91.5943 183.9105 90.4447 1.8803
Generation: 771 91.5493 183.8655 90.0807 2.4388
Generation: 772 91.5493 183.8655 90.4668 1.6441
Generation: 773 91.5943 183.9105 90.3602 2.2966
Generation: 774 91.5643 183.8805 90.5067 1.6409
Generation: 775 91.5643 183.8805 90.3052 1.8665
Generation: 776 91.5643 183.8805 90.2931 1.9416
Generation: 777 91.5643 183.8805 89.8645 2.9662
Generation: 778 91.5493 183.8655 90.2544 2.4095
Generation: 779 91.5493 183.8655 90.4333 1.7011
Generation: 780 91.5643 183.8805 90.5502 1.7835
Generation: 781 91.5493 183.8655 90.4853 1.8587
Generation: 782 91.5943 183.9105 90.2917 2.0401
Generation: 783 91.5493 183.8655 90.4422 1.8287
Generation: 784 91.5493 183.8655 90.4136 1.6388
Generation: 785 91.5550 183.8735 90.0958 2.6313
Generation: 786 91.5493 183.8655 90.0022 2.1243
Generation: 787 91.5568 183.8746 89.8800 2.4764
Generation: 788 91.5643 183.8805 89.9351 2.3223
Generation: 789 91.5943 183.9105 89.7564 2.5398
Generation: 790 91.5643 183.8805 89.7216 2.5373
Generation: 791 91.5493 183.8655 90.1132 2.1607
Generation: 792 91.5493 183.8655 90.3467 1.8236
Generation: 793 91.5493 183.8655 89.9412 2.6383
Generation: 794 91.5943 183.9105 90.0385 2.2734
Generation: 795 91.5943 183.9105 89.8041 2.3740
Generation: 796 91.5550 183.8735 90.1573 2.2545
Generation: 797 91.5943 183.9105 89.6475 2.6670
Generation: 798 91.5550 183.8735 90.4115 1.7957
Generation: 799 91.5493 183.8655 89.9163 2.3422
Generation: 800 91.5493 183.8655 89.7149 2.5966
Generation: 801 91.5493 183.8655 89.8729 2.3419
Generation: 802 91.5643 183.8805 90.0962 2.1109
Generation: 803 91.5550 183.8735 90.1882 2.1060
Generation: 804 91.5611 183.8787 90.3164 1.9236
Generation: 805 91.5493 183.8655 90.0596 2.3225
Generation: 806 91.5550 183.8735 89.7596 2.2829
Generation: 807 91.5568 183.8746 90.2168 1.8992
Generation: 808 91.5643 183.8805 90.1544 2.1149
Generation: 809 91.6234 183.9394 90.5475 1.8123
Generation: 810 91.5961 183.9117 90.3932 1.9304
Generation: 811 91.5493 183.8655 89.7125 2.6938
Generation: 812 91.5493 183.8655 89.7129 2.8026
Generation: 813 91.5943 183.9105 90.1249 2.0040
Generation: 814 91.5493 183.8655 90.4636 1.7299
Generation: 815 91.5943 183.9105 90.1904 2.2294
Generation: 816 91.5568 183.8746 90.2037 1.9636
Generation: 817 91.5943 183.9105 90.1873 2.0371
Generation: 818 91.5718 183.8896 90.0662 2.2785
Generation: 819 91.5568 183.8746 90.2099 2.0794
Generation: 820 91.5961 183.9117 90.1745 2.0405
Generation: 821 91.5718 183.8896 90.0182 2.2001
Generation: 822 91.5943 183.9105 89.9485 2.5557
Generation: 823 91.5943 183.9105 89.8050 2.5275
Generation: 824 91.5718 183.8896 90.0912 2.2420
Generation: 825 91.5718 183.8896 89.9427 2.4395
Generation: 826 91.5718 183.8896 89.9741 2.3551
Generation: 827 91.5611 183.8787 89.9050 2.3057
Generation: 828 91.5943 183.9105 90.3066 1.9989
Generation: 829 91.5574 183.8754 90.4933 1.6457
Generation: 830 91.5943 183.9105 90.1832 2.1945
Generation: 831 91.5550 183.8735 89.7777 2.1651
Generation: 832 91.5550 183.8735 90.0529 1.9173
Generation: 833 91.5718 183.8896 90.2712 2.2974
Generation: 834 91.5943 183.9105 90.0539 2.1018
Generation: 835 91.5943 183.9105 89.8682 2.2686
Generation: 836 91.5568 183.8746 89.6184 2.3881
Generation: 837 91.5718 183.8896 90.3043 1.8886
Generation: 838 91.5550 183.8735 90.0612 2.2468
Generation: 839 91.5943 183.9105 90.1038 2.0158
Generation: 840 91.5568 183.8746 89.9644 2.4066
Generation: 841 91.5943 183.9105 90.1851 2.1352
Generation: 842 91.5943 183.9105 90.0152 2.6256
Generation: 843 91.5943 183.9105 90.4196 1.8806
Generation: 844 91.5943 183.9105 90.2086 2.1945
Generation: 845 91.5943 183.9105 90.4030 1.8552
Generation: 846 91.5961 183.9117 90.1948 1.9731
Generation: 847 91.5943 183.9105 89.9966 2.2530
Generation: 848 91.5943 183.9105 90.0373 2.1279
Generation: 849 91.5961 183.9117 90.2462 2.2643
Generation: 850 91.5943 183.9105 90.5711 1.9043
Generation: 851 91.6524 183.9683 90.3348 1.9754
Generation: 852 91.5961 183.9117 90.1021 2.3015
Generation: 853 91.5961 183.9117 90.2386 2.8622
Generation: 854 91.5943 183.9105 90.5920 1.9246
Generation: 855 91.5961 183.9117 89.9396 3.9944
Generation: 856 91.5718 183.8896 90.3619 2.0677
Generation: 857 91.5568 183.8746 90.4198 1.6951
Generation: 858 91.5961 183.9117 90.6528 1.7101
Generation: 859 91.5943 183.9105 90.6537 1.8144
Generation: 860 91.5943 183.9105 89.7045 4.0441
Generation: 861 91.5943 183.9105 90.4471 2.1995
Generation: 862 91.5961 183.9117 90.5242 2.1487
Generation: 863 91.5961 183.9117 90.5414 1.9425
Generation: 864 91.5961 183.9117 90.8732 1.4506
Generation: 865 91.5943 183.9105 90.0502 3.6635
Generation: 866 91.5943 183.9105 90.0792 2.6260
Generation: 867 91.5756 183.8910 89.7403 3.9846
Generation: 868 91.6074 183.9233 89.7128 4.3718
Generation: 869 91.5961 183.9117 89.7621 3.8276
Generation: 870 91.5961 183.9117 90.5545 2.1559
Generation: 871 91.6234 183.9394 90.4883 1.9366
Generation: 872 91.5961 183.9117 90.5505 2.5438
Generation: 873 91.5943 183.9105 90.2319 2.6204
Generation: 874 91.5943 183.9105 90.1829 2.4374
Generation: 875 91.6084 183.9244 90.5004 1.7457
Generation: 876 91.5961 183.9117 89.8362 3.6872
Generation: 877 91.5990 183.9163 89.5074 5.1207
Generation: 878 91.6356 183.9510 90.1955 3.3251
Generation: 879 91.5568 183.8746 89.6334 4.6478
Generation: 880 91.5961 183.9117 89.5473 4.5272
Generation: 881 91.5961 183.9117 89.9409 4.4810
Generation: 882 91.6111 183.9267 90.1221 3.6026
Generation: 883 91.6074 183.9233 90.2653 3.3416
Generation: 884 91.5961 183.9117 90.1254 2.7663
Generation: 885 91.5961 183.9117 90.5982 1.8220
Generation: 886 91.6524 183.9683 90.0810 2.5791
Generation: 887 91.6459 183.9635 89.9854 3.5658
Generation: 888 91.5961 183.9117 90.2790 2.2582
Generation: 889 91.5943 183.9105 90.2088 3.8971
Generation: 890 91.5961 183.9117 89.1738 5.1107
Generation: 891 91.5961 183.9117 90.3902 2.0550
Generation: 892 91.5961 183.9117 89.4884 4.6815
Generation: 893 91.5961 183.9117 90.5077 2.1318
Generation: 894 91.5961 183.9117 90.3180 2.7499
Generation: 895 91.6234 183.9394 89.3952 4.3676
Generation: 896 91.6291 183.9474 89.9965 2.9703
Generation: 897 91.5961 183.9117 89.5697 4.9446
Generation: 898 91.5943 183.9105 89.9729 3.2724
Generation: 899 91.5961 183.9117 89.3409 4.8390
Generation: 900 91.5943 183.9105 88.7841 5.7233
Generation: 901 91.5961 183.9117 88.5745 6.5163
Generation: 902 91.6309 183.9485 89.5280 4.0069
Generation: 903 91.5961 183.9117 89.2397 6.3951
Generation: 904 91.5961 183.9117 90.0236 3.5916
Generation: 905 91.5718 183.8896 89.1479 5.6556
Generation: 906 91.6037 183.9187 89.4879 5.1896
Generation: 907 91.6111 183.9267 89.5069 6.1610
Generation: 908 91.5961 183.9117 89.3812 6.2507
Generation: 909 91.6459 183.9635 89.5469 6.6318
Generation: 910 91.5961 183.9117 86.8427 10.9661
Generation: 911 91.5943 183.9105 86.8105 11.6080
Generation: 912 91.5961 183.9117 87.9031 10.2036
Generation: 913 91.5961 183.9117 86.7875 11.8633
Generation: 914 91.5961 183.9117 86.9835 10.8058
Generation: 915 91.5961 183.9117 87.0067 10.3222
Generation: 916 91.6074 183.9233 90.1568 2.6045
Generation: 917 91.6459 183.9635 89.8119 5.2271
Generation: 918 91.5943 183.9105 89.7873 4.2456
Generation: 919 91.5961 183.9117 89.5345 4.7366
Generation: 920 91.5943 183.9105 89.0195 6.3205
Generation: 921 91.5961 183.9117 89.7290 4.7793
Generation: 922 91.6111 183.9267 90.7895 1.4882
Generation: 923 91.5961 183.9117 90.5216 1.7906
Generation: 924 91.5961 183.9117 89.7758 3.6594
Generation: 925 91.5961 183.9117 89.8164 4.2690
Generation: 926 91.5961 183.9117 90.1248 4.4557
Generation: 927 91.5961 183.9117 89.8183 3.0102
Generation: 928 91.5961 183.9117 90.2190 2.5546
Generation: 929 91.5943 183.9105 89.9024 4.1987
Generation: 930 91.5961 183.9117 90.2125 1.8913
Generation: 931 91.5961 183.9117 89.5856 4.2133
Generation: 932 91.5943 183.9105 89.7576 5.0834
Generation: 933 91.5943 183.9105 89.3495 3.8485
Generation: 934 91.6111 183.9267 90.1774 2.1142
Generation: 935 91.5961 183.9117 90.4667 1.6686
Generation: 936 91.5943 183.9105 90.5024 1.8042
Generation: 937 91.5943 183.9105 89.7489 2.4646
Generation: 938 91.5943 183.9105 90.4615 1.7160
Generation: 939 91.5961 183.9117 90.6982 1.4454
Generation: 940 91.6037 183.9187 90.1196 2.4811
Generation: 941 91.5961 183.9117 90.2242 4.0808
Generation: 942 91.5943 183.9105 90.5263 1.8608
Generation: 943 91.6524 183.9683 90.5738 1.9692
Generation: 944 91.5961 183.9117 90.7402 1.4167
Generation: 945 91.5961 183.9117 90.8147 1.2787
Generation: 946 91.5961 183.9117 90.4326 1.9038
Generation: 947 91.6347 183.9498 90.1146 2.0259
Generation: 948 91.6111 183.9267 89.8818 2.1650
Generation: 949 91.6037 183.9187 90.4979 1.7243
Generation: 950 91.6111 183.9267 90.3136 2.0332
Generation: 951 91.6056 183.9198 90.0985 2.5893
Generation: 952 91.5961 183.9117 90.3540 1.7872
Generation: 953 91.5961 183.9117 90.2803 3.7439
Generation: 954 91.5961 183.9117 90.1388 1.9333
Generation: 955 91.5961 183.9117 90.6862 1.4796
Generation: 956 91.5961 183.9117 89.9695 2.2592
Generation: 957 91.5961 183.9117 89.8291 2.2395
Generation: 958 91.5961 183.9117 90.0884 1.9972
Generation: 959 91.5961 183.9117 90.2428 1.9653
Generation: 960 91.5961 183.9117 90.1727 1.9208
Generation: 961 91.5961 183.9117 90.5015 1.8396
Generation: 962 91.5961 183.9117 90.4965 1.9045
Generation: 963 91.5961 183.9117 90.3570 1.8505
Generation: 964 91.5961 183.9117 90.2464 2.6517
Generation: 965 91.5961 183.9117 90.6432 1.4551
Generation: 966 91.5961 183.9117 90.5299 1.8892
Generation: 967 91.5961 183.9117 90.6335 1.4947
Generation: 968 91.5961 183.9117 90.3055 2.0582
Generation: 969 91.5961 183.9117 90.4577 1.7426
Generation: 970 91.6111 183.9267 90.5199 1.7875
Generation: 971 91.5961 183.9117 90.4587 2.0158
Generation: 972 91.5961 183.9117 90.7144 1.4280
Generation: 973 91.6111 183.9267 90.2178 4.2576
Generation: 974 91.5961 183.9117 90.3567 4.6784
Generation: 975 91.5961 183.9117 90.4020 2.4200
Generation: 976 91.6111 183.9267 90.1481 2.5571
Generation: 977 91.6111 183.9267 90.8146 1.3808
Generation: 978 91.6111 183.9267 90.7746 1.3314
Generation: 979 91.5961 183.9117 90.7195 1.4048
Generation: 980 91.5961 183.9117 90.3500 2.2890
Generation: 981 91.6111 183.9267 90.3935 1.8880
Generation: 982 91.6111 183.9267 90.5953 1.6536
Generation: 983 91.5961 183.9117 90.4375 1.8340
Generation: 984 91.6111 183.9267 90.3928 2.0927
Generation: 985 91.6111 183.9267 90.7934 1.3782
Generation: 986 91.6111 183.9267 90.9091 1.2135
Generation: 987 91.6111 183.9267 90.7424 1.4570
Generation: 988 91.5961 183.9117 90.6133 1.6793
Generation: 989 91.5961 183.9117 90.6585 1.6503
Generation: 990 91.6111 183.9267 90.4215 1.8433
Generation: 991 91.5961 183.9117 90.6272 1.4497
Generation: 992 91.5961 183.9117 90.6473 1.6098
Generation: 993 91.6111 183.9267 90.7265 1.5367
Generation: 994 91.6111 183.9267 90.8754 1.4053
Generation: 995 91.5961 183.9117 90.7936 1.4001
Generation: 996 91.5961 183.9117 90.5497 1.6040
Generation: 997 91.6111 183.9267 90.6057 1.6889
Generation: 998 91.5961 183.9117 90.8040 1.4321
Generation: 999 91.6111 183.9267 91.0283 1.1705
