4.808506265455920747e-01
1.166957182818079142e-01
-3.122578815920616369e-01
-1.997216979783895674e-01
-4.801245014155658408e-01
4.163322376085223375e-01
-6.911697742605078520e-01
-3.403580310309506363e-02
5.744363422188074608e-01
1.603748274449604549e-01
-4.226765709577109398e-01
4.842025641350254928e-01
-3.916443924433327117e-03
-2.713930304891036815e-01
-2.834276506738309109e-01
-7.189982023751346762e-01
5.762137165362863911e-01
9.545318665480010401e-01
-1.050342954361571657e-02
6.412695505377274952e-01
-9.538605559097638187e-01
-4.860008559230878933e-01
3.878265770864843809e-01
-1.471475000066643606e-02
-2.758902377321359456e-02
2.886207619253681189e-01
5.387179105439324767e-01
6.039485882559524343e-01
-1.402782085884628493e-01
-7.400250573701070422e-01
-5.612295533904998468e-01
4.730121627779417803e-01
-5.873070762599642558e-01
5.952607153025289977e-01
7.543804895415306966e-02
7.030879659569495566e-01
6.373301178727116545e-01
5.510849636286374587e-01
5.773551678997450587e-01
5.949745229722480655e-01
-5.073813891109274499e-01
7.254327816312486910e-01
4.541702920290617562e-02
-1.139189820244113222e-01
3.474350522103711869e-01
3.692718294772370236e-01
-1.754665402091784565e-02
-6.553734356735604338e-01
-3.989286662922125193e-01
7.162298013426724452e-01
7.205988105360683349e-01
-6.061222669304087152e-01
-1.868912770896584974e-01
-8.095060879641567952e-01
4.170328271620014626e-01
-5.047754188542175058e-01
-5.395946634534389830e-01
1.919041688798863721e-01
5.067180413356053847e-01
-7.440086115511657106e-01
-4.677553538713708492e-01
-4.283948849413850013e-01
-4.067870706537074499e-01
9.431115636402781499e-01
5.354613332285922400e-01
-9.332222514479368569e-02
1.459853217676030657e-01
-2.131292931485967990e-01
-4.672374091722115708e-01
9.083919119025685163e-02
2.244783800929101292e-01
4.638862318164890808e-02
-3.872503722290571160e-01
-5.083703779349189045e-01
1.478027649820968792e-01
-9.702978524305938546e-01
-2.217224871386177902e-04
-5.890452584349609166e-01
7.684079218015049673e-01
-5.468547806850614368e-01
5.225047924490182627e-01
8.590385059442087190e-01
6.411827814418538107e-01
7.849263830916699547e-01
-1.839036991980626257e-01
-6.776449030907850668e-01
5.132957090724690197e-01
1.560719240993135859e-01
-5.621035089089330139e-01
-1.717090542150999100e-01
2.529641104975176580e-01
-3.524502197329535957e-01
-1.085501267778948287e-01
-8.190321357964740479e-01
5.840040045022182325e-01
-7.884348003538552696e-01
3.535640210441212128e-01
-5.583875109943665649e-01
-7.309448272055757423e-01
-4.345795938689572258e-01
-6.141368712459736035e-01
-7.531488986887899806e-01
-2.197909964327987020e-01
3.112404073726461329e-01
9.403028690512159615e-01
5.689240392220614728e-01
8.702381586222623922e-01
8.186442465520482603e-01
6.792618401266375949e-01
-7.944137564207487401e-01
3.713064980968627804e-03
7.949899736449310694e-01
-3.079195901198339413e-02
1.028109119923955039e-01
-2.234147970392647009e-02
5.443057221499286030e-02
-1.018424292290848743e-01
-1.311397664196083390e-01
4.799356701588721741e-01
-6.732721580758125324e-01
-7.323973764197417857e-01
-3.736979025214324235e-01
-6.839254036440890472e-01
-2.736916278245310474e-01
-1.683979441733465809e-01
-2.581539667740614385e-01
-4.817865615134708790e-02
7.087097386030807300e-01
-5.198434485464756838e-01
4.014366392425510743e-01
5.738384841356345412e-01
4.005636289171904951e-01
-5.491739061000610045e-01
-8.589786626268564040e-02
-7.400407282960039246e-02
-5.234590102205709528e-01
4.668172516972151631e-01
-9.920739370592293604e-02
-4.727849512888617212e-01
7.417621339020152860e-01
-6.089938433838377740e-01
-1.834214206156132287e-01
-1.061929441884668646e-01
-7.671258994936336340e-01
2.723164201601147583e-01
-7.164855246250861898e-01
8.706534266214092099e-01
-5.600361129630797574e-01
-5.898941338632472942e-01
-5.585512029925041588e-01
-5.247104343486019840e-01
6.172269301908364092e-01
2.116984326808974415e-01
5.024550969793181721e-02
-3.030691955945064020e-01
3.367993290486934743e-01
3.808542456838243107e-01
-7.639192104747744017e-01
-5.186489103790081767e-01
3.072138212257077838e-01
2.420004567862439060e-01
-4.787071352501492960e-02
5.274827143750763225e-01
4.221544448822510121e-01
1.722653799541595532e-01
-3.265019296738701504e-01
3.827831624812633171e-02
6.805466503553930790e-03
6.726246016724104493e-01
9.684086587281022229e-01
7.070442515372915571e-02
7.352631482460446621e-01
7.115452136426663188e-01
-6.362236999211738908e-01
2.903242878040858677e-01
2.933373111835672065e-01
-4.798023193960106458e-01
-9.672962593695727529e-02
-7.058764896574901693e-01
-9.447730507261327126e-01
-3.719831296005733923e-01
2.307051602352307995e-01
-6.458171326203009377e-01
-2.270541780074069593e-01
3.630386921821392443e-01
4.554230831725990525e-01
3.840460666595393868e-02
-3.952975471580185696e-01
-2.983289493485256072e-01
-7.619549914532026680e-01
-7.270797466653289298e-02
5.662381749082902038e-01
-3.771474677028535116e-01
6.469717922464012227e-01
1.401390159801877422e-01
-5.318853372764332788e-01
-4.820476770575352066e-01
2.124758475367043431e-01
9.247086323217557080e-01
6.486868678373725050e-01
2.643888307579569386e-01
3.202571581066817052e-01
-3.628046556514240573e-01
-5.620952325768534541e-01
-2.625133209611203999e-01
3.130050036980689954e-01
-3.306734149319811578e-01
-9.688477007890712311e-01
-6.707664567769322517e-01
-9.887132296940176479e-01
3.891597050941945080e-01
5.634706551082981907e-01
6.699639038999987140e-01
6.314558493794655281e-01
-8.420039773733624389e-02
-7.355210339539025588e-01
1.704119124369822824e-01
-1.603414861478273945e-01
8.096315435595466958e-01
-1.486559782267815599e-01
-7.735289742546421765e-01
-8.967024425027865231e-01
7.266738552578526633e-01
5.500900246229921686e-01
-9.708073073768060945e-01
7.190011753608910317e-01
4.402476037712427792e-01
1.683610493504716366e-01
-8.213830639628255659e-02
6.796539097016833508e-02
-4.905551344366256838e-01
3.117524797281698290e-01
7.198636986484603373e-01
2.134565153278307204e-01
-8.158012664282283666e-01
-2.922634927455752263e-01
-6.625232625480563797e-01
7.453358270248200412e-01
-3.039800042355770282e-01
-9.762778074229068181e-01
5.704726281172211033e-01
8.187122462362682596e-01
6.383259201808928474e-01
7.684438836496205738e-01
-5.124804506764618628e-01
1.394158453700500289e-03
-2.803829102302881626e-01
-1.034924372489507416e-01
-2.175559538102048163e-01
-3.951018643188380919e-01
7.062865505883969552e-02
2.973709590272905282e-02
-7.230513831806402170e-01
-2.232104605791032648e-01
2.005552064143577284e-01
2.425562200447924088e-01
8.835659491398226706e-01
-9.811802973762540070e-01
2.222199391545957581e-01
-4.309184753586243199e-01
6.231272216734597968e-01
3.651048639670857465e-01
2.949645462259581352e-01
8.552306262293630779e-01
3.335461219864292448e-01
3.203943984930692768e-01
3.087710828874753455e-01
5.045513590284906869e-01
5.335549870289590935e-01
4.612972488191213194e-01
5.127717961092649324e-01
6.664841147694585688e-01
5.165744292324043752e-01
4.873850237997650603e-01
5.280023934186346413e-01
4.761570809746491495e-01
5.234099355852086521e-01
4.579560016050959748e-01
5.652992850565483618e-01
5.551786419273910811e-01
6.173223379112848797e-01
6.237318285981989785e-01
7.207236978112816495e-01
6.263633847329284077e-01
5.804938420767693508e-01
4.950517201698361180e-01
5.011166363009071922e-01
5.070503383706530531e-01
4.105128334879326601e-01
6.442485681716025869e-01
4.922095219906696406e-01
4.788095913436082318e-01
4.120209875753170214e-01
4.220870234936738852e-01
5.781755148903235941e-01
6.284701193666353269e-01
4.371363534396518480e-01
5.354259206752099987e-01
6.896667086730267071e-01
6.235844892447697241e-01
4.890929318138552695e-01
4.096319324496312531e-01
5.768636264088056187e-01
5.790678781252566187e-01
5.992816967530174566e-01
5.703502938134533684e-01
5.902266133243850854e-01
4.604639109146615450e-01
4.089457628403515566e-01
4.837624023681734164e-01
5.019874993050563727e-01
5.401073508055092010e-01
6.433954964854884384e-01
6.409236027240234890e-01
4.645057576862707260e-01
4.436346484963704095e-01
4.282019156894372180e-01
7.030688949896415352e-01
4.753272943199288725e-01
4.183536448175189104e-01
4.154125569648166039e-01
3.695950985952789480e-01
3.722687040579645279e-01
5.034586419461383189e-01
5.174837474930302772e-01
5.016327234252617728e-01
4.975761097058054583e-01
3.541880610376393346e-01
4.458295430100718271e-01
6.058491646053005830e-01
5.770378592248760485e-01
5.533642777801102142e-01
4.287530813197107937e-01
4.802571479915319630e-01
7.590998840547241722e-01
5.303740915252290744e-01
4.697622664387447466e-01
5.931252258514081444e-01
5.613791481159785546e-01
3.688712941463695438e-01
3.499108606364157437e-01
3.610345754322197287e-01
5.230661380126127025e-01
5.593456045190691173e-01
6.177954951760318281e-01
5.187772137322708144e-01
5.051378694004405867e-01
5.206840722004149047e-01
5.143079776054817476e-01
5.249979486196708622e-01
6.867753728814401937e-01
5.668167253235570913e-01
3.613014174773998555e-01
8.835605789101229623e-01
5.791461720926749379e-01
4.908056140489273633e-01
4.998779120193111436e-01
5.475216611687447887e-01
3.818161104036436049e-01
5.935092767816776416e-01
4.473674810803762170e-01
5.051768033527762602e-01
4.395945967640277896e-01
5.060289085202991366e-01
7.134619068229572925e-01
5.582504172616509219e-01
5.383962156377104513e-01
5.729960348103269041e-01
3.415836627416358739e-01
6.344349172624916822e-01
5.119280227146725260e-01
4.277706107984988737e-01
4.874529447886000177e-01
4.997845647460995577e-01
5.360156099491105719e-01
3.963734252876531805e-01
6.505812261462458057e-01
4.947312274324026649e-01
5.584011344598784898e-01
4.747541832966820641e-01
4.299137366731997645e-01
4.114439094728705726e-01
6.035227518256403023e-01
6.154000904329709476e-01
6.291235943985457046e-01
4.699757380193583245e-01
5.382944017424207139e-01
4.402329755186845106e-01
3.591683071255645232e-01
6.213588561940690536e-01
4.377363567093570662e-01
5.234338138023085785e-01
5.476843277745271354e-01
4.593248493593379833e-01
4.802864050480520897e-01
4.115754125849789280e-01
4.055647899686737334e-01
6.217697552031651309e-01
3.807442723829495557e-01
4.994220056208551473e-01
5.567773763411341115e-01
4.160021734337499000e-01
4.262148378879705435e-01
5.535639193709643857e-01
4.965199121835993656e-01
4.421539404118163263e-01
6.503375019443291549e-01
5.085594939890094590e-01
5.472872835238171696e-01
6.232585675612356546e-01
5.482074135292427375e-01
5.326200227745894189e-01
4.160464411720204425e-01
5.294637950319498465e-01
5.263617210597755225e-01
5.421221625868131166e-01
4.299942762149512321e-01
4.963848729927618497e-01
5.752315006864732183e-01
6.430263473937898322e-01
7.069407497878262836e-01
4.860822125975808317e-01
5.101008237246283938e-01
5.173507897555378321e-01
5.910093520527905930e-01
4.721383951318184335e-01
3.956328180190478716e-01
5.302204503899894394e-01
6.546532887027761705e-01
3.699613993001003021e-01
3.852138170635934222e-01
5.177520141586987590e-01
5.064361059934483489e-01
4.492958425901087960e-01
3.967425369748531772e-01
4.197779960568620572e-01
6.470725787027695741e-01
6.634808143029418126e-01
3.718815921954630177e-01
4.413090042353037257e-01
4.258170376578894745e-01
4.624531598075397043e-01
7.864652229713215981e-01
5.175859447125569224e-01
5.371479802904182144e-01
5.097429670718262029e-01
6.768513751901734654e-01
3.875722959246733490e-01
3.626147480400296885e-01
3.855809312397805444e-01
3.440666198693385636e-01
4.662835629206546484e-01
5.813217520654071491e-01
5.215243462521106377e-01
4.447510396866775073e-01
4.958154998421772652e-01
4.078655478891551334e-01
4.849719693434442758e-01
3.516734166687499608e-01
4.068701428858744196e-01
5.657704247357140392e-01
7.442994950563295298e-01
4.969618615643515702e-01
4.044985381098700206e-01
3.832516639552347448e-01
6.411536764533581900e-01
4.267610971778177387e-01
4.985076371630807190e-01
3.819323158573132981e-01
6.319683956872110819e-01
4.928088939794483259e-01
5.155765985281808295e-01
7.054541195665303688e-01
6.956828394005806215e-01
6.212282976788703337e-01
5.762110126760939810e-01
5.058871470365329248e-01
5.536450367260034033e-01
4.675427458407137027e-01
6.529551469297023569e-01
5.504852470888851323e-01
5.639757304099909385e-01
4.124664391052903500e-01
5.754188569830089861e-01
5.931946750821086578e-01
3.705483124786214666e-01
4.051017948350525977e-01
5.186923424056624210e-01
4.964329143265411304e-01
8.100770619492942970e-01
7.759526076464552391e-01
5.626105437992369174e-01
3.954832902324268984e-01
7.648485017121737783e-01
4.893703711225988462e-01
4.271717366860515730e-01
3.909292709139428057e-01
5.905453512835981966e-01
7.009021552750807071e-01
5.696696024061640440e-01
5.724591729290522402e-01
5.244375061590307308e-01
4.862676601173611113e-01
8.245279854116268625e-01
5.371076715694249604e-01
6.502203910147705823e-01
5.044135656580275295e-01
6.715970590579591892e-01
4.094605133704423694e-01
4.008693618455946295e-01
4.368062036423482342e-01
5.068998740227791400e-01
4.989738245450642262e-01
5.199557089898050322e-01
6.673862071449183642e-01
5.048342804758139124e-01
4.394191769507111989e-01
5.576399328796968202e-01
5.370744056314534776e-01
4.214211706633373411e-01
4.422860243762174459e-01
7.845574420593317555e-01
5.717011034698626926e-01
4.207773896219486054e-01
4.984144049988513681e-01
6.184845385890586078e-01
3.997855874783928787e-01
4.641188519061270057e-01
7.708895117254972451e-01
5.294040052574688904e-01
