9.126371328140034933e-01
9.333192749435343938e-01
-8.323334234347207206e-02
6.073554962446821026e-01
1.000000000000000000e+00
5.019800717199660589e-01
-9.897957778000278095e-01
9.579982370803360459e-01
-9.155186695983428269e-01
7.539486375782233907e-01
1.790399504835971101e-02
-7.782557123767648299e-01
3.157005180436782688e-01
9.729369541721576420e-01
-3.085481866679703478e-01
1.801116731002892490e-01
1.016003908885519530e-01
-1.247519231791364425e-01
-3.300510352814218784e-01
5.301956976423611856e-01
-3.049357424248544390e-01
8.853623449770475773e-02
4.459530708033913049e-01
-7.495264848994129814e-01
5.946696899264056757e-01
-1.000000000000000000e+00
7.693934279801493137e-01
-1.000000000000000000e+00
4.664507970064581954e-01
-7.130683926146956786e-01
4.145176929403907584e-01
-7.980838953778973677e-01
7.583416298653833376e-01
-6.720374000739051112e-01
3.533385282245831149e-01
9.773366559199281323e-01
5.493583648770233863e-01
-6.404914564834469914e-02
-4.375095896783669502e-01
8.669435484697408656e-01
5.552830608152532488e-01
7.859915061041444773e-01
-4.283196889741422431e-01
6.512437951745235765e-01
9.499689040453878075e-01
-6.473819833939198354e-01
-1.000000000000000000e+00
1.672589381305491785e-01
2.302596557249369236e-01
-6.370889594685531510e-01
-3.539812983412934377e-01
-1.836725103220723521e-01
-8.864198103180026544e-02
-1.000000000000000000e+00
8.541170664148455272e-01
4.320471652575400001e-01
9.782238107477114752e-01
1.000000000000000000e+00
-9.622267934887744900e-01
6.898965584845377919e-01
5.831801266833518405e-01
9.358457513478581902e-01
9.360904908263574242e-01
-1.000000000000000000e+00
7.444882265288417234e-01
3.319873789631900829e-01
-1.545442503121256528e-01
3.192873059938772240e-02
7.950683108904502694e-01
-1.256955829178395545e-01
-8.138358854281413368e-01
-9.639782249160870897e-01
9.889497403808982234e-01
-2.048852305472899371e-02
-8.212170438744128553e-01
-8.004014760444249088e-01
-2.107294614227897545e-02
-4.367276556173583790e-01
2.082619609948997697e-01
-5.675389264645809284e-01
9.037572510519648050e-01
-5.836543437062216566e-02
-1.130830708289836395e-01
8.365725672461552520e-01
-6.439151656216490771e-01
-8.429554923464075422e-01
9.666843664877535769e-01
-2.453418898645169932e-01
-7.523062871816490471e-01
1.000000000000000000e+00
9.293081487343840541e-02
-3.422789418455629562e-01
9.072830950113162096e-01
-5.662194329649214986e-01
-4.231372853463679085e-01
9.934441268209386333e-01
-5.605958172182805566e-01
-8.978833158478071175e-01
-9.367614515412633902e-02
-3.964625100088448040e-02
-6.857863276407346609e-01
-2.637235305609411662e-02
-3.947277935175149688e-01
4.045239094653013678e-01
-3.225654638465398349e-01
-4.335660063191542138e-03
-1.000000000000000000e+00
-9.313720132574601074e-01
9.522565251912207263e-01
9.284655556651117969e-01
-9.093353897327661750e-01
-9.004453217252975095e-02
5.480631003454276007e-01
4.997372529049684542e-01
1.000000000000000000e+00
1.000000000000000000e+00
-5.869715727924587068e-01
6.509456659277736146e-02
3.087156884618052488e-01
-5.187650173661606523e-01
-8.799908116513921463e-01
1.046007423513993229e-01
-1.000000000000000000e+00
1.000000000000000000e+00
5.859522614695412968e-02
-6.093972238150219267e-01
6.686192475227051846e-01
-6.541247576694554366e-01
7.646432642652508660e-01
9.953717680096487719e-01
-6.340759933821238370e-01
-6.592224715461156848e-01
-9.308151891039218029e-01
8.740077655131865964e-01
4.779985651685824677e-01
6.996144066759579783e-01
-8.478017143552635249e-01
6.171689989458618575e-01
1.000000000000000000e+00
4.834228389571428308e-01
2.946583679091361319e-01
1.000000000000000000e+00
-2.691290609375512344e-01
-3.366710778550601746e-01
-7.233798798776860939e-02
1.207183200538783363e-01
-9.938026691484049824e-01
6.121025921438258965e-01
-9.510434566433972892e-01
-2.596492547223416825e-01
9.593737201846476159e-01
-1.568679436816860506e-01
-6.292430801291561959e-01
1.000000000000000000e+00
1.000000000000000000e+00
-9.590495912868842732e-01
1.000000000000000000e+00
2.976421036160319389e-01
1.941151352787146844e-01
1.000000000000000000e+00
1.003367363013614733e-01
-4.006829044324679567e-01
-3.951966480145768790e-01
-5.559223319545089081e-01
-5.000000000000000000e-01
9.101185520237752291e-01
-5.937480857671435519e-01
-6.062421568814864437e-02
2.068867317398737360e-01
-1.000000000000000000e+00
-6.117048762385756122e-01
-7.858970953238574308e-01
2.469586847882944691e-01
4.992259011691009829e-01
-1.000000000000000000e+00
-2.644633441904838955e-01
7.515210229699255118e-01
-7.258143643804010336e-01
-8.044859710115443985e-01
4.173089603880356657e-01
-1.000000000000000000e+00
-6.905501556605037061e-02
-1.000000000000000000e+00
-9.461499435004050440e-01
-1.000000000000000000e+00
9.450002748761253402e-02
1.000000000000000000e+00
-3.462801433031063580e-01
-6.367096257524519354e-01
5.297417044734860081e-01
9.019139642103201071e-01
-2.446662120978747579e-01
1.000000000000000000e+00
5.071916119848776106e-01
-3.925860355000229673e-02
3.197536339963849006e-01
-9.561287336617187993e-01
9.714556062351908938e-01
-1.000000000000000000e+00
-5.706274696905211385e-01
1.000000000000000000e+00
-6.536784163774160827e-01
8.321245588755534772e-01
-1.000000000000000000e+00
-5.379382102432719304e-01
-3.507526116903651459e-01
-1.000000000000000000e+00
2.164663846645285550e-01
-6.065665233820366486e-01
7.648987751346644770e-02
7.419843256659770514e-01
-8.847900072553926965e-01
8.860909513630259582e-01
-9.468424535437012235e-01
-3.318815053433222806e-01
2.744588790630614894e-01
-6.801999406352057242e-01
-1.283590969651413061e-01
-7.589887420172543031e-01
-5.511248722432069425e-01
-7.837769882644951558e-01
-1.000000000000000000e+00
-7.781172879223697825e-01
-9.394951837034798414e-01
-1.000000000000000000e+00
-2.809658713975721894e-02
-8.249716465340206639e-01
2.300122262174166266e-01
1.000000000000000000e+00
1.708417120110165000e-01
-2.466286270252835977e-01
8.611704146496959034e-01
1.306935296251723333e-01
9.700815822152784040e-01
-2.877852833406941424e-01
-2.935265421541587427e-01
1.000000000000000000e+00
2.094054094925848486e-01
-8.913973008645088569e-01
-5.505466012347089988e-01
-7.140486075263848820e-01
-1.427185685376051727e-01
-9.729369189727867795e-01
4.547479796105939887e-01
8.955571482387105764e-01
9.085356135400726174e-01
-7.013118894935571612e-01
-6.464722417986024094e-01
8.663682441395207379e-01
-5.247595797294826170e-01
-8.379908089444453312e-01
-9.495621413247523623e-01
1.684980526727131722e-01
6.693646912454787046e-01
8.414273431494678768e-01
-9.686993819077740486e-01
-7.329695369441838748e-01
-4.874378074860638010e-01
-6.874919835271311452e-01
-5.329123208258933486e-01
-2.465156936437439272e-01
2.586355545738951850e-02
4.876923250736737714e-01
7.450499780990182952e-01
2.605956317839691616e-01
8.907198788586019322e-01
7.717888382823959725e-01
1.000000000000000000e+00
4.087969913436242386e-01
8.633949368983196981e-01
5.346827210978633005e-01
9.721545299614774427e-01
4.947118869386011863e-01
4.029161773949371250e-01
4.632664229351803331e-01
5.951215831411018620e-01
2.437858245196324880e-01
3.806133085530101212e-01
9.109448298863584981e-01
5.008446961089823013e-01
2.956025238885283679e-01
3.439760662346414977e-01
5.217865441810602967e-01
3.053370936528605473e-01
7.186494644070899884e-01
5.512196507091042808e-01
8.959688557980101109e-01
4.615570902666430442e-01
6.318345857882177175e-01
1.000000000000000000e+00
7.873748633333506053e-01
7.259681564757834993e-01
9.882070411615854200e-01
1.680399232948914245e-01
8.964005810078895520e-01
9.304520842856851548e-01
6.963509250070021306e-01
2.252162541496240955e-01
5.710436132525837927e-01
4.087683109130129111e-01
1.000000000000000000e+00
7.757614210607336469e-01
6.092244139766573863e-01
3.652115349333116545e-01
4.523625124256415164e-01
4.977029571744654990e-01
8.835944679918226186e-01
6.804115984834817610e-01
2.508780771355427208e-01
7.277541073810080974e-01
2.514662097543760022e-01
9.867413935932767277e-01
5.677733918074041597e-01
7.925233182959772193e-01
7.420945156173996970e-01
7.193475453803911401e-01
6.569716770751451440e-01
9.229376350566469434e-01
1.000000000000000000e+00
9.596720371802920369e-01
7.579251159387520032e-01
3.895637512426639026e-01
9.171942748864219119e-01
6.627111508151426467e-01
5.826383460965577354e-01
5.803763120191813840e-01
6.771389419287869860e-01
3.342965094710350082e-01
6.492021876523998980e-01
5.244685045257695410e-01
6.269329352663590704e-01
4.576064317633896095e-01
9.553827047121903338e-01
9.951388579198005013e-01
4.842878964426844401e-01
5.960161729013992993e-01
5.050019834446128897e-01
3.924222697479328170e-01
4.865108595735644359e-01
9.336552844714955945e-01
5.717300202618863514e-01
4.758036186994660799e-01
2.346617725240049968e-01
9.628216776636795426e-01
4.268111520485159405e-01
5.611541098826647866e-01
9.607538999504704469e-01
5.698263699436838525e-01
4.074145868048074659e-01
9.993835009811780079e-01
4.817555009729925786e-01
2.643738810461712108e-01
7.742056790184479453e-01
6.219725122351021929e-01
4.712978751512353348e-01
6.382883711529947490e-01
4.047254027916808994e-01
8.865132640641013584e-01
8.588965456502151152e-01
6.336387804718759398e-01
6.839687415389712477e-01
2.770842505127941724e-01
5.790748287710365538e-01
3.710223027379280225e-01
2.718617747377548022e-01
6.585865494233419382e-01
8.950491295631152200e-01
3.935888236475039159e-01
5.538922396801981840e-01
8.300445356174006584e-01
1.599073619914289646e-01
4.458667069665064320e-01
3.125214999714289732e-01
8.456520902398521056e-01
7.913463981382220513e-01
4.659504720549276779e-01
9.274551105019214203e-01
1.609191555605358204e-01
3.551123740173328658e-01
6.449007388031815502e-01
5.678869853246000243e-01
8.017354125573123991e-01
3.124569518061640072e-01
4.393510579816124473e-01
6.586408076749037388e-01
5.522652794483018379e-01
7.990025105054390231e-01
1.000000000000000000e+00
4.047360021742584246e-01
3.509644998962411222e-01
5.107088412076840056e-01
3.202948777236098721e-01
2.975041289692268998e-01
7.796863425489672927e-01
9.227427534039525092e-01
9.272623913340820589e-01
5.087285788446656021e-01
4.626584148872538993e-01
7.609992188310905625e-01
8.412578747308525617e-01
2.451715535055004613e-01
1.000000000000000000e+00
8.412416302291989556e-01
8.522945722991108752e-01
3.982976945241469835e-01
6.512032475072470072e-01
7.068077679993047813e-01
4.745068178959357397e-01
7.363128458918544172e-01
3.116254996281382361e-01
4.223001085198136995e-01
5.488260488503484691e-01
3.926175730617282866e-01
3.079494296759539562e-01
7.927796673357536683e-01
3.803486574723823344e-01
3.281807111522778708e-01
2.668054691092491826e-01
7.918892019339647259e-01
7.519381876350188509e-01
8.422709004559126855e-01
6.646954436577769965e-01
7.650994996993039088e-01
2.245928823458688273e-01
4.202594907568547034e-01
3.784063445428912931e-01
4.697933039333849758e-01
9.354858844395211870e-01
7.793063368847402694e-01
9.800576519019519317e-01
6.743390402992128774e-01
4.138021448671473923e-01
2.871905998281975014e-01
8.998155329552687265e-01
4.245889057260401334e-01
4.770736305418287193e-01
5.184263759299195806e-01
5.414364984490064314e-01
4.982654806361294098e-01
5.633881057040666107e-01
4.669863679321473726e-01
3.329172185425796071e-01
6.982199983821010258e-01
6.065532016495012169e-01
6.767173846557967831e-01
8.216984292500740805e-01
4.624798894722534914e-01
6.273331080766337831e-01
2.317525678220999086e-01
9.628986669289754108e-01
2.014597489591916923e-01
4.454997947857772811e-01
3.314992250418161701e-01
2.973700550257021291e-01
9.665198940073909117e-01
4.339511816702804059e-01
5.806135409570691852e-01
9.792243398777733532e-01
4.105440817216718941e-01
9.721438190752613728e-01
9.224797865164720001e-01
9.245728160542070473e-01
9.042643846662137275e-01
8.807240768768138661e-01
8.739808757172229381e-01
7.861361506780202291e-01
4.887740572564250874e-01
5.681894542975141071e-01
9.586935124859536916e-01
4.028543800476852565e-01
3.315440241356283346e-01
4.582079874882536430e-01
3.395289201866618645e-01
9.180950402140248823e-01
9.397686416770856255e-01
2.729991863594003476e-01
5.989188755507819373e-01
3.594197071101317142e-01
5.669588396651972229e-01
5.322523315083805828e-01
8.268425007608887212e-01
9.110607954981126966e-01
3.486752570348385927e-01
2.618124618592819752e-01
4.277149426131864329e-01
7.224717469320317553e-01
7.823032595001175871e-01
4.628121902196608017e-01
5.690669413037486857e-01
9.064333536350654974e-01
5.539113673614810551e-01
2.556473197798841968e-01
3.005106916978648179e-01
6.960072561633501298e-01
8.095793622851723548e-01
7.637206224746728722e-01
7.861550980115019627e-01
7.200425878827008130e-01
3.318130020914710210e-01
3.258333167901964478e-01
4.315713525703284148e-01
3.509563327377623887e-01
1.000000000000000000e+00
7.533408075932361836e-01
3.288405394074075394e-01
3.553386013680185362e-01
6.187869889121566658e-01
9.062177395561412663e-01
6.018498605838046300e-01
4.787129048241510754e-01
7.424382509156703946e-01
7.387275968918343150e-01
9.703400609676542388e-01
6.693363444506073012e-01
2.399978421056020439e-01
1.000000000000000000e+00
3.920126602372815405e-01
6.364980271675976242e-01
3.040045829484055995e-01
9.423602308322178711e-01
6.656484903283519383e-01
9.304873329338059218e-01
4.233054280044791784e-01
9.301010433352272511e-01
8.473118129254451070e-01
5.986960485729782011e-01
6.373303873898682470e-01
3.100016543698420057e-01
3.437000363711277817e-01
2.972736421796489115e-01
