7.788547963774731242e-01
-7.941232840073932930e-01
-1.406818656628667785e+00
-1.903407378092343061e+00
2.014695452016895594e+00
-1.350300750376287828e+00
-1.082618428504551700e+00
-1.456487788113650872e+00
-9.326555214513626568e-02
1.063957706824269600e+00
-2.092057421302410347e+00
3.645414991017043582e-01
7.019265809032398939e-01
-2.508249371638204273e-01
-1.889881166009898417e+00
-1.925612584518361647e-01
8.072234910134820085e-01
-8.681271958110374498e-02
3.217472828240727084e-02
-5.424359838880439266e-01
1.855108421795194640e-01
-1.210188154967901442e+00
-2.329140624400450332e-01
6.458822456198092254e-01
-3.165383388726185299e+00
-7.204772062188868897e-02
1.608657183207333530e+00
-9.803477839406296579e-02
1.974076223028098598e+00
-5.272422867156053572e-01
-8.389343576023183813e-01
1.124131890613004670e+00
5.557113381868383772e-01
3.003194847306975834e-01
-2.694384843395507545e+00
2.090535711130139251e+00
1.290006105547879312e+00
-2.694968026667881045e+00
-8.468941732137571510e-01
1.216135242336257027e+00
-1.180008622546785124e-01
-1.314039898162051301e-01
2.823329865563621865e+00
1.234836528631532593e+00
-5.052595528378565071e-01
-9.108520507311047565e-01
9.023706671938578339e-01
-5.684181789467084300e-01
-1.702614661743689251e+00
-2.484684112778094978e+00
1.430104307239015715e-01
-5.909173143718147309e-02
-3.336772912159467364e+00
-1.866412178242115250e+00
-4.448005815775322724e-01
-2.754120354942549698e-01
1.022249545999657672e+00
2.315483382062295981e+00
-2.491317644959320510e-02
3.893177977740215900e-01
1.943489440565701720e+00
1.095574765360298741e+00
-7.031446023307911242e-01
-2.227994675603338359e-01
1.263521528786077486e+00
-3.391204309671825290e-01
6.098448612597955343e-01
1.724036287528015521e+00
-2.103312139593628949e+00
6.237315620195479360e-01
1.208846811041218161e-01
-2.947666981148087562e+00
2.506674993276200247e+00
1.500194688790629005e+00
3.311360555470390099e-01
-3.418684800750962927e-01
-1.798671911769556209e+00
1.921924289618439197e+00
4.739129635041182675e-01
6.190365556910903955e-01
1.148019991835579207e-01
-8.152476519181085512e-01
1.330461727697321184e+00
-1.336205478709226568e+00
-1.428121811145370845e-01
-7.391140519756523863e-01
-5.581209231367563195e-01
1.310535273031663284e+00
-1.545628321868083521e+00
1.816158656179245767e+00
4.621133865254989370e-01
7.103263224131183273e-01
6.774670573097884008e-01
-1.036485513674954673e+00
1.224378839633461502e-01
-7.865000866428664139e-01
-9.403154477220002638e-01
5.939981566748200326e-01
-7.756744190677141715e-01
7.069300267258610271e-01
-8.871786427831193089e-01
3.234488110328074817e-01
-1.276543388488833863e-01
2.457604718669193833e+00
3.608115920051443437e-01
-6.027814178234104647e-02
1.505148201504725447e-01
-2.380594573626326205e-01
-1.582901274970476724e+00
-6.812764350384625800e-01
1.372519438907670475e+00
-1.594094768921807681e+00
1.559007450227948954e+00
6.391031648743696891e-01
-3.701390832832783806e-01
-1.460785097027387680e+00
-6.018712245639323832e-01
-1.623706611158292290e+00
-4.530297234626684544e-02
-1.855702292498150108e+00
-5.668989765274720094e-01
-4.177154621751086316e-02
2.942765716118257990e-01
2.972353656460463345e+00
-2.249101575532368447e-01
1.601463897445552176e+00
-4.724347852162847916e-01
-2.452582811363982263e+00
-2.835983936730503085e+00
2.300327194711168644e-02
4.135208167158286319e-01
1.727581893509119171e-01
3.891338489021578528e-02
3.537459025071984509e-02
-3.526707347841962492e-01
-1.812090959231712262e+00
-1.084182094189445777e+00
2.422754042179957323e-01
-8.595476908284142015e-01
-2.946796734795635864e+00
-2.242307916739736839e+00
5.376581579347459172e-01
-7.995593897595729693e-01
-1.421971183688667706e+00
-7.333883871324804460e-01
-1.106527614709283291e+00
-2.520421047628354505e-01
-2.206408183456740613e+00
2.568403057044373883e-01
8.704928207808304563e-01
-8.488821452485774133e-01
-3.141152823753493584e-01
-2.310550914081620222e-01
6.063190106678547631e-01
1.020578333361499057e+00
-8.945035780371066725e-01
2.117106531219197674e+00
5.768800388000114854e-01
7.391911646213528142e-03
-1.109251120967940929e-01
1.500229729890845964e-01
-1.232987708382273367e-01
2.101208455319977797e-02
3.524924493732397024e-01
2.868422205500450461e-01
7.461316130695468118e-02
-4.592131649042516250e-01
-1.089945988796804155e+00
5.334305435680952723e-01
7.574862123026480099e-01
-8.114718888568807076e-01
-3.445452064299887596e-01
-4.882778424199956113e-01
1.406721307324922954e-01
1.200792577037429032e+00
-1.647276885431944837e+00
2.073655113973582043e-01
1.106817223231120417e+00
6.792382720421094033e-01
1.082917970959291321e+00
-7.746583646158440306e-01
9.387889331650389746e-02
-5.084386860312574141e-01
-1.441575793216025025e-01
-7.362809911365238991e-01
-2.684513513843382437e+00
6.748461079751952862e-01
7.128380310132363951e-01
1.121172506534304780e+00
-7.299189267124858160e-01
-1.019773515544378228e-02
-6.102751504090868639e-01
-3.417679778772410693e+00
-1.375741031689562632e+00
5.049669301652863762e-01
-8.260919243023884251e-02
-1.052430971436851603e+00
-8.305362247310436041e-01
-2.042204992123785257e+00
-3.741849505831270628e-01
-1.222024200289654056e-01
1.585880666924914584e+00
-7.228270927099909038e-01
2.743431899218035097e-01
-6.474039903500973525e-02
1.004001810723584576e-01
-6.191979300224569327e-01
9.724566424886584848e-01
7.061065396469905497e-01
-1.072978740601228109e+00
-8.684659238064718068e-01
-3.660124103773289006e-01
2.110130734201458580e+00
1.062162385823616439e+00
3.121570464931894495e+00
2.929045796127432433e-01
-9.722072214989323502e-01
-1.322435663418965346e+00
-1.283003965967746962e-01
1.291402313654912648e+00
-2.619474888853589034e-01
1.866250600556150774e-01
1.193642152288654890e+00
-2.278975068498606760e+00
-1.548034960278552585e+00
-6.685840483017542191e-01
1.025035157486216209e+00
-5.881859580784800645e-01
1.407250179597349771e+00
-4.967682776595868654e-01
1.774907797957825384e-02
2.029841461523168800e+00
-4.341428148515250052e-03
-3.903150084591335833e-01
1.114137128610222849e+00
-2.242808293192586344e+00
-3.552385632342264898e+00
3.045994879199952488e-01
-9.408892867445932673e-01
6.533090729086646897e-01
8.484315205292074225e-02
-2.251429046148399893e-01
-1.567860894001173788e+00
1.229394081643315317e+00
-8.063074721161112013e-01
-1.257347397237143838e+00
3.303169486036984237e-01
9.667058040678633279e-01
1.545357549499532857e+00
-5.051876186606349961e-01
-1.512281227431637176e-01
-4.372607347751373830e+00
-2.424316577633248926e+00
1.314949814076709078e+00
9.642234718722153541e-01
-4.720706556382971986e-01
-9.561640068769369227e-01
1.172026540342200107e+00
1.876523983169837262e+00
6.519414702356682856e-01
1.250157549670578294e-01
-2.908214600122955851e+00
-1.427524672468881484e+00
3.989379172616837610e-01
1.605011020447443038e+00
