Generation: 0 47.7725 80.7674 2.1767 14.2139
Generation: 1 37.4882 93.2512 13.9629 18.4705
Generation: 2 53.0069 112.4650 23.1983 16.2364
Generation: 3 40.5972 99.0988 28.2400 13.7997
Generation: 4 50.1501 122.9180 30.7970 15.1373
Generation: 5 58.3501 135.3634 35.2847 13.4333
Generation: 6 53.1830 130.6389 35.8177 14.5553
Generation: 7 59.1591 136.0723 37.9788 12.5463
Generation: 8 48.9085 103.7751 38.7580 10.4280
Generation: 9 62.2676 138.8481 40.2177 9.2779
Generation: 10 53.0396 130.4993 40.7286 12.3663
Generation: 11 57.0789 134.2100 42.2065 9.5973
Generation: 12 55.8664 133.0626 39.2450 12.3508
Generation: 13 61.7189 115.4346 38.3677 12.1131
Generation: 14 58.6652 117.5641 41.6055 9.3730
Generation: 15 58.1138 135.1426 40.1992 9.0816
Generation: 16 60.8846 137.5727 42.1032 9.4510
Generation: 17 59.7771 136.7065 42.4672 9.2502
Generation: 18 56.4367 115.5554 41.3087 10.1715
Generation: 19 56.0411 133.2913 42.0891 8.1526
Generation: 20 64.0783 140.5717 42.2399 8.3867
Generation: 21 52.2484 129.7789 42.6832 8.3556
Generation: 22 61.3701 138.0769 42.6748 7.5748
Generation: 23 60.9944 137.6944 41.3624 8.2970
Generation: 24 65.1055 141.4797 44.2000 7.5741
Generation: 25 59.6830 136.6021 44.2361 8.4910
Generation: 26 60.9218 137.6254 44.0430 7.9881
Generation: 27 57.5031 134.5263 41.3518 10.1148
Generation: 28 60.9848 137.6673 45.1874 8.5239
Generation: 29 58.8387 135.7527 41.7306 11.7208
Generation: 30 70.6635 158.4949 43.3132 10.4012
Generation: 31 56.5000 133.6276 42.9090 8.4852
Generation: 32 57.2543 134.3822 45.4736 7.0871
Generation: 33 67.9243 143.9561 44.9728 9.6866
Generation: 34 67.5009 143.6585 47.1988 7.6844
Generation: 35 60.9353 137.6243 46.6735 8.4770
Generation: 36 60.8981 149.5863 45.4973 10.9508
Generation: 37 59.8091 148.5988 48.1542 7.4284
Generation: 38 63.7741 140.2506 47.8100 9.0900
Generation: 39 61.8296 138.5351 46.9438 9.9017
Generation: 40 61.0013 149.6888 48.7434 7.7773
Generation: 41 64.4346 152.8099 48.7070 8.6170
Generation: 42 62.0679 150.6601 48.6848 8.0432
Generation: 43 61.9656 150.5575 47.3453 10.6977
Generation: 44 64.8325 141.2099 48.2123 9.0798
Generation: 45 61.8970 138.6092 48.8153 7.2218
Generation: 46 62.0356 150.6294 51.4139 6.4683
Generation: 47 63.0861 139.6872 50.5082 6.2306
Generation: 48 67.4968 143.6600 50.2009 6.5836
Generation: 49 71.7749 147.4939 52.2027 5.9221
Generation: 50 61.9684 150.5489 50.6074 5.6852
Generation: 51 61.0257 149.7163 51.4777 7.2906
Generation: 52 69.3328 185.2817 52.5279 6.3223
Generation: 53 63.1766 151.6633 51.4078 6.4122
Generation: 54 60.9135 149.6033 51.2302 7.4454
Generation: 55 67.0252 143.1690 51.4158 6.7923
Generation: 56 69.1726 185.1200 50.9247 8.9494
Generation: 57 61.9646 150.5457 49.3803 8.5176
Generation: 58 67.4666 143.6138 50.7440 7.1758
Generation: 59 64.6706 153.0442 49.4415 7.6151
Generation: 60 67.8312 183.8869 50.1950 6.5396
Generation: 61 63.7450 152.2275 50.9912 7.0191
Generation: 62 63.7581 152.2407 51.0470 7.9189
Generation: 63 63.2602 151.7341 51.0385 7.6573
Generation: 64 63.8192 152.3031 51.5662 8.2979
Generation: 65 62.5632 151.1558 51.9865 6.5196
Generation: 66 62.6594 151.2427 51.7868 7.1196
Generation: 67 62.0628 150.6437 51.3798 8.7375
Generation: 68 61.6645 150.3548 51.5868 7.7828
Generation: 69 70.3902 146.2225 50.8519 7.6182
Generation: 70 62.0490 150.6297 52.6328 8.4128
Generation: 71 66.9126 143.0750 51.0625 7.0276
Generation: 72 67.7051 183.7586 50.6497 8.2015
Generation: 73 61.6995 150.3898 52.6405 7.7814
Generation: 74 63.8011 152.2842 52.8547 7.3189
Generation: 75 66.3726 142.5371 51.9478 6.4518
Generation: 76 65.8738 154.1445 51.7637 7.4449
Generation: 77 62.5998 179.1915 51.4663 8.7104
Generation: 78 62.1779 150.7583 52.3570 7.8454
Generation: 79 62.0177 150.5997 50.3470 9.2635
Generation: 80 63.1833 151.6596 52.3985 6.9956
Generation: 81 62.6578 151.2397 52.7328 8.4665
Generation: 82 68.6950 184.6441 54.2919 7.5822
Generation: 83 59.8034 148.5999 53.3118 6.7406
Generation: 84 63.1012 179.5876 53.3698 6.1140
Generation: 85 62.0755 150.6557 53.9826 7.3142
Generation: 86 66.8792 183.0450 53.6450 8.4538
Generation: 87 66.8939 155.0563 51.7865 7.6869
Generation: 88 68.1579 184.2136 53.3150 7.3023
Generation: 89 62.9830 161.4442 54.0007 6.9102
Generation: 90 62.0990 150.6818 52.0185 7.8605
Generation: 91 75.0798 200.4351 55.0448 6.8743
Generation: 92 67.0674 143.2233 53.8058 7.7938
Generation: 93 62.5541 151.1390 53.4310 8.7750
Generation: 94 69.1518 185.0971 54.3031 6.8239
Generation: 95 63.5989 180.0863 55.7443 6.8143
Generation: 96 66.1791 164.2630 54.4762 6.9119
Generation: 97 63.8572 152.3284 55.1658 6.5524
Generation: 98 68.0682 184.1215 54.1321 6.9861
Generation: 99 60.8957 149.5848 54.9630 6.7358
Generation: 100 63.2592 151.7331 55.3726 6.7193
Generation: 101 61.0293 149.7193 55.1401 7.1715
Generation: 102 65.9140 182.1856 54.7863 7.0208
Generation: 103 68.0789 156.1348 55.6516 7.0327
Generation: 104 63.0458 179.5311 55.7739 6.1816
Generation: 105 65.5693 181.8411 55.2478 6.1837
Generation: 106 69.8325 185.6701 55.3101 6.2676
Generation: 107 67.8992 183.9536 55.3664 7.3778
Generation: 108 63.9673 180.4534 55.4311 6.9661
Generation: 109 64.3381 152.7041 55.1824 6.9094
Generation: 110 63.0061 179.4908 54.2893 6.3223
Generation: 111 63.6125 180.0987 56.2775 6.4580
Generation: 112 67.2992 143.3547 55.5972 6.6397
Generation: 113 69.6090 185.5539 55.0630 7.4208
Generation: 114 69.1244 185.0696 55.5869 7.2622
Generation: 115 68.1391 184.1912 57.2604 7.2542
Generation: 116 68.9635 184.9126 56.6735 6.5446
Generation: 117 68.2281 184.2802 57.0507 6.9621
Generation: 118 69.3432 185.2902 57.0557 6.5825
Generation: 119 68.0039 184.0602 56.7718 6.8654
Generation: 120 68.0895 184.1417 55.4743 7.2259
Generation: 121 68.0809 184.1320 57.7747 5.6100
Generation: 122 69.1994 185.1446 58.6582 5.9552
Generation: 123 65.6604 153.9320 58.0849 6.1435
Generation: 124 59.8706 148.6679 56.6571 6.9808
Generation: 125 64.8759 153.2384 57.5692 6.2191
Generation: 126 69.1968 185.1408 57.9985 6.2431
Generation: 127 66.9666 183.1279 57.4077 6.2299
Generation: 128 68.3282 184.3819 57.9132 6.6965
Generation: 129 62.1228 150.7042 56.6277 7.0124
Generation: 130 63.8499 162.2011 58.7301 5.7163
Generation: 131 68.1977 184.2507 58.7647 5.2080
Generation: 132 64.7982 181.1778 57.7102 6.5374
Generation: 133 69.4415 185.3844 57.1058 7.1704
Generation: 134 67.9845 184.0363 57.3892 7.5355
Generation: 135 63.6164 180.1044 58.3792 6.3121
Generation: 136 61.4043 150.0967 57.4237 6.2168
Generation: 137 69.4065 185.3525 58.5211 6.0400
Generation: 138 69.2373 185.1816 57.3803 6.5409
Generation: 139 67.0614 183.2251 58.8220 6.0437
Generation: 140 68.4680 184.5194 58.9937 6.7915
Generation: 141 68.1504 184.2026 58.9471 6.3078
Generation: 142 69.1136 185.0568 59.0782 6.0342
Generation: 143 68.1877 184.2417 59.3871 5.7177
Generation: 144 69.1961 185.1414 59.4970 6.3044
Generation: 145 68.5011 184.5519 59.6956 5.5962
Generation: 146 67.4486 155.5019 58.5599 6.9211
Generation: 147 68.0893 184.1423 58.6504 6.8929
Generation: 148 68.0125 184.0661 59.1205 6.4940
Generation: 149 68.3648 184.4140 57.4697 7.7960
Generation: 150 60.2980 155.1110 57.8069 6.6101
Generation: 151 63.6407 180.1265 57.4069 6.7813
Generation: 152 66.6261 142.7858 55.5959 7.3171
Generation: 153 61.4927 150.1830 57.2716 5.9856
Generation: 154 66.2708 154.4341 57.7579 5.2154
Generation: 155 66.4440 154.6067 56.7013 7.6264
Generation: 156 69.1918 185.1381 58.3571 7.0654
Generation: 157 68.2020 184.2566 58.0793 6.6679
Generation: 158 64.8968 153.2579 58.4078 6.7484
Generation: 159 55.8242 151.0782 58.1344 5.8035
Generation: 160 68.7386 184.6839 58.0725 7.3142
Generation: 161 68.6152 184.6682 57.4795 7.1135
Generation: 162 68.1776 184.2329 57.4802 8.6941
Generation: 163 69.9740 185.8067 57.9414 7.6095
Generation: 164 68.2905 184.3416 57.6770 9.7240
Generation: 165 69.5715 185.5151 56.1496 9.2259
Generation: 166 69.2505 185.1959 57.0303 8.4138
Generation: 167 68.8854 184.8330 56.2211 8.5121
Generation: 168 70.4785 186.3134 58.5355 6.6362
Generation: 169 69.6123 185.5572 56.4843 7.9807
Generation: 170 68.2502 184.3012 58.3641 7.4722
Generation: 171 65.1212 181.5000 57.5955 7.3557
Generation: 172 68.1919 184.2412 58.6274 7.5522
Generation: 173 69.2279 185.1720 59.7344 6.8071
Generation: 174 61.7423 156.4543 59.8320 6.3910
Generation: 175 68.0463 184.0974 58.8216 6.5981
Generation: 176 69.1766 185.1213 58.7434 7.9584
Generation: 177 68.2024 184.2557 58.7562 7.5305
Generation: 178 69.2118 185.1581 58.1284 7.8177
Generation: 179 69.2759 185.2188 58.8283 7.2369
Generation: 180 69.1175 185.0639 59.5160 6.1388
Generation: 181 70.6914 186.5216 59.8590 6.5259
Generation: 182 67.5534 183.6062 59.4496 6.6825
Generation: 183 68.4931 184.5470 59.5583 6.7752
Generation: 184 69.5387 185.4818 59.2680 7.1433
Generation: 185 67.4803 160.5330 58.6339 7.2137
Generation: 186 69.5431 185.4859 60.4604 6.0057
Generation: 187 69.6041 185.5488 59.4659 6.9553
Generation: 188 68.4625 184.4080 61.4141 5.3526
Generation: 189 69.6957 185.6409 58.4223 6.6493
Generation: 190 68.1498 184.2041 58.4262 7.1283
Generation: 191 69.3920 185.3352 58.8487 7.8756
Generation: 192 68.3029 184.3541 58.5651 7.4340
Generation: 193 68.2210 184.2757 58.6062 7.6220
Generation: 194 69.6136 185.5568 59.9889 6.5673
Generation: 195 68.4949 184.5470 59.7778 6.6694
Generation: 196 69.2765 185.2230 58.3392 7.3015
Generation: 197 68.3944 184.4481 60.1011 6.4416
Generation: 198 68.3790 184.4332 59.4868 6.4391
Generation: 199 69.4404 185.3859 59.6179 6.0992
Generation: 200 68.0554 184.1082 60.1291 6.0977
Generation: 201 70.6214 186.4586 59.3202 6.7419
Generation: 202 68.0154 184.0710 60.2711 5.6741
Generation: 203 68.1835 184.2382 60.1077 6.1332
Generation: 204 69.4829 185.4283 59.2321 6.3147
Generation: 205 68.8688 184.8157 60.4289 5.4611
Generation: 206 68.0989 184.1536 59.6276 6.6363
Generation: 207 69.4708 185.4159 60.2109 6.1865
Generation: 208 69.5204 185.4655 59.9612 6.8241
Generation: 209 68.7531 184.6976 60.5214 6.9497
Generation: 210 68.3193 184.3730 60.5096 6.8001
Generation: 211 68.0748 184.1271 58.7801 7.1435
Generation: 212 68.1027 184.1570 59.5593 6.8158
Generation: 213 69.1301 185.0741 59.9991 6.9097
Generation: 214 69.2621 185.2085 57.1173 8.8255
Generation: 215 69.4128 185.3583 59.2570 7.5632
Generation: 216 70.4793 186.3177 59.8273 7.2868
Generation: 217 68.0739 184.1283 58.5929 6.9563
Generation: 218 68.3887 184.4419 60.5476 6.1696
Generation: 219 68.1224 184.1737 60.6388 6.9847
Generation: 220 68.6933 184.6410 60.7232 6.6405
Generation: 221 70.3000 186.1320 61.1611 6.1691
Generation: 222 68.1525 184.2059 58.7434 6.8631
Generation: 223 69.1967 185.1426 59.9399 7.5967
Generation: 224 69.1648 185.1110 58.7157 8.2018
Generation: 225 69.1057 185.0510 60.2063 6.6095
Generation: 226 69.2068 185.1531 60.6223 6.9417
Generation: 227 68.6556 184.5993 60.6457 5.8111
Generation: 228 67.7934 183.9709 62.1707 5.0003
Generation: 229 69.2241 185.1708 61.2791 6.3263
Generation: 230 68.0948 184.1491 61.5698 5.8425
Generation: 231 69.4158 185.3625 61.1369 6.6122
Generation: 232 69.4157 185.3540 60.8706 6.1004
Generation: 233 70.4966 186.3340 60.9008 6.3678
Generation: 234 69.3789 185.3222 61.6878 5.8140
Generation: 235 69.6842 185.5228 60.6281 6.2612
Generation: 236 69.3317 185.2741 60.6326 7.0174
Generation: 237 68.2316 184.2852 59.7718 7.6291
Generation: 238 68.2831 184.3343 60.6824 6.1673
Generation: 239 69.7497 185.6930 61.3964 6.6041
Generation: 240 69.1960 185.1422 61.6621 5.8090
Generation: 241 69.2716 185.2113 61.6806 6.4329
Generation: 242 69.5679 185.5109 60.7998 6.4185
Generation: 243 69.4490 185.3878 61.3390 5.4552
Generation: 244 68.5063 184.5523 61.1330 6.3177
Generation: 245 69.5409 185.4818 60.9535 6.8769
Generation: 246 69.4848 185.4272 60.3278 7.0392
Generation: 247 69.1175 185.0639 59.9086 6.9595
Generation: 248 70.7393 186.5725 61.2454 6.3894
Generation: 249 69.1848 185.1313 61.7122 6.8886
Generation: 250 68.3050 184.3536 60.5166 6.4177
Generation: 251 68.5017 184.5482 60.8047 6.2097
Generation: 252 68.2836 184.3320 60.4782 7.3375
Generation: 253 69.1867 185.1290 60.4461 6.5782
Generation: 254 69.8300 185.6673 61.3062 5.8450
Generation: 255 69.3760 185.3190 61.0541 6.7690
Generation: 256 69.6404 185.5788 61.4699 5.8916
Generation: 257 69.5740 185.5122 59.9174 7.8916
Generation: 258 69.5161 185.4549 61.0649 6.9620
Generation: 259 69.1154 185.0595 59.9617 7.0271
Generation: 260 68.4865 184.5358 60.0377 7.3520
Generation: 261 69.1683 185.1146 61.9963 6.7297
Generation: 262 69.6071 185.5458 61.6124 6.6108
Generation: 263 70.4865 198.3178 61.6868 6.5512
Generation: 264 70.7390 186.5716 59.8974 7.9994
Generation: 265 69.4293 185.3715 59.6155 7.2754
Generation: 266 69.5872 185.5268 62.4710 5.1986
Generation: 267 69.5678 185.5076 62.9348 5.9491
Generation: 268 70.7549 186.5884 60.8552 7.9238
Generation: 269 69.6186 185.5572 60.9470 7.3062
Generation: 270 68.5650 184.6137 60.9401 7.3686
Generation: 271 70.5397 186.3730 61.0243 8.1827
Generation: 272 68.9499 184.8947 61.4691 6.7244
Generation: 273 71.7609 199.4851 62.2895 6.6535
Generation: 274 69.5816 185.5222 60.2793 8.8369
Generation: 275 69.6542 185.5947 60.8806 7.4432
Generation: 276 69.1819 185.1222 60.6395 7.1821
Generation: 277 70.7694 186.6030 62.4844 5.3318
Generation: 278 70.8180 186.6504 62.8440 5.9125
Generation: 279 69.3053 185.2447 61.2310 7.0665
Generation: 280 69.2183 185.1580 62.4424 6.1749
Generation: 281 68.8290 184.7731 62.4227 6.0176
Generation: 282 70.6209 186.4538 61.2805 7.4365
Generation: 283 69.4561 185.3968 61.7749 6.1089
Generation: 284 69.0941 185.0377 61.4608 6.8311
Generation: 285 69.5930 185.5330 61.7498 6.8259
Generation: 286 69.3146 185.2584 60.5037 7.5470
Generation: 287 69.3694 185.3084 61.9347 6.8422
Generation: 288 69.3571 185.2985 61.0890 7.2145
Generation: 289 69.7614 185.7031 59.7699 7.8335
Generation: 290 69.6787 185.6193 61.4803 7.0186
Generation: 291 70.7373 186.5704 59.0934 8.9393
Generation: 292 69.1434 185.0902 61.1937 8.1745
Generation: 293 69.6484 185.5872 62.3705 6.0586
Generation: 294 68.4224 184.4710 60.2466 8.3700
Generation: 295 69.4364 185.3822 60.3324 8.1007
Generation: 296 69.3521 185.2918 61.0502 7.8563
Generation: 297 68.6886 184.6341 60.7305 7.4535
Generation: 298 69.5947 185.5397 61.9640 7.2269
Generation: 299 69.2693 185.2124 62.4935 6.0828
Generation: 300 69.4502 185.3909 61.1447 7.1279
Generation: 301 69.2605 185.2034 62.2771 6.5301
Generation: 302 69.5911 185.5359 60.9432 7.8166
Generation: 303 69.3562 185.2986 60.2941 7.8340
Generation: 304 69.5049 185.4504 61.4342 7.3622
Generation: 305 70.7596 186.5934 61.4127 7.2663
Generation: 306 69.1753 185.1209 61.2860 6.7487
Generation: 307 69.5618 185.5031 60.3254 8.1116
Generation: 308 69.4093 185.3497 62.9907 6.0561
Generation: 309 69.4899 185.4354 62.0314 6.0313
Generation: 310 70.5736 186.4048 61.7458 7.0823
Generation: 311 71.6741 187.3989 62.3404 5.7960
Generation: 312 69.5675 185.5086 62.2694 6.2737
Generation: 313 69.5201 185.4630 61.8299 7.0281
Generation: 314 69.4506 185.3910 60.9867 7.4729
Generation: 315 69.7422 185.6859 60.8816 7.5001
Generation: 316 69.6025 185.5422 60.7180 7.4367
Generation: 317 70.5867 186.4206 62.0680 6.3407
Generation: 318 69.4948 185.4370 63.2815 6.4179
Generation: 319 69.1776 185.1219 62.1927 5.9245
Generation: 320 69.1410 185.0818 61.8048 6.6938
Generation: 321 69.5324 185.4779 63.0884 5.2204
Generation: 322 70.4842 198.3203 61.8728 7.1293
Generation: 323 69.5152 185.4586 62.5689 5.4130
Generation: 324 69.5917 185.5331 61.3214 6.5964
Generation: 325 69.3981 185.3443 63.2768 5.4720
Generation: 326 69.3644 185.3060 61.0845 6.5890
Generation: 327 70.5680 186.4053 61.8000 6.6421
Generation: 328 70.5305 186.3671 62.5376 5.9158
Generation: 329 70.7227 186.5600 59.8355 7.8396
Generation: 330 70.6477 186.4849 63.3606 5.1948
Generation: 331 69.4668 185.4081 61.9236 7.2568
Generation: 332 70.7216 186.5554 61.7439 6.6707
Generation: 333 69.6226 185.5609 63.1591 4.8227
Generation: 334 70.8168 186.6520 63.1209 5.7344
Generation: 335 69.4470 185.3947 63.7611 5.9899
Generation: 336 70.5810 186.4182 61.8027 5.9705
Generation: 337 69.4675 185.4126 62.4983 6.4761
Generation: 338 69.1548 185.1013 61.7940 6.6195
Generation: 339 70.5247 186.3595 63.0562 6.1125
Generation: 340 69.5633 185.5018 63.0059 5.2590
Generation: 341 70.7378 186.5691 63.3713 5.3585
Generation: 342 68.4258 184.4732 62.7611 5.8390
Generation: 343 69.4944 185.4406 63.1421 6.1359
Generation: 344 69.5774 185.5235 63.1706 4.9736
Generation: 345 69.6340 185.5734 62.2515 6.8933
Generation: 346 69.6449 185.5864 62.4727 6.4561
Generation: 347 70.4190 186.2542 62.3322 6.5858
Generation: 348 69.5048 185.4487 61.9867 6.7372
Generation: 349 70.7053 186.5370 63.8275 4.8091
Generation: 350 70.8428 186.6745 62.1235 7.1850
Generation: 351 69.5748 185.5197 61.9811 6.8525
Generation: 352 69.5811 185.5226 61.4466 6.8671
Generation: 353 69.6299 185.5743 61.5727 7.2894
Generation: 354 70.4763 186.3113 61.8527 6.1207
Generation: 355 70.6920 186.5274 63.4992 5.2075
Generation: 356 68.9884 184.9371 63.1485 4.6024
Generation: 357 69.5430 185.4859 62.4781 5.4657
Generation: 358 69.4979 185.4430 61.7170 6.8470
Generation: 359 69.2544 185.1989 61.2968 5.8434
Generation: 360 69.4752 185.4175 62.2196 5.4509
Generation: 361 69.6010 185.5469 62.9186 5.1930
Generation: 362 68.7090 184.6684 61.7869 5.9582
Generation: 363 69.3424 185.2885 62.7299 5.4258
Generation: 364 69.5968 185.5427 62.9390 5.2293
Generation: 365 69.4997 185.4447 62.2796 4.6302
Generation: 366 69.4833 185.4263 61.9446 6.4700
Generation: 367 68.3506 184.4036 62.3880 5.0207
Generation: 368 69.6103 185.5529 64.1236 4.2939
Generation: 369 69.1037 185.0466 61.9518 5.1597
Generation: 370 70.6459 186.4792 62.4028 5.4623
Generation: 371 70.4876 186.3259 62.3339 5.5939
Generation: 372 68.5954 184.6425 61.2815 6.6603
Generation: 373 70.5938 186.4313 62.7607 5.2831
Generation: 374 70.6725 186.5100 61.4439 6.7557
Generation: 375 69.5113 185.4526 62.9000 5.8386
Generation: 376 69.4083 185.3537 62.7307 5.1375
Generation: 377 69.5091 185.4544 62.0297 5.7675
Generation: 378 69.5934 185.5390 62.1899 5.6664
Generation: 379 70.5549 186.3923 61.2668 6.1833
Generation: 380 70.6650 186.5025 62.7375 5.8841
Generation: 381 69.5723 185.5181 61.6202 5.5546
Generation: 382 70.6182 186.4553 61.9922 5.5098
Generation: 383 69.6433 185.5886 62.2803 6.1700
Generation: 384 69.4679 185.4142 62.3483 4.7431
Generation: 385 69.6115 185.5543 61.4295 6.1648
Generation: 386 69.4384 185.3846 61.7397 6.6138
Generation: 387 70.5067 186.3400 61.1537 6.7398
Generation: 388 70.5004 186.3399 62.9744 5.1499
Generation: 389 69.5160 185.4597 61.2397 5.6706
Generation: 390 70.4834 186.3218 60.9663 6.7239
Generation: 391 69.3674 185.3140 61.1647 6.9070
Generation: 392 69.0918 185.0372 62.4294 5.7538
Generation: 393 69.5227 185.4647 61.6906 6.0745
Generation: 394 70.4485 186.2863 63.7797 4.9318
Generation: 395 69.4978 185.4439 61.9540 5.8275
Generation: 396 69.4471 185.3909 62.4925 5.7860
Generation: 397 69.3375 185.2839 62.6629 5.7150
Generation: 398 69.7370 185.6977 61.6415 7.1599
Generation: 399 69.5218 185.4662 61.9276 6.8322
Generation: 400 69.4325 185.3722 62.1531 5.6317
Generation: 401 69.4058 185.3516 62.7413 5.3155
Generation: 402 69.3089 185.2544 64.0284 4.5266
Generation: 403 69.3577 185.3030 64.0867 4.6592
Generation: 404 69.4673 185.4126 63.5938 5.0356
Generation: 405 70.5607 186.3984 63.4185 5.6086
Generation: 406 70.6651 186.4979 63.8381 4.8853
Generation: 407 70.7301 198.5629 62.4540 6.4517
Generation: 408 69.6583 185.5972 62.6191 5.6714
Generation: 409 69.3683 185.3134 61.5611 6.3614
Generation: 410 69.5561 185.4988 63.1656 5.6746
Generation: 411 69.3479 185.2909 63.1791 5.4037
Generation: 412 69.4381 185.3846 63.5738 3.9429
Generation: 413 69.3292 185.2739 63.2259 5.2790
Generation: 414 70.8748 186.7058 63.0597 6.1984
Generation: 415 71.5161 199.2472 63.1869 4.9528
Generation: 416 70.6731 198.5063 63.0477 6.2273
Generation: 417 70.6795 186.5191 62.0633 6.2159
Generation: 418 70.6785 186.5163 62.5259 6.0115
Generation: 419 70.5480 186.3853 63.1672 5.5308
Generation: 420 69.4618 185.4080 62.4180 5.5182
Generation: 421 69.3116 185.2546 62.9720 5.1232
Generation: 422 70.4969 186.3352 63.7756 5.3338
Generation: 423 70.8245 186.6553 63.2472 4.9006
Generation: 424 70.6305 186.4659 63.4099 5.2647
Generation: 425 69.4315 185.3779 62.4889 5.8204
Generation: 426 69.4844 185.4308 64.3437 3.6787
Generation: 427 70.4919 186.3255 62.5970 5.7978
Generation: 428 69.5232 185.4684 63.5690 5.2526
Generation: 429 69.6571 185.6009 63.5622 4.7086
Generation: 430 70.7368 186.5717 62.1343 6.2872
Generation: 431 69.4069 185.3503 63.5993 4.4473
Generation: 432 69.5727 185.5150 63.7674 4.7285
Generation: 433 70.7109 186.5459 63.4424 5.5595
Generation: 434 69.6482 185.5930 62.4647 5.6155
Generation: 435 70.6119 186.4472 63.3190 6.0123
Generation: 436 69.7035 185.6481 63.0064 5.3020
Generation: 437 69.6340 185.5789 62.3102 5.7843
Generation: 438 69.6160 185.5617 63.6855 4.6585
Generation: 439 69.5180 185.4634 63.3783 5.0549
Generation: 440 69.4818 185.4271 62.2525 5.7780
Generation: 441 69.7062 185.6486 62.7442 5.7081
Generation: 442 69.2573 185.2035 61.9918 6.0621
Generation: 443 70.7527 186.5895 62.1828 5.5337
Generation: 444 69.6000 185.5457 63.1276 4.9566
Generation: 445 69.6441 185.5893 62.0010 5.7447
Generation: 446 70.5165 186.3548 63.7105 4.6564
Generation: 447 69.6434 185.5874 62.7157 5.7951
Generation: 448 69.4550 185.4016 62.7201 4.7527
Generation: 449 70.5667 186.4021 63.2441 5.1687
Generation: 450 70.8338 186.6671 62.3438 6.0726
Generation: 451 70.7135 186.5507 63.7173 4.5750
Generation: 452 70.7822 186.6191 63.9630 5.0939
Generation: 453 70.7948 186.6312 63.8719 4.5624
Generation: 454 70.6950 186.5330 62.8346 5.7721
Generation: 455 70.7249 186.5575 65.2197 3.7864
Generation: 456 69.8085 185.7527 64.2266 4.0287
Generation: 457 69.8578 185.8030 63.5417 4.1302
Generation: 458 70.6013 186.4391 64.4285 4.6348
Generation: 459 69.4773 185.4188 63.4748 4.6640
Generation: 460 70.4503 186.2819 63.1567 5.0165
Generation: 461 70.6188 186.4539 62.9411 5.3126
Generation: 462 69.7554 185.6936 63.7382 5.0150
Generation: 463 70.6585 186.4963 63.0427 6.0903
Generation: 464 70.6601 186.4966 63.4926 4.9666
Generation: 465 69.5794 185.5212 63.3354 5.1752
Generation: 466 70.6553 186.4920 63.7159 4.4588
Generation: 467 70.5882 186.4235 61.1156 6.5887
Generation: 468 70.7419 198.5741 63.5733 5.3524
Generation: 469 70.9385 198.7654 62.9011 5.2425
Generation: 470 70.5936 186.4319 63.9481 4.9560
Generation: 471 70.6813 186.5152 63.8117 5.2783
Generation: 472 70.7303 198.5591 64.1406 4.9300
Generation: 473 69.5375 185.4808 64.5779 3.8502
Generation: 474 70.7326 186.5640 63.6813 4.4972
Generation: 475 69.4718 185.4143 63.6597 4.7680
Generation: 476 69.5969 185.5418 64.1175 5.1725
Generation: 477 70.7556 198.5873 64.6337 4.1523
Generation: 478 71.6318 199.3591 64.4647 4.9884
Generation: 479 69.7281 185.6623 63.9150 4.5158
Generation: 480 70.6845 186.5121 64.3501 4.2995
Generation: 481 69.5632 185.5064 64.0504 5.1752
Generation: 482 70.5878 198.4166 63.7317 5.7181
Generation: 483 70.7868 186.6174 62.7990 5.3802
Generation: 484 70.4928 198.3216 63.1899 5.6953
Generation: 485 71.9322 199.6559 63.9208 4.6836
Generation: 486 71.4293 199.1566 64.7702 4.1981
Generation: 487 70.5203 198.3491 63.6518 5.3278
Generation: 488 70.9632 198.7908 64.9417 4.5763
Generation: 489 70.6128 198.4416 64.7787 4.1661
Generation: 490 70.9085 198.7362 64.2354 4.8644
Generation: 491 70.6381 198.4746 64.8783 4.0985
Generation: 492 70.6818 198.5103 64.4778 4.5005
Generation: 493 71.5433 199.2710 64.8629 4.0299
Generation: 494 71.6884 199.4151 65.3165 4.2047
Generation: 495 70.5872 198.4199 63.8111 5.1643
Generation: 496 70.5814 198.4133 63.9755 4.5941
Generation: 497 71.7788 199.5016 64.9571 4.0251
Generation: 498 70.7003 198.5291 64.5754 4.5630
Generation: 499 70.6868 198.5153 64.8980 4.2521
Generation: 500 70.8832 198.7133 64.9302 3.9957
Generation: 501 71.7485 199.4747 64.8634 4.2261
Generation: 502 70.7622 198.5891 65.5942 3.3886
Generation: 503 71.9243 199.6431 66.3453 2.8402
Generation: 504 70.8248 198.6554 65.2687 3.6899
Generation: 505 70.6277 198.4606 65.2521 4.5168
Generation: 506 70.6279 198.4558 65.7421 3.3720
Generation: 507 70.8110 198.6379 66.4180 3.1402
Generation: 508 70.7654 198.5984 66.2655 2.9675
Generation: 509 71.1949 198.9248 66.6017 3.2674
Generation: 510 71.6592 199.3876 66.7923 3.5259
Generation: 511 70.7386 198.5712 66.4198 3.3690
Generation: 512 70.8994 198.7263 65.5321 3.7931
Generation: 513 71.4448 199.1720 65.9730 3.5893
Generation: 514 70.6793 198.5078 66.1505 3.8170
Generation: 515 71.3587 199.0886 65.2072 4.4846
Generation: 516 70.6585 198.4930 65.9175 3.3440
Generation: 517 70.6145 198.4433 66.0245 2.9789
Generation: 518 70.7349 198.5667 66.2261 3.4512
Generation: 519 71.4814 199.2115 66.6816 2.5701
Generation: 520 71.3958 199.1252 65.9793 3.5151
Generation: 521 70.6909 198.5216 65.4339 3.9029
Generation: 522 70.8280 198.6605 66.5596 2.8295
Generation: 523 70.6206 198.4483 65.5671 3.5465
Generation: 524 71.7129 199.4391 65.9274 4.3902
Generation: 525 71.3455 199.0724 66.5657 3.0169
Generation: 526 70.7205 198.5535 66.4209 3.3415
Generation: 527 70.8669 198.6953 66.2214 3.7092
Generation: 528 70.7079 198.5358 66.1414 3.4036
Generation: 529 70.8880 198.7179 66.0994 3.6014
Generation: 530 71.7835 199.5107 65.6779 3.8777
Generation: 531 71.4236 199.1514 65.8040 3.9540
Generation: 532 71.1683 198.8913 65.6885 3.8181
Generation: 533 71.6261 199.3545 66.6984 3.1605
Generation: 534 70.9964 198.7244 66.3165 3.2699
Generation: 535 71.7532 199.4774 65.8824 4.4585
Generation: 536 71.7533 199.4807 65.7192 4.3761
Generation: 537 71.5838 199.3101 66.3102 3.1255
Generation: 538 71.8692 199.5914 65.8976 3.8585
Generation: 539 71.8361 199.5602 65.2430 4.9500
Generation: 540 71.8572 199.5819 65.8804 3.7800
Generation: 541 71.7055 199.4357 66.0484 4.6824
Generation: 542 71.8429 199.5686 65.5259 5.0660
Generation: 543 71.7850 199.5124 65.2304 4.8935
Generation: 544 72.0091 199.7333 64.8549 4.6192
Generation: 545 71.7115 199.4360 65.5153 4.5791
Generation: 546 71.4220 199.1498 65.3960 4.0084
Generation: 547 71.7497 199.4768 66.1014 3.9659
Generation: 548 71.6465 199.3734 66.8606 3.0500
Generation: 549 71.6319 199.3593 66.2162 3.9304
Generation: 550 71.5707 199.2975 65.7927 4.5541
Generation: 551 71.7840 199.5090 65.8439 5.1678
Generation: 552 71.8590 199.5842 65.7259 4.6696
Generation: 553 71.8906 199.6141 66.3416 3.9592
Generation: 554 71.8886 199.6129 66.4630 4.0544
Generation: 555 71.9516 199.6757 66.1859 4.2839
Generation: 556 71.7829 199.5086 65.7664 4.7574
Generation: 557 70.7554 198.5862 66.3887 4.8131
Generation: 558 71.9027 199.6269 66.7555 3.7152
Generation: 559 71.8566 199.5824 65.1121 6.3380
Generation: 560 71.8433 199.5663 66.3214 4.1802
Generation: 561 71.9529 199.6776 66.0251 5.2076
Generation: 562 72.0614 199.7870 65.4822 5.3562
Generation: 563 71.4551 199.1824 65.2466 4.9715
Generation: 564 71.7320 199.4570 65.8917 4.4116
Generation: 565 71.5774 199.3082 65.5883 5.3510
Generation: 566 71.7403 199.4670 66.6147 3.9419
Generation: 567 71.6886 199.4111 65.9362 4.4861
Generation: 568 71.7242 199.4454 66.0672 4.3504
Generation: 569 71.7265 199.4515 66.4922 3.9912
Generation: 570 72.0009 199.7223 66.9654 4.0393
Generation: 571 71.8624 199.5865 65.8176 4.3569
Generation: 572 71.8880 199.6124 65.8784 5.2920
Generation: 573 71.7938 199.5210 67.1878 3.6929
Generation: 574 71.8559 199.5829 65.2361 5.0813
Generation: 575 72.1120 199.8383 64.8949 5.3310
Generation: 576 71.6374 199.3632 65.5991 4.0012
Generation: 577 71.9689 199.6919 66.6466 4.6636
Generation: 578 71.9910 199.7172 66.0305 4.8584
Generation: 579 71.8491 199.5749 66.2136 4.1091
Generation: 580 71.7137 199.4385 66.8628 3.3917
Generation: 581 71.7778 199.5045 66.1114 4.6799
Generation: 582 71.7364 199.4626 66.0926 4.5967
Generation: 583 71.6460 199.3737 65.4456 5.3022
Generation: 584 71.9176 199.6431 65.8400 4.1703
Generation: 585 71.7504 199.4796 65.6027 4.3641
Generation: 586 71.7984 199.5241 65.4796 5.2342
Generation: 587 71.8923 199.6183 65.5969 4.4312
Generation: 588 71.9733 199.6956 65.1676 5.0317
Generation: 589 71.7961 199.5220 65.2218 4.9944
Generation: 590 71.7495 199.4758 65.9797 4.9066
Generation: 591 71.9140 199.6391 65.2051 5.9353
Generation: 592 71.7751 199.4995 65.7206 4.6214
Generation: 593 71.7388 199.4653 65.7280 5.0240
Generation: 594 71.5089 199.2375 64.8972 6.8490
Generation: 595 71.7899 199.5123 66.2476 4.1516
Generation: 596 71.7541 199.4807 66.0657 4.4674
Generation: 597 71.6244 199.3544 66.6036 3.8714
Generation: 598 71.7181 199.4433 66.6082 3.9268
Generation: 599 71.9155 199.6412 66.3691 4.5499
Generation: 600 71.9801 199.7012 66.7580 3.4980
Generation: 601 71.7303 199.4590 66.4523 4.2942
Generation: 602 71.9045 199.6290 65.5412 4.7463
Generation: 603 72.0072 199.7337 66.2610 4.0036
Generation: 604 71.8774 199.6057 66.6007 3.9182
Generation: 605 71.8315 199.5574 65.8526 4.1209
Generation: 606 71.7630 199.4892 66.8508 3.7775
Generation: 607 71.8225 199.5418 66.9666 3.2941
Generation: 608 71.8781 199.6041 66.6820 3.8254
Generation: 609 71.7894 199.5153 66.4581 4.3809
Generation: 610 71.9017 199.6262 66.6380 3.8630
Generation: 611 71.8135 199.5387 66.7934 3.7025
Generation: 612 71.8492 199.5748 66.6721 3.9009
Generation: 613 72.5913 200.2077 66.5393 3.7681
Generation: 614 71.7648 199.4899 66.5561 3.8643
Generation: 615 71.6989 199.4225 67.3401 3.4630
Generation: 616 71.7798 199.5049 66.9933 3.7849
Generation: 617 71.8227 199.5496 66.8863 3.7474
Generation: 618 71.9674 199.6898 66.8788 3.8162
Generation: 619 71.9400 199.6637 66.6648 4.3465
Generation: 620 71.7503 199.4777 66.8876 3.2206
Generation: 621 71.8394 199.5645 67.8430 3.0228
Generation: 622 71.8520 199.5761 67.5102 3.5542
Generation: 623 71.8682 199.5923 67.3659 3.4466
Generation: 624 71.9680 199.6915 67.1391 3.4055
Generation: 625 71.7944 199.5195 67.3230 3.8955
Generation: 626 71.8256 199.5502 66.7646 3.8397
Generation: 627 71.8626 199.5870 66.9213 3.4424
Generation: 628 71.8079 199.5326 67.6116 3.4238
Generation: 629 71.7723 199.4974 67.6477 3.1423
Generation: 630 71.9838 199.7058 67.4192 4.4911
Generation: 631 71.8335 199.5605 67.2452 4.0643
Generation: 632 71.9329 199.6559 67.8488 3.5800
Generation: 633 71.8448 199.5700 68.2666 2.8348
Generation: 634 71.7772 199.5040 67.2998 3.7811
Generation: 635 71.8258 199.5505 67.4492 3.7064
Generation: 636 71.8601 199.5850 68.0588 3.6545
Generation: 637 71.8180 199.5425 67.2165 3.4727
Generation: 638 71.9232 199.6489 68.4391 3.2068
Generation: 639 71.9182 199.6423 67.8926 3.4740
Generation: 640 71.7899 199.5157 68.0536 3.6169
Generation: 641 71.9108 199.6338 67.3833 3.8209
Generation: 642 73.8613 201.3693 68.6069 3.1205
Generation: 643 71.8684 199.5904 68.4251 3.3803
Generation: 644 72.7687 200.3861 68.0614 3.4034
Generation: 645 71.8269 199.5520 68.1665 3.5479
Generation: 646 73.8205 201.3309 68.0583 3.5260
Generation: 647 72.8429 200.4560 68.7448 3.0694
Generation: 648 72.9828 200.6020 68.5280 3.2028
Generation: 649 72.9611 200.5766 68.0990 3.9091
Generation: 650 71.9749 199.6973 67.9888 3.7406
Generation: 651 71.9398 199.6632 68.5109 3.3084
Generation: 652 71.9896 199.7131 68.1894 3.1823
Generation: 653 71.9171 199.6416 68.5065 2.9673
Generation: 654 71.9483 199.6713 68.7880 2.6779
Generation: 655 72.0680 199.7889 68.5594 3.3173
Generation: 656 72.1930 199.9139 68.5492 2.9786
Generation: 657 71.9578 199.6828 68.7053 2.8041
Generation: 658 71.9242 199.6465 68.5255 3.1788
Generation: 659 71.9909 199.7129 68.3346 3.3293
Generation: 660 71.9412 199.6642 67.7273 3.8930
Generation: 661 71.9954 199.7212 68.7416 3.3165
Generation: 662 71.8823 199.6075 68.7482 2.6834
Generation: 663 71.9183 199.6413 69.0534 2.7547
Generation: 664 72.0053 199.7277 68.9201 2.8672
Generation: 665 71.9504 199.6755 68.9848 2.7449
Generation: 666 72.0079 199.7309 68.4255 3.1744
Generation: 667 72.9846 200.6013 68.9479 2.9323
Generation: 668 71.9683 199.6930 68.4458 4.1108
Generation: 669 71.9854 199.7084 68.9407 2.8626
Generation: 670 71.9604 199.6827 67.9546 3.3006
Generation: 671 72.8695 200.4887 68.3286 3.7019
Generation: 672 73.8969 201.4062 68.8270 3.0118
Generation: 673 71.9514 199.6779 67.9009 3.3734
Generation: 674 71.9875 199.7105 68.1859 3.2646
Generation: 675 72.0288 199.7508 68.6987 3.5188
Generation: 676 71.9525 199.6787 68.6431 3.0101
Generation: 677 71.9722 199.6980 68.0480 3.7641
Generation: 678 73.0964 200.7097 68.1400 3.3283
Generation: 679 71.8924 199.6148 68.5641 3.5203
Generation: 680 71.9259 199.6479 68.6802 3.3085
Generation: 681 72.0209 199.7429 68.2767 3.5567
Generation: 682 71.9763 199.6983 68.2101 3.6980
Generation: 683 71.8594 199.5836 68.2377 3.4789
Generation: 684 74.0264 201.5360 68.9085 2.8954
Generation: 685 71.9754 199.7001 69.1548 2.6535
Generation: 686 71.8664 199.5907 68.2805 3.5343
Generation: 687 72.0190 199.7440 68.6407 3.2987
Generation: 688 71.9533 199.6780 68.9705 2.5981
Generation: 689 72.0513 199.7733 68.0799 3.6438
Generation: 690 71.8759 199.5979 68.1487 3.3459
Generation: 691 71.9525 199.6787 68.1671 3.2408
Generation: 692 71.8920 199.6168 68.6440 3.2325
Generation: 693 71.9709 199.6953 68.9645 3.1211
Generation: 694 71.9070 199.6318 68.7156 3.1732
Generation: 695 73.7647 201.2726 68.6542 2.9955
Generation: 696 72.0055 199.7275 67.8206 3.8313
Generation: 697 71.9613 199.6833 68.4580 3.4942
Generation: 698 73.0378 200.6533 69.1228 3.0574
Generation: 699 74.0576 201.5643 68.6793 3.2186
Generation: 700 72.0963 199.8183 68.6968 3.1488
Generation: 701 71.9449 199.6673 68.2821 3.0667
Generation: 702 71.8674 199.5915 68.1140 3.7291
Generation: 703 71.9824 199.7048 68.7978 3.1336
Generation: 704 72.0704 199.7919 68.4476 3.0432
Generation: 705 73.8264 201.3357 68.4644 2.9343
Generation: 706 71.9645 199.6898 68.9466 3.1866
Generation: 707 72.8817 200.4974 68.4606 3.2538
Generation: 708 71.9867 199.7097 68.8946 3.2086
Generation: 709 71.9461 199.6677 69.3685 2.7332
Generation: 710 74.1224 201.6265 68.6726 3.9423
Generation: 711 71.9821 199.7085 68.6408 3.1165
Generation: 712 72.0476 199.7723 67.6210 3.6976
Generation: 713 73.6554 201.1639 68.7666 3.3627
Generation: 714 71.8647 199.5919 68.3975 3.7728
Generation: 715 72.0071 199.7317 68.0291 3.8561
Generation: 716 72.0010 199.7278 68.2644 3.7948
Generation: 717 72.0378 199.7602 68.0334 3.3626
Generation: 718 72.0423 199.7658 68.2001 4.3126
Generation: 719 72.0098 199.7350 68.5414 3.5560
Generation: 720 71.9264 199.6492 68.7840 3.3480
Generation: 721 71.8995 199.6258 68.6824 3.4877
Generation: 722 71.9571 199.6829 68.1851 3.3451
Generation: 723 72.0847 199.8077 68.8163 3.1178
Generation: 724 72.0617 199.7848 68.4683 3.1077
Generation: 725 71.9613 199.6860 68.7423 3.2005
Generation: 726 72.0024 199.7265 68.9793 3.4229
Generation: 727 72.0941 199.8165 68.5911 3.6332
Generation: 728 73.0270 200.6435 68.8420 3.4354
Generation: 729 71.9717 199.6973 67.7644 3.8254
Generation: 730 74.2966 201.8014 68.3999 4.0166
Generation: 731 73.1818 200.7938 68.1635 3.5673
Generation: 732 72.2319 199.9535 67.5587 3.9940
Generation: 733 72.1643 199.8864 69.0901 3.4391
Generation: 734 72.1005 199.8234 68.6521 3.3084
Generation: 735 74.0172 201.5223 68.3897 3.6104
Generation: 736 72.0343 199.7564 68.4931 3.9807
Generation: 737 72.0742 199.7956 68.3291 3.7012
Generation: 738 72.0247 199.7464 68.3602 3.8045
Generation: 739 72.0420 199.7668 68.5868 3.5101
Generation: 740 72.0843 199.8064 68.6763 3.7579
Generation: 741 72.0906 199.8136 67.9570 3.8642
Generation: 742 72.1480 199.8689 67.4999 3.8477
Generation: 743 72.0935 199.8164 69.0728 2.9060
Generation: 744 72.1765 199.8990 68.4150 3.6120
Generation: 745 72.1077 199.8303 68.1947 3.8472
Generation: 746 72.0953 199.8215 68.9139 3.7647
Generation: 747 72.0802 199.8043 68.8955 3.1443
Generation: 748 72.0235 199.7503 68.3890 3.4254
Generation: 749 72.1656 199.8877 68.4176 3.7175
Generation: 750 72.2114 199.9335 68.8647 3.1354
Generation: 751 72.0838 199.8085 68.8141 3.2276
Generation: 752 72.1056 199.8277 68.5241 3.7338
Generation: 753 73.1877 200.8004 68.0953 3.7673
Generation: 754 72.1562 199.8777 68.8790 3.3222
Generation: 755 72.1038 199.8258 68.3768 3.8282
Generation: 756 72.8854 200.4992 68.7265 3.3091
Generation: 757 74.0514 201.5576 68.9589 3.4204
Generation: 758 72.1832 199.9070 67.8628 3.6701
Generation: 759 71.9897 199.7161 67.8781 4.3621
Generation: 760 72.0130 199.7360 68.3429 4.0095
Generation: 761 72.0618 199.7879 68.2718 3.9194
Generation: 762 72.1015 199.8264 68.9313 3.4193
Generation: 763 72.0392 199.7610 68.6274 3.3006
Generation: 764 72.0902 199.8143 68.2389 3.3768
Generation: 765 72.0371 199.7628 68.6862 3.6020
Generation: 766 74.0500 201.5558 68.7098 3.5851
Generation: 767 72.0317 199.7548 68.3734 3.3507
Generation: 768 74.1907 201.6951 68.3574 3.7525
Generation: 769 71.9701 199.6957 67.8680 3.7220
Generation: 770 72.0853 199.8094 68.3350 4.0269
Generation: 771 73.7384 201.2511 68.3286 4.0664
Generation: 772 72.0973 199.8214 68.0699 3.7608
Generation: 773 72.1050 199.8312 68.7321 3.6142
Generation: 774 72.0527 199.7768 68.4341 3.8443
Generation: 775 72.0325 199.7587 69.0462 2.7433
Generation: 776 72.0289 199.7525 68.4189 3.3721
Generation: 777 72.0103 199.7370 68.1739 3.8012
Generation: 778 72.0473 199.7716 68.5166 3.2477
Generation: 779 72.0927 199.8190 68.9972 3.4161
Generation: 780 72.0765 199.8007 68.5223 3.2673
Generation: 781 72.1777 199.8998 69.0068 3.0887
Generation: 782 72.1165 199.8390 68.6373 3.6263
Generation: 783 71.9876 199.7123 68.5036 3.7981
Generation: 784 72.0424 199.7672 69.4821 3.0597
Generation: 785 73.0371 200.6480 69.0621 3.1153
Generation: 786 74.0000 201.5068 68.1866 3.8374
Generation: 787 72.9786 200.5945 69.1387 2.8245
Generation: 788 72.0083 199.7345 68.6896 2.8429
Generation: 789 72.8805 200.4949 69.0705 3.0644
Generation: 790 72.0219 199.7482 68.4412 3.1497
Generation: 791 72.0023 199.7275 68.8817 2.9271
Generation: 792 72.0144 199.7356 68.9900 3.1806
Generation: 793 72.0176 199.7395 68.7913 3.4412
Generation: 794 71.9983 199.7230 68.2224 3.7287
Generation: 795 72.0426 199.7677 68.5384 3.5444
Generation: 796 72.0142 199.7388 68.8505 3.7692
Generation: 797 72.0540 199.7782 67.5553 4.1670
Generation: 798 71.9357 199.6624 68.5925 2.8759
Generation: 799 72.0963 199.8183 68.3620 3.4555
Generation: 800 72.0412 199.7652 68.8436 3.0045
Generation: 801 72.0068 199.7289 69.1945 2.7944
Generation: 802 71.9904 199.7165 68.4848 3.0544
Generation: 803 72.0832 199.8073 68.7584 3.1275
Generation: 804 71.9666 199.6939 68.0713 3.3679
Generation: 805 72.0570 199.7818 68.5531 3.5017
Generation: 806 72.9875 200.6060 68.8212 3.4794
Generation: 807 73.2228 200.8390 68.0930 3.6110
Generation: 808 72.7589 200.3759 68.4019 3.7524
Generation: 809 72.8899 200.5070 68.1759 3.5929
Generation: 810 72.0692 199.7923 67.6284 3.7393
Generation: 811 72.1135 199.8403 69.1308 3.2888
Generation: 812 72.0102 199.7327 68.4316 3.1799
Generation: 813 72.0452 199.7729 68.9732 2.9547
Generation: 814 72.0561 199.7786 68.4563 3.3387
Generation: 815 72.0133 199.7380 68.3811 3.7569
Generation: 816 72.0710 199.7939 68.7069 3.2966
Generation: 817 73.9235 201.4258 68.2066 3.6428
Generation: 818 72.0460 199.7713 68.0598 3.5654
Generation: 819 73.0016 200.6186 68.5921 3.1437
Generation: 820 72.0624 199.7865 67.5263 4.1585
Generation: 821 72.0822 199.8069 68.5461 3.6057
Generation: 822 71.9918 199.7139 69.1588 2.6050
Generation: 823 72.0617 199.7848 68.4682 3.3308
Generation: 824 72.1418 199.8639 68.7242 2.9219
Generation: 825 72.1413 199.8633 68.7800 3.5878
Generation: 826 72.0503 199.7727 68.9785 3.1251
Generation: 827 72.0992 199.8223 68.6830 3.6508
Generation: 828 72.0768 199.8021 68.8531 3.3722
Generation: 829 72.1585 199.8812 69.2094 3.0960
Generation: 830 72.1043 199.8264 69.6649 2.5577
Generation: 831 72.0398 199.7650 68.7685 3.2850
Generation: 832 72.0504 199.7719 69.6336 2.7814
Generation: 833 71.9913 199.7160 69.1476 2.9729
Generation: 834 72.0583 199.7830 69.5204 3.0049
Generation: 835 72.8859 200.5016 69.0303 2.9338
Generation: 836 72.1152 199.8378 69.3532 3.1557
Generation: 837 73.0877 200.7022 68.9807 3.1088
Generation: 838 72.9985 200.6097 69.5517 2.6953
Generation: 839 72.1877 199.9098 69.4503 2.4488
Generation: 840 72.0698 199.7950 68.4984 3.1250
Generation: 841 72.1379 199.8594 68.5058 3.8044
Generation: 842 72.2014 199.9235 69.0734 3.1144
Generation: 843 72.0588 199.7808 68.7982 3.0998
Generation: 844 74.1111 201.6152 68.9136 3.3743
Generation: 845 72.0668 199.7889 68.3053 4.0202
Generation: 846 72.0551 199.7802 68.2916 3.3506
Generation: 847 72.1161 199.8386 68.7475 3.4313
Generation: 848 72.0773 199.8001 68.7256 2.8389
Generation: 849 72.0554 199.7769 68.5948 3.2558
Generation: 850 72.1119 199.8302 69.2067 3.1112
Generation: 851 72.0668 199.7889 69.5175 3.6563
Generation: 852 72.1044 199.8273 69.5687 3.0155
Generation: 853 72.7381 200.3566 69.0933 2.9202
Generation: 854 72.0593 199.7814 69.0725 3.5586
Generation: 855 72.0769 199.8011 68.8854 3.1865
Generation: 856 72.8596 200.4751 69.5871 2.9038
Generation: 857 73.0555 200.6683 69.1077 2.7227
Generation: 858 72.0029 199.7287 68.9675 3.3120
Generation: 859 72.0881 199.8106 69.3068 3.2209
Generation: 860 72.0177 199.7403 68.9812 3.4694
Generation: 861 72.0874 199.8115 69.3111 2.8153
Generation: 862 72.1643 199.8864 68.5991 3.4651
Generation: 863 72.0686 199.7915 68.0932 3.8084
Generation: 864 72.1047 199.8294 68.9436 3.3676
Generation: 865 72.0792 199.8006 68.2487 4.4124
Generation: 866 72.0775 199.8023 69.0279 3.2494
Generation: 867 72.0679 199.7928 69.1097 3.0324
Generation: 868 75.0675 202.4636 69.5309 2.8559
Generation: 869 72.0323 199.7575 69.4346 2.9365
Generation: 870 72.1240 199.8465 69.0726 3.3888
Generation: 871 72.0734 199.7954 69.4004 3.3767
Generation: 872 72.1452 199.8678 70.0247 2.5115
Generation: 873 72.1264 199.8485 69.5336 3.0922
Generation: 874 72.1077 199.8303 69.3578 3.1741
Generation: 875 72.0773 199.8025 69.2487 2.8156
Generation: 876 72.7059 200.3258 69.3639 2.9431
Generation: 877 72.1718 199.8939 69.3481 3.0650
Generation: 878 72.9302 200.5473 69.0547 2.7864
Generation: 879 72.1268 199.8489 69.4110 3.2412
Generation: 880 72.0856 199.8108 68.8440 3.2445
Generation: 881 74.0897 201.5995 69.5343 2.9113
Generation: 882 73.9434 201.4504 69.4657 2.7944
Generation: 883 72.1529 199.8744 69.3984 2.8793
Generation: 884 72.1113 199.8333 69.4152 2.9174
Generation: 885 72.8905 200.5016 69.2503 2.7886
Generation: 886 72.1677 199.8903 69.6084 2.9751
Generation: 887 72.1705 199.8914 69.8545 2.7624
Generation: 888 72.8734 200.4921 69.7119 3.0839
Generation: 889 74.1193 201.6277 69.3982 2.8929
Generation: 890 72.8675 200.4848 69.0486 3.1959
Generation: 891 72.8067 200.4236 69.2424 2.8998
Generation: 892 72.1165 199.8390 70.2162 2.2485
Generation: 893 72.1409 199.8629 69.7041 2.5863
Generation: 894 72.0525 199.7772 69.1894 2.9429
Generation: 895 72.1118 199.8339 69.3643 2.6133
Generation: 896 72.1343 199.8564 69.5821 2.5694
Generation: 897 72.1152 199.8378 69.1517 2.7470
Generation: 898 72.1170 199.8418 69.7465 2.5018
Generation: 899 72.1315 199.8540 68.9222 3.3438
Generation: 900 72.1452 199.8678 69.1627 3.2218
Generation: 901 72.8829 200.5005 69.6566 2.7093
Generation: 902 72.1943 199.9164 69.5072 2.9803
Generation: 903 72.0951 199.8198 69.0416 3.1860
Generation: 904 72.8537 200.4710 69.4238 3.0393
Generation: 905 72.0888 199.8108 68.5891 3.3913
Generation: 906 72.1352 199.8573 68.9232 3.1732
Generation: 907 72.1606 199.8835 69.2473 3.0652
Generation: 908 72.1731 199.8952 69.0476 3.0599
Generation: 909 72.1390 199.8615 69.2547 3.6361
Generation: 910 73.1188 200.7327 69.3258 3.0665
Generation: 911 72.1436 199.8656 68.9547 3.2747
Generation: 912 72.1661 199.8881 69.5024 3.0219
Generation: 913 72.0726 199.7973 69.3445 2.8969
Generation: 914 72.0951 199.8187 69.2139 3.1036
Generation: 915 72.1263 199.8483 69.5836 2.7690
Generation: 916 72.1448 199.8674 69.6138 2.4315
Generation: 917 72.1410 199.8645 69.4819 2.7917
Generation: 918 74.2293 201.7369 69.5830 3.0458
Generation: 919 72.1594 199.8820 69.8167 2.5733
Generation: 920 72.1490 199.8741 69.5462 2.8205
Generation: 921 72.1268 199.8489 69.5463 2.7312
Generation: 922 74.0066 201.5082 69.4698 3.0725
Generation: 923 73.0065 200.6239 69.1961 3.4754
Generation: 924 72.1501 199.8748 69.1802 3.1109
Generation: 925 72.1038 199.8285 69.3748 3.0369
Generation: 926 72.1377 199.8603 69.3779 3.9847
Generation: 927 72.9126 200.5328 70.1214 2.5859
Generation: 928 72.1165 199.8390 69.5465 2.3421
Generation: 929 72.2018 199.9239 69.5331 2.9544
Generation: 930 72.1744 199.8970 69.1592 3.8761
Generation: 931 72.1268 199.8489 69.8611 2.4487
Generation: 932 72.1527 199.8753 69.8525 2.2427
Generation: 933 72.1881 199.9102 69.7989 2.6884
Generation: 934 72.1643 199.8864 69.5115 3.4749
Generation: 935 72.1050 199.8297 69.0344 2.9663
Generation: 936 73.2769 200.8896 70.1174 3.0454
Generation: 937 72.1030 199.8277 69.7832 2.5679
Generation: 938 72.1793 199.9014 69.6019 2.3912
Generation: 939 73.8727 201.3845 70.0286 2.5036
Generation: 940 72.1065 199.8291 70.0327 2.7462
Generation: 941 72.0888 199.8135 69.7415 2.9581
Generation: 942 72.1977 199.9203 70.3868 2.1816
Generation: 943 72.1806 199.9027 70.0666 2.0906
Generation: 944 72.1443 199.8664 69.3284 3.4522
Generation: 945 72.2031 199.9252 70.1038 4.1760
Generation: 946 72.1604 199.8819 69.9969 2.4459
Generation: 947 74.2472 201.7544 70.1906 2.4396
Generation: 948 74.3165 201.8224 69.3515 2.5811
Generation: 949 72.1527 199.8753 69.7010 2.4161
Generation: 950 72.1943 199.9164 70.0613 2.5522
Generation: 951 72.1626 199.8873 69.2656 2.6937
Generation: 952 72.1538 199.8760 69.6861 2.7156
Generation: 953 72.0963 199.8210 69.7115 2.7717
Generation: 954 72.1221 199.8469 69.9282 2.4915
Generation: 955 72.1827 199.9053 69.9475 2.5458
Generation: 956 72.1643 199.8864 69.8696 2.0168
Generation: 957 72.1501 199.8756 70.0259 2.3686
Generation: 958 72.1281 199.8502 70.2594 2.0111
Generation: 959 72.1902 199.9128 69.4439 2.5711
Generation: 960 72.2018 199.9239 70.2509 2.0271
Generation: 961 72.1815 199.9041 70.1072 2.2867
Generation: 962 72.1423 199.8650 69.9607 2.2844
Generation: 963 72.1868 199.9089 70.1811 2.1134
Generation: 964 72.1868 199.9089 70.6021 1.6120
Generation: 965 72.1902 199.9128 69.7640 2.3358
Generation: 966 72.2093 199.9314 70.6261 1.6040
Generation: 967 72.1568 199.8789 70.0619 2.2641
Generation: 968 72.1550 199.8785 70.6524 1.7831
Generation: 969 72.1718 199.8939 70.5565 1.9653
Generation: 970 72.1738 199.8960 70.4737 1.6913
Generation: 971 72.1868 199.9089 69.9704 1.9424
Generation: 972 72.1643 199.8864 70.0800 2.2412
Generation: 973 72.1493 199.8714 70.2215 1.9891
Generation: 974 72.2168 199.9389 70.2016 2.0698
Generation: 975 72.1752 199.8978 70.0114 2.6658
Generation: 976 72.1665 199.8891 70.1795 2.1969
Generation: 977 74.1609 201.6690 70.4088 2.1981
Generation: 978 72.1493 199.8714 70.3765 2.4470
Generation: 979 72.1604 199.8819 70.3752 2.2356
Generation: 980 72.1943 199.9164 70.8152 1.7262
Generation: 981 72.1594 199.8820 70.4423 2.3239
Generation: 982 72.1658 199.8887 69.8268 4.8985
Generation: 983 72.2018 199.9239 70.4414 1.8951
Generation: 984 72.1943 199.9164 70.0184 2.5163
Generation: 985 72.1343 199.8564 70.1470 5.8519
Generation: 986 72.1602 199.8828 70.1143 2.3549
Generation: 987 72.1826 199.9056 70.3624 1.9543
Generation: 988 72.2243 199.9464 70.4446 2.2984
Generation: 989 72.1590 199.8816 70.5503 2.2546
Generation: 990 72.1793 199.9014 70.2381 2.0896
Generation: 991 72.1983 199.9169 70.4968 2.1693
Generation: 992 72.2427 199.9648 70.3245 1.9818
Generation: 993 72.1752 199.8978 70.4950 1.9177
Generation: 994 72.2018 199.9239 69.9320 2.5883
Generation: 995 72.1956 199.9177 70.3118 2.2777
Generation: 996 72.2093 199.9314 70.4990 1.8697
Generation: 997 72.2243 199.9464 70.6566 1.7664
Generation: 998 72.2168 199.9389 69.6472 3.1504
Generation: 999 72.2310 199.9531 70.3248 2.4589
