2.876742303336086160e-01
-9.559415122597584302e-01
-8.885750868715027728e-01
-5.926903430748224899e-01
9.108956039623888890e-05
-2.367062789119195321e-01
-6.769769856043168499e-01
-8.105409002195747004e-01
2.501432532796519781e-01
5.384049490985365338e-01
2.922541906582527826e-02
-6.036320187121730907e-01
3.036144277546169723e-02
3.588154650714785870e-02
-8.089202451352699441e-01
2.433258598710896503e-01
5.714225647723107926e-01
-7.666338072331252418e-01
3.130158305217882742e-01
2.131753132028211262e-01
6.821018236734277540e-01
2.295727872257293523e-01
1.824480692434095053e-01
-3.058768350654703649e-01
-9.264547783066725550e-01
-5.438367190383059935e-01
8.024748373729291284e-01
-5.027879560078785115e-01
-1.105740399040026772e-01
2.032834240028763215e-03
1.000000000000000000e+00
2.547010363903465247e-01
8.448117314980185810e-01
-2.810255460343520362e-01
-5.661806448988295770e-01
-9.932296892470841021e-01
2.790064377107892568e-01
3.619026804923009544e-01
9.678095266256420137e-01
-4.733842736063113010e-01
-6.686769804425758412e-01
-4.534371291113252767e-01
4.404294993468551023e-01
4.414487385413979337e-01
5.854993980159561850e-01
-3.227462198988702013e-01
-6.764014821745381045e-01
8.483687307723610793e-01
-7.163410753918570961e-01
-8.588600963063619531e-01
-4.555919986566979718e-01
-4.593818363379613690e-01
-2.662636673348380834e-01
5.834534003579756600e-01
4.747814036069390731e-02
2.865773590198430476e-01
8.710920790461344765e-02
-6.736124267153699163e-01
9.079993009238985779e-01
-1.023688956175989040e-01
9.864070438764416249e-01
-3.555150696485883111e-01
6.828961379776095075e-01
-5.616482787902522533e-01
-2.510641317112282112e-01
-4.770137570015139938e-02
7.249499801875227689e-01
-1.095867147617472503e-01
-9.927047612127730680e-01
7.596060441209899761e-01
-4.821719164249848033e-01
-6.040942377950588860e-01
7.061918814047655202e-01
-5.370736873396075861e-01
-1.908608008924239097e-01
9.689473818844125397e-01
7.646098954380120549e-01
1.000000000000000000e+00
-8.651646549061988711e-01
-9.856874782995703188e-02
2.130011978380887405e-01
-1.475464108596395429e-01
-6.442781629815420852e-02
-9.091748372768539976e-01
6.328919340289929085e-01
2.404915807778948422e-01
3.302625877316998915e-02
1.811931591176985101e-01
7.767251539333464017e-01
7.378003067377481017e-01
-8.060826351488424857e-01
4.928760609230136702e-01
-4.831939890102621149e-01
1.942009989591549357e-01
-1.212388930158556088e-01
3.451393956050836653e-01
-3.897440824096874978e-01
-3.765254835404052702e-01
4.012411150216250721e-01
-8.224250323629884729e-01
-1.017383056823814580e-01
-7.334400552491160408e-02
-3.301873549533890229e-02
-8.061136478991139942e-01
2.892093505624030447e-01
2.121370384191436365e-01
-1.459907823892747092e-01
8.408997478702189277e-01
-8.541604642636533296e-01
5.447257141395658309e-01
-5.084489050396722581e-03
-5.847865852070325277e-01
-7.168695355367599165e-02
4.798373927991017585e-01
8.803016648503045882e-01
-9.414019934622431807e-01
8.152445485137898018e-01
7.310444868167956800e-01
2.084981948649557992e-01
5.233168048919500243e-03
1.074914848526797584e-01
-6.799789204508209783e-01
5.974252567526127100e-01
-8.685324430620673386e-01
5.986564353879854083e-01
-7.651457940597667928e-01
-8.728826504816513676e-01
-6.777091870068642221e-01
8.194733390333011069e-01
-3.535700127173748708e-01
-7.656814072933604276e-01
9.646938012689671993e-01
7.846272399074444293e-01
9.559230858263066677e-02
8.210405170672008257e-01
5.266862387917111699e-01
9.155053654506628558e-01
4.238257412779547484e-02
-9.170955816199621857e-01
8.489943249809639436e-01
8.380056284309662651e-01
2.353481869567647933e-01
8.913757252328016190e-01
6.465985351355032495e-01
7.699150292077401314e-01
3.468614005422546720e-01
-9.153324556672317591e-01
-9.295758825939288705e-01
2.092197959568301568e-01
5.418748931395860335e-01
2.635705358085835628e-02
2.741205029954414396e-01
8.349107769710831795e-01
9.168985941376734949e-01
9.755809409263611620e-01
8.384933402902801092e-01
2.204304164166744906e-01
7.675060535548940965e-01
7.775935631917749724e-01
-2.814793080829059435e-01
-8.590134211898435845e-01
-5.583421707888611696e-01
7.483510380575811860e-01
8.271804316875603913e-01
-7.962602658974493597e-02
-4.526129252015029802e-01
-5.930387101862751031e-02
5.150005650009028546e-01
-9.216809181546622987e-02
-1.846316212386418243e-01
-9.255061615463091584e-01
7.132989426704439140e-01
8.881536826378371163e-01
9.582193832830500080e-01
-2.061639550315478575e-01
-8.445452612026849160e-01
-8.965159910360138706e-01
-5.834599968055789176e-01
-4.187577367807501227e-01
-6.865242683782594169e-01
3.628395050625863316e-01
6.144278355712435857e-01
5.814637684898238401e-01
-2.439466195525346048e-01
-1.000000000000000000e+00
8.820815955719953916e-01
-2.192467519559122557e-01
-5.483739681960839718e-01
1.478255417102954106e-04
-5.267455438148548330e-01
-3.726948368030964520e-01
-8.450511259419171139e-01
9.630334388515940924e-01
-9.935255715456585701e-01
8.582670904776510401e-01
1.702155045369455333e-01
-8.541017885405184362e-01
6.859017981697974609e-01
8.869695972643087956e-02
-1.029959496372626349e-01
-6.715492253621369034e-01
-6.041722007684517948e-01
4.570727294121847417e-01
-8.044550933380635316e-01
1.879501137572541225e-01
1.530043762079726644e-01
1.807393052043113069e-01
1.486918546059124435e-01
-7.001801181026363619e-01
-3.254854730707041899e-01
-1.711547233245175881e-01
6.458125258228919474e-01
-2.230032314883415301e-01
8.528151771250330748e-01
-2.097947729915721760e-01
7.560320245404028583e-01
2.315726003901554808e-01
-8.768041176601415465e-01
3.446929678361808080e-01
-9.975048216799182743e-01
-7.784703505055102779e-01
9.424758439788163411e-01
2.265369252101330777e-01
-9.537106134901933707e-01
-1.145809854093331748e-01
-8.729360931185929928e-01
-7.581086835011210390e-01
7.432580125789970404e-01
7.362548587264348132e-01
-2.570453613167671403e-01
-2.460661100691654279e-01
3.268206617437515726e-01
3.771201026758090880e-01
-5.517997034790379507e-01
-5.203271914095848327e-01
6.450769335638075752e-01
-2.556274929824400854e-01
8.556195346800663515e-01
-7.737756192160809565e-01
-6.562195294372841214e-01
-6.440150708763006104e-01
7.771945747888263645e-01
2.186175738403416946e-01
-3.782938039831026389e-01
9.691590241588832200e-01
7.433229617105376885e-01
4.007309610383243959e-01
2.764211358813869479e-01
7.931103944164179520e-01
8.257220677504846229e-01
9.895404370534949257e-02
-9.058459049535765306e-01
2.921613456151272437e-01
-9.359267095716383711e-01
-4.384018677610493353e-02
-7.778163249351242037e-01
-1.421250915789105118e-01
-3.093179720876625960e-01
8.121076106971099051e-01
2.175928949549091329e-01
-4.307774255974577970e-01
-9.322172863719968561e-01
-4.915608893815981428e-01
9.984663581106736352e-01
5.522517756305526104e-01
9.276139900407041061e-01
5.969795932762623769e-01
4.939621978453837547e-01
4.759560471495161149e-01
3.780970761017193871e-01
2.263661431127278467e-01
5.057571108909016955e-01
4.167256580524846266e-01
3.934843305583959894e-01
5.790446117620320354e-01
2.503033287333565893e-01
2.920566808641481549e-01
3.814506605409898610e-01
3.560711352467883506e-01
3.059966555761821638e-01
3.950565889185226887e-01
5.329813044537037303e-01
5.520194421726325462e-01
8.474768883140417763e-01
3.118994677609761568e-01
4.776577569930615663e-01
3.203079790280894956e-01
4.963711989656283685e-01
2.359018040143863182e-01
2.420876463046900406e-01
4.059062591889809335e-01
3.710538434182526490e-01
8.679555591874923426e-01
4.561899361342234283e-01
2.976367105327512030e-01
3.310409667229310404e-01
2.588937406177138079e-01
8.743669860486311673e-01
3.803312249584450133e-01
7.235427991191518693e-01
3.025828478425667267e-01
3.994646469288112844e-01
4.423109873064809960e-01
3.600960341173748969e-01
3.819995609220107058e-01
4.097216767477093180e-01
2.759183888298527010e-01
3.508630740246064805e-01
4.888097281422898455e-01
4.221853105603907697e-01
2.236348855574913919e-01
4.753866223484084497e-01
1.975192173036074694e-01
3.393706584013930216e-01
4.631469016445701747e-01
3.500654194330820590e-01
4.705617875251682514e-01
4.363918900606404416e-01
3.564530778341248873e-01
5.150416033835394369e-01
5.204633561048204182e-01
3.429079070192611600e-01
8.708175004768405891e-01
2.477827900360843327e-01
3.277346222534484044e-01
2.952916535812765142e-01
8.984305815649578086e-01
5.623946305353022534e-01
4.928667970670119747e-01
3.279051458780284922e-01
6.164408693310317044e-01
5.937684299429216717e-01
4.368466138210384542e-01
4.846579246090152449e-01
7.345359449600294965e-01
3.805379149239282444e-01
9.054811406294163145e-01
2.112233465280511924e-01
4.226606443931807400e-01
2.860216566668928873e-01
3.187302624733794887e-01
5.452805048859750148e-01
4.891684207688968833e-01
2.718783196567384763e-01
3.110527173172081827e-01
4.926847144223879260e-01
3.162394585608482855e-01
2.738963623144632931e-01
3.952837295548964347e-01
4.917439717705818225e-01
3.207160447167864969e-01
4.080450138655367653e-01
2.893041552194627331e-01
4.473293541438828624e-01
5.310905163601609136e-01
3.756178358027764119e-01
5.019182516674275396e-01
7.062403229967044727e-01
3.400721399636800202e-01
3.839453198016078428e-01
2.764414252020233054e-01
5.235112746845960174e-01
9.601011686730710482e-01
4.177116400660453865e-01
4.234414504658682299e-01
9.494940848764044095e-01
3.215333440236453066e-01
3.374959198601595323e-01
3.081126962280877901e-01
4.157326771084496331e-01
6.004282278369983405e-01
3.608509192308975710e-01
6.089742055134119703e-01
5.085045004778994127e-01
5.125536441159957990e-01
5.163460256098986179e-01
7.702292687931705517e-01
2.418626894217901224e-01
3.411423466298485474e-01
3.074784572933841331e-01
5.639480120528503893e-01
4.434394052917643991e-01
4.094758534598295086e-01
2.180047148727958795e-01
6.013136611663196796e-01
6.439215717013989648e-01
5.189412998303620794e-01
1.151248130658561186e-01
4.680621503908318770e-01
4.386412739815846451e-01
5.120316442111119137e-01
5.268492460928014820e-01
4.105428062734625128e-01
4.684580031834983949e-01
3.444189709321652249e-01
4.064662984556307590e-01
6.254855700216728209e-01
3.362024444020955127e-01
7.535655267752610076e-01
6.716784132743932600e-01
4.800808976345597445e-01
3.704563374164014378e-01
4.372411097468111296e-01
2.650956068595891613e-01
2.497774639861006230e-01
3.962029889350665579e-01
8.413393479724220470e-01
5.393822425214400695e-01
5.488407760457437723e-01
3.412737689691704435e-01
4.387913261089858574e-01
3.085882682472539384e-01
2.924436036462547683e-01
3.329947007561731009e-01
9.166708400561109915e-01
8.709193827204071425e-01
7.935690254961249579e-01
2.958180561673156017e-01
2.865886599478375540e-01
3.755052223012078638e-01
3.621388251477056786e-01
3.683751436414949287e-01
2.556923644792208350e-01
4.626465475106806835e-01
4.530863049177610846e-01
2.455100347873582223e-01
6.204479549081958201e-01
4.584620621351322978e-01
2.463631008286175095e-01
3.080951888747456291e-01
2.540810318540333013e-01
4.405270185455676391e-01
2.761907632129402268e-01
7.433032848237742796e-01
2.525097881851389170e-01
5.472225762316746955e-01
9.471481135063386514e-01
5.156058671325591813e-01
3.230585807327222003e-01
2.737533781044543257e-01
3.608133929325353373e-01
4.681913187974262591e-01
9.076302507772597838e-01
2.842808452136278974e-01
4.961936711583943005e-01
6.485225256828626161e-01
6.027597310567951450e-01
5.214904234235731018e-01
8.871701160561378252e-01
4.160167010529164933e-01
7.007082418651248146e-01
1.610940484433305009e-01
5.295689745409059013e-01
3.864627922435769913e-01
2.550329044963326464e-01
3.828586246260584636e-01
5.310594532622165964e-01
5.419018793710579374e-01
5.014793195201472376e-01
4.943469264213309344e-01
4.264548724486604270e-01
6.506464609058473236e-01
3.936756997721725382e-01
4.174815126680509469e-01
4.638810406067033210e-01
3.083584321583843213e-01
5.218732437599493679e-01
5.161553919848385075e-01
4.306750439555376841e-01
2.924925319684762992e-01
5.342032794938947893e-01
2.763319464193075281e-01
3.910429852011110263e-01
3.401501020140123566e-01
7.660827367281253242e-01
3.439720463249311688e-01
6.812836439242907494e-01
6.786477571406035469e-01
6.713919361407627573e-01
3.251532995128269543e-01
2.919859565237572507e-01
4.012279145113848422e-01
5.467255951733955843e-01
6.680655406640045868e-01
5.885549479157649033e-01
3.969359002070214082e-01
2.048595288766064670e-01
4.532464812920448116e-01
2.569324912075492406e-01
7.560468318927296982e-01
4.872660731907665355e-01
8.980367327322789084e-01
3.800165485644383390e-01
8.525822499826201106e-01
4.284526134279569298e-01
6.020227988166576560e-01
4.525119776190322796e-01
3.630124223442716680e-01
3.115357059539531903e-01
2.286944065372594759e-01
4.291503605731289972e-01
4.000839829210315335e-01
4.195533560963412012e-01
2.258755918563880027e-01
4.131734409336497160e-01
2.983784044204488284e-01
4.956891331306097492e-01
3.367416484651810649e-01
6.598180997905661593e-01
3.422060766932006337e-01
7.385684628099701277e-01
5.731808332741423762e-01
3.735595792507045987e-01
4.873334459344807468e-01
3.580215798293514551e-01
6.449141114713329292e-01
3.073129804377244811e-01
3.949144509535175152e-01
1.638558273246430996e-01
4.265139454505584848e-01
3.824960646919243201e-01
5.708406525956283284e-01
4.667101574104689510e-01
5.711603397862705656e-01
6.805567382691999345e-01
4.679479722153799814e-01
6.034504043379358418e-01
3.662712567041958023e-01
3.193681402291158600e-01
5.177503912058299962e-01
