-2.701135819533999061e-01
-1.000000000000000000e+00
-2.757866858384873665e-01
-6.947417553637348364e-01
-8.477092127984386938e-02
1.000000000000000000e+00
1.000000000000000000e+00
-3.528377415945768147e-01
1.000000000000000000e+00
-6.339181298948448617e-02
-6.282982955557597782e-02
6.184925121612283583e-01
9.674181190396669017e-01
-2.009173375532248562e-01
-2.880272175762347286e-01
-8.300385485102304006e-01
-8.045801033145293379e-01
-1.000000000000000000e+00
-1.000000000000000000e+00
-3.359079355906303688e-01
8.706373099276758509e-01
1.260457698114753056e-02
1.757532762632785239e-01
-4.322121086035189685e-02
4.643667147234664672e-01
-3.310981262345908949e-01
2.553271056954746210e-01
-1.000000000000000000e+00
7.981861116086635954e-01
6.219985085508039635e-01
-2.109201174454000682e-02
-2.667682768353883960e-01
-7.690769627015499044e-01
-4.957275307198799053e-01
-2.710049338336473213e-02
-1.000000000000000000e+00
-2.774966775809613595e-01
-1.311948689521713618e-02
1.096201945899531460e-01
-1.326973563734085149e-02
1.000000000000000000e+00
-3.998167061294118918e-01
-3.079258816430192613e-01
-5.659031344510501160e-01
-9.942472631035722541e-01
-1.000000000000000000e+00
-6.346008369756468426e-01
2.835996054960883139e-01
-3.433424301718545069e-01
9.306705797424495996e-01
-6.369543284996220800e-02
-6.697175613106425285e-01
5.688466448801698938e-02
-1.000000000000000000e+00
8.657594697938302275e-01
-1.000000000000000000e+00
-3.993047095549771552e-01
-1.000000000000000000e+00
3.466431439049824648e-01
7.729040126433498470e-01
-4.069396292217182520e-02
-3.492282244902013555e-01
6.700127543612988124e-01
1.000000000000000000e+00
-7.415151235098651483e-01
-4.208177268906166946e-01
-1.000000000000000000e+00
1.000000000000000000e+00
2.055860405158161930e-01
-1.000000000000000000e+00
1.977296027337173689e-01
6.598527513667968858e-01
1.937754322223004255e-01
-1.000000000000000000e+00
-1.248711215197803592e-03
1.000000000000000000e+00
-8.618553743427890268e-01
-8.613673779324807489e-01
5.647946876338849620e-01
3.245719659328578643e-01
3.615093876794184258e-01
8.235392872224564509e-03
-7.797206175868806044e-01
-1.131519395773190190e-01
1.718370696976683765e-01
1.804163922739039361e-01
-1.429150140429497617e-01
7.892844812795868359e-02
-5.304795140684667176e-01
-9.585063012962329321e-01
1.938311998680766202e-01
-1.000000000000000000e+00
-3.696396705076506750e-01
2.311216430179034165e-01
-1.054115079432170199e-01
1.619970122599031781e-01
-9.261986136451350049e-01
-8.296416401296832777e-02
-9.984752059433537053e-01
1.418172856585986630e-01
7.711383645251635999e-01
1.000000000000000000e+00
5.785222102038153347e-01
5.929216264557241045e-01
1.000000000000000000e+00
-1.000000000000000000e+00
4.167454495406593407e-01
1.000000000000000000e+00
7.082321160666182891e-01
-1.000000000000000000e+00
9.718438921891444648e-01
5.056628962248930215e-01
-1.000000000000000000e+00
-5.598513427777482843e-01
-4.769607861884036515e-01
-4.332880490245383798e-01
-2.494741506402732290e-01
-7.571046829291728786e-01
6.888828161471488576e-01
-7.629250742241211469e-01
1.742834212268664640e-01
1.000000000000000000e+00
2.852622549826649423e-01
-1.058656383782964339e-01
2.143586235635607240e-01
-4.561220630844195489e-01
-2.517403572061593930e-02
-1.000000000000000000e+00
3.867437405949755158e-01
-6.783915532375652813e-01
3.049502236072934025e-01
-2.762451377872448544e-01
-1.436142971261444301e-01
-1.000000000000000000e+00
-1.000000000000000000e+00
6.300603446268598917e-01
-6.872845087690070409e-01
4.399044579021453294e-01
1.000000000000000000e+00
-1.000000000000000000e+00
-1.000000000000000000e+00
8.234692801099692261e-01
-7.712470080959452634e-01
1.625573682382625007e-01
-6.985476417915525982e-01
5.151551400421223725e-01
-5.000106988422725607e-01
1.000000000000000000e+00
-1.000000000000000000e+00
1.000000000000000000e+00
5.401767533804007204e-01
-1.000000000000000000e+00
1.000000000000000000e+00
1.000000000000000000e+00
-1.000000000000000000e+00
5.172923005056875301e-01
-5.442450695928663373e-01
-7.839392980787430742e-01
-1.000000000000000000e+00
-3.576449572527947152e-01
-9.355722726074442441e-01
-1.590419537801383010e-01
-3.762586774222393959e-01
-1.000000000000000000e+00
-4.658557953160300524e-01
1.000000000000000000e+00
2.501554562935320858e-01
-3.147940367155390717e-01
3.260130712292075295e-02
7.204338217740966499e-01
-1.000000000000000000e+00
-1.000000000000000000e+00
9.519244371791549808e-01
-5.547150773682847369e-01
-6.106230410987728563e-01
5.086392306929080620e-01
-1.000000000000000000e+00
-5.750683705939324541e-02
-3.720570083108888926e-01
-1.524694331006817005e-01
8.709805599076707594e-01
-6.915495563103171150e-01
7.177984726460038267e-01
-9.112759917762820461e-01
4.447327300062204891e-01
-1.000000000000000000e+00
6.257984933457581000e-01
7.878527222834785793e-01
-9.341592557091449311e-01
-4.635676415128117678e-02
-1.000000000000000000e+00
-2.218854327647333258e-01
-8.188685863998426129e-01
4.257194386026021959e-01
8.583705597993812608e-02
-5.558256425952006197e-01
-1.000000000000000000e+00
4.714434012508776917e-01
5.702111223921811911e-01
-6.202940473060620796e-01
4.664529056952894659e-01
-4.753490566193897121e-02
-4.050225982606323050e-01
-1.253547031784287835e-01
-4.981175380438918054e-01
-4.020155451267851676e-01
4.220102561243769257e-01
-4.864436000560526940e-01
-5.711867452274879131e-01
2.997697202330935617e-01
1.988097877741715758e-01
3.483042177579313003e-01
4.944536699101723665e-01
2.263823076892637065e-01
-7.122963024496742346e-01
-1.000000000000000000e+00
-7.836709430458348447e-01
1.000000000000000000e+00
4.411662554401468705e-01
1.224407198562448146e-01
-9.840137892365716787e-01
2.091536191353249308e-02
-3.346483580201190522e-01
-7.508125720119587232e-01
-4.513385480777274417e-01
-2.137740122377756180e-01
-1.000000000000000000e+00
-7.929449487307821398e-02
-6.824155815922348101e-01
-3.695145725778105628e-01
1.000000000000000000e+00
1.000000000000000000e+00
-9.412421826817026771e-01
-1.000000000000000000e+00
7.688709262595595506e-01
6.839524967342890394e-01
-1.827087358769872716e-01
-1.000000000000000000e+00
-7.282146496564798066e-02
-1.013781537291897905e-01
-7.064032062585274829e-01
-6.176231815729994468e-01
1.000000000000000000e+00
1.061944077552738064e-01
4.638648845971538037e-01
1.000000000000000000e+00
-5.604475681235758788e-01
3.112178942519740477e-01
2.338819930201166408e-01
-8.193393991109494401e-01
-1.074240607738475017e-01
1.763580275354925675e-01
7.881710923898980203e-01
5.539122151637889679e-01
-1.000000000000000000e+00
1.981317817505812429e-01
4.128984523789235861e-01
1.000000000000000000e+00
4.366065103368330647e-01
1.004243180493604726e-01
-9.189445295481943887e-01
1.000000000000000000e+00
-3.373472073539752758e-01
-5.344732488720316255e-01
-3.347729174384732054e-01
4.414794481696830974e-01
3.776900525824999910e-01
3.785383826102273197e-01
5.248006461793616184e-01
3.475261183277921773e-01
5.786592578849583113e-01
5.858217954442617170e-01
7.486676489504838772e-01
6.503791348299731157e-01
7.254986443592247314e-01
3.360889249285069491e-01
3.091593355331888615e-01
5.057777356298922555e-01
5.121279065450939916e-01
6.587876529221561306e-01
5.449155096496557382e-01
5.730549516683586253e-01
6.041863314320020661e-01
3.883901140238565919e-01
3.931016333751395919e-01
5.474347356442125223e-01
3.743936315278530436e-01
6.679835067893773459e-01
2.799360384984504457e-01
5.501641781395537611e-01
4.184334193263578583e-01
2.334137135172255351e-01
5.773744036625139131e-01
6.362218348496926357e-01
5.415518273187560627e-01
5.282808755088207464e-01
6.817852518559368580e-01
5.654512396958463194e-01
4.859519144253958145e-01
3.346459483025915338e-01
4.075828754189259051e-01
7.676423437619774859e-01
5.678016942283136137e-01
6.857185836719673633e-01
6.413314792233918427e-01
5.821170537405134793e-01
5.266520776404713944e-01
7.963332968177092575e-01
3.296800844159407107e-01
7.747492264360368308e-01
3.596498877096203084e-01
5.719441691956925755e-01
4.694633602961343910e-01
4.988793789425616798e-01
5.940003064690771994e-01
2.589311522186320547e-01
7.448571288936277623e-01
7.310520443671182367e-01
6.022912111145009018e-01
5.160936650831382533e-01
4.101655819988365148e-01
6.100700255296404029e-01
3.584944504746077620e-01
5.992069647421192080e-01
7.760117134676031148e-01
3.615425868561306100e-01
4.535109603784474031e-01
1.000000000000000000e+00
4.186785820503590161e-01
7.653977069972127678e-01
4.701402624969407973e-01
5.975904535642120319e-01
5.994462328317557986e-01
4.112794070012755765e-01
4.124776059031360353e-01
5.446310428327492126e-01
7.766963225519444292e-01
7.258179065264303009e-01
4.394815594471955800e-01
4.447285205221495619e-01
7.872336190052315885e-01
4.158086015012920078e-01
3.686900577924895894e-01
4.173120356685891541e-01
4.361190794878274102e-01
4.816001507775564683e-01
4.644006364236621942e-01
6.976024594476163410e-01
3.957111775853172086e-01
5.940144670976049701e-01
6.096584912439330095e-01
3.318121807719698890e-01
5.114555234672932826e-01
6.336058569845374189e-01
4.271666344146702321e-01
7.212714934759631991e-01
6.528085712776681149e-01
5.943110907193615011e-01
4.737120312756934459e-01
5.097758425103253721e-01
3.485042658091567769e-01
3.770487664286186758e-01
4.432447980240847851e-01
8.800265402233860002e-01
3.454319800824598441e-01
5.675713914310567265e-01
5.203345129590278839e-01
4.871466703036506085e-01
6.641916330555456272e-01
7.514841137325073417e-01
8.000756142485089262e-01
2.810304491386905745e-01
6.796515593751855100e-01
7.110955752066212554e-01
4.557708500018875508e-01
5.833760035019638357e-01
3.895289423794163763e-01
7.078755146093852479e-01
4.963849130795909836e-01
4.612464861699997476e-01
4.709925139511418335e-01
6.028827550035992244e-01
3.677871581932941059e-01
5.665225864023535340e-01
3.077850025318088489e-01
6.014990667535855540e-01
4.348702866477588969e-01
5.459037905917372147e-01
2.880171805152725306e-01
7.141697151208757921e-01
6.388875536784096587e-01
3.697633839872713213e-01
7.205065093637403884e-01
7.910218130371481360e-01
4.871456204483916030e-01
5.542173042818742124e-01
5.497418423816314847e-01
7.311945926562334330e-01
8.826888582715156639e-01
3.534484400184679798e-01
3.613648235477736614e-01
5.382071654944882155e-01
2.861960337530063958e-01
3.965233619172054969e-01
7.697350139804494118e-01
5.321065647392294595e-01
6.428633553890882313e-01
4.891962026572564959e-01
2.794097003610562790e-01
3.302544478536258432e-01
8.451852892934377248e-01
6.801463552309362504e-01
4.880750164977915584e-01
5.909588321240912823e-01
5.448713555944763032e-01
1.000000000000000000e+00
9.022946386017374198e-01
6.070808188135004002e-01
3.998493280800659022e-01
7.289091131515820221e-01
6.421771790594797968e-01
4.966888656931428003e-01
5.441462933034560967e-01
4.331691647116486799e-01
2.635779292477388180e-01
5.262527982433014007e-01
4.651753316706503938e-01
9.002146811605695742e-01
1.000000000000000000e+00
6.304058126744971347e-01
8.833264520014262322e-01
3.530486741219013846e-01
5.416835855684835055e-01
5.757279556181555957e-01
6.803505968498018142e-01
6.089147033975389478e-01
5.486476576868427601e-01
4.606544538155207258e-01
4.408578514829946671e-01
4.810692867878952339e-01
4.236209089763392499e-01
4.877319020266864258e-01
5.586867320461091913e-01
9.869780303405465416e-01
6.157133059489278137e-01
4.010592848999593452e-01
7.746806402301806838e-01
4.378963667736364695e-01
5.994336909619508713e-01
6.919305328970390967e-01
5.431587361218953580e-01
2.976774980889782540e-01
3.090004366274999303e-01
3.471939762425712561e-01
3.911566100006476088e-01
4.314607189193772063e-01
4.789695217921291492e-01
4.462789104495123449e-01
3.976147358139039967e-01
5.582798447470703751e-01
4.093479537463239337e-01
4.737397318552364900e-01
3.044921249291947518e-01
5.130176305505116385e-01
3.943689806288064315e-01
6.165821592400494433e-01
5.165678746953255018e-01
5.402985543076090913e-01
4.273353152828139323e-01
5.644523695569205746e-01
2.471365619974280059e-01
5.148649996447299815e-01
4.602190218210660544e-01
6.070286553570032329e-01
3.363348176191565675e-01
6.260031506895366027e-01
5.899655656378717250e-01
4.933584089962173569e-01
3.611665027503470626e-01
3.399683120054687313e-01
4.880670811860127745e-01
3.109216093257442526e-01
4.452172018779507190e-01
4.506855492187074042e-01
5.099232521503749282e-01
5.416585567537492985e-01
3.272791769980095133e-01
2.780896814755979829e-01
7.538717296803824075e-01
6.643200128822102091e-01
4.348586707886827329e-01
6.095512980739231645e-01
6.321614894349735225e-01
3.972728267576321470e-01
4.778675491240027551e-01
4.650349013665509013e-01
4.552607411811127047e-01
3.776857914232291669e-01
3.593678037519002499e-01
5.388920189985043629e-01
5.796876612004419060e-01
7.053329253649048836e-01
4.987968700475327033e-01
2.074942414647118483e-01
4.089009127160501134e-01
6.042811202538184157e-01
4.716752093046049921e-01
4.750012814645211967e-01
3.775489184826540945e-01
6.121532956879007781e-01
4.808030299969620613e-01
6.340239298564316339e-01
3.815964547401087814e-01
3.692335802596725669e-01
4.093656604571358493e-01
3.102860690191976967e-01
6.057008976765708708e-01
4.810734885668066507e-01
4.767681395879219131e-01
7.908452858013416131e-01
7.943364153602266997e-01
5.686817889812731952e-01
6.672220057455295894e-01
3.494508428978036485e-01
4.215781611542830931e-01
6.140341280622968467e-01
8.839522800408931014e-01
4.529151490020010828e-01
5.333771507479240226e-01
4.618835105325356238e-01
