-2.481695500780442820e-01
9.999511043551047029e-01
3.765105891846349806e-01
9.927245161120179517e-01
-9.954683384916173106e-01
9.999453313031512192e-01
8.394545570068163709e-01
9.976167495622473291e-01
2.483003208233962034e-01
9.991396270821634173e-01
-8.711903652870408576e-01
-2.503932742754656493e-01
5.166468881870383001e-01
-2.474590968113046241e-01
8.398503292833359168e-01
-2.466311763774547416e-01
-5.330172339875256515e-01
8.219784764575699398e-01
-2.466124193477233772e-01
8.952572004851480081e-01
5.736771651652197157e-01
-9.969097928978767342e-01
9.971477163818600609e-01
5.991558108289237738e-01
-6.920831515770127229e-01
8.729085198123482936e-01
2.495292278028276023e-01
-3.128399976218749212e-01
-6.186205540379728918e-01
-9.954780335798005808e-01
-9.999216768040206649e-01
-9.894678729193062683e-01
6.534963971478099376e-01
2.466411173530598799e-01
-6.991441243867506650e-01
-6.352831756011008135e-01
-5.850000470862821711e-01
-2.469312913848781821e-01
-3.330134953469862658e-01
-9.879642914560318179e-01
-6.540579351645958717e-01
-8.812882291461953121e-01
-9.996021338198466388e-01
-9.944513420701016626e-01
-6.178226511434140589e-01
9.923920735974971485e-01
9.999614572081449992e-01
-9.962459056289560966e-01
9.995273588303994483e-01
9.999109370702842225e-01
5.353659517880395846e-01
-7.793014805222802099e-01
-9.979892618822678863e-01
9.966960891761410535e-01
9.944945152650966902e-01
2.474213875727887535e-01
9.464942816266431747e-01
-2.483989018862726161e-01
-2.491057318584213587e-01
8.579618731929445907e-01
-9.999519922737256650e-01
-9.904889100503013744e-01
-4.914463006926048649e-01
7.710872052619716088e-01
-4.606212927645448874e-01
-8.203358910873399523e-01
8.240490255674174369e-01
2.487812922900048962e-01
8.882611410093411708e-01
-6.996105383515474063e-01
-2.487998838587944239e-01
-9.843868220846897499e-01
9.273500826265177466e-01
9.719658399952703087e-01
-9.981064874381241347e-01
-2.470652013309276307e-01
-2.501476962898467327e-01
9.984826697017241681e-01
-6.204271789038473539e-01
-9.957474549671148090e-01
-8.894783707070377243e-01
3.451989617768881913e-01
-7.393835260139891563e-01
-6.970517241583328305e-01
-9.993122334236927973e-01
9.434589351786699662e-01
9.293018660849468038e-01
-7.384665095723067507e-01
9.034188355613383958e-01
9.976426929902445506e-01
9.942877224832621375e-01
-9.989414769495021940e-01
9.973871463462610221e-01
-9.999383160782523428e-01
9.231539342006738202e-01
9.924829427799701786e-01
9.973556821919924431e-01
-5.880851172140636463e-01
-4.954766424897507626e-01
-6.094271251787561905e-01
-9.976959495116456411e-01
-9.010822014251040901e-01
-8.423885282674083985e-01
9.982394801124978567e-01
3.083239049305037116e-01
2.450634569125147710e-01
-9.939699577444163214e-01
9.991090644191147341e-01
9.032205765363789940e-01
9.903087502427500022e-01
9.991702362868547516e-01
9.970304076138156724e-01
-2.930612202544123912e-01
6.253784734113422283e-01
9.994553021238314905e-01
9.152528032788137535e-01
-2.480917591092124674e-01
-2.463187884223321800e-01
-8.169325435616330289e-01
-7.468693083238509001e-01
6.993297219837821821e-01
2.482637099111207890e-01
9.993779600940051466e-01
9.998502028174722778e-01
-9.972095157497877782e-01
-6.012044999672802037e-01
8.867497120397029864e-01
7.106154102746229384e-01
-3.822486633356045327e-01
4.905268613328508387e-01
2.446777486500690268e-01
-7.856980070215713319e-01
8.875819325573715002e-01
2.485305273030737616e-01
-9.976510343792013291e-01
-9.998810840774079445e-01
-9.267944916876755812e-01
6.321943901126189091e-01
4.142684551692142891e-01
4.423325024873649425e-01
2.480538279927772261e-01
-7.062589546064029777e-01
9.931911879346970728e-01
9.308715310714773539e-01
9.138674452876321963e-01
-9.984665349332310091e-01
-9.999359083856159680e-01
-8.749025003176004178e-01
-2.480750927146991303e-01
3.628233734397501853e-01
-9.999427590990983550e-01
9.946010428390335001e-01
9.999416965079219732e-01
-9.908464211632515006e-01
2.465936654713219989e-01
6.949990174692157741e-01
9.968480079528118099e-01
8.120880595134972735e-01
3.562036785877227274e-01
9.996559030433338489e-01
6.659336104145429092e-01
9.526076772154532524e-01
-8.494933279627197020e-01
9.997123717247390351e-01
9.951769471611073836e-01
9.930092989829308880e-01
2.496130475390815617e-01
-7.811125085456429584e-01
4.447646062663598299e-01
2.465177464629394744e-01
9.892903681016779194e-01
-2.446125880348788417e-01
9.375092619667668714e-01
-9.999276880126717337e-01
-2.472103349121008153e-01
9.628701041206346734e-01
3.813280939667776925e-01
9.900083181167429469e-01
-2.481707058069455851e-01
-2.624248904222672429e-01
-7.534502709160783018e-01
9.941058370719459969e-01
-9.979145819398371753e-01
-6.875722946731079865e-01
-7.211018549742819195e-01
-3.411853955767996105e-01
9.376679152582800825e-01
2.470065200802610550e-01
9.999263663725528328e-01
9.972400061219002243e-01
6.067020447546735973e-01
-9.999028722297027549e-01
9.998980202060491207e-01
-9.261987510259225287e-01
8.775631960741726578e-01
9.273409114487433103e-01
-2.465976701528592163e-01
-8.264978546203249898e-01
8.034866259295139201e-01
7.052278174265502741e-01
-5.912350055060295873e-01
6.650936163647611643e-01
-2.464771482081105081e-01
3.881379386126725395e-01
9.987330345478072635e-01
7.335270901305486202e-01
6.442894252405793054e-01
9.540226466243493242e-01
-6.555161576303235593e-01
-9.965835562907501277e-01
5.135493846217844549e-01
-9.996953951621382339e-01
9.999183684726691279e-01
9.910702849428296712e-01
-9.994676652431486730e-01
-4.714364789717153670e-01
9.966362129618319132e-01
2.490393408099382810e-01
-3.234881709107947367e-01
-9.928026587183148566e-01
-9.984729222056957232e-01
5.838469284325760178e-01
-8.136101752943303289e-01
9.957174783758704351e-01
9.913907462327784526e-01
-9.999390031998641737e-01
7.833594862261717973e-01
-7.627452947898135660e-01
9.952403492514607652e-01
9.986023181392869041e-01
-2.473292179170418770e-01
-2.464921095952760377e-01
-2.458231171022030592e-01
-5.844566570503111347e-01
-9.893185809112882145e-01
2.477521036157513679e-01
8.273360146359785006e-01
-2.505263098471546823e-01
8.435436934678399723e-01
-8.079988558883264282e-01
-5.367770997411027700e-01
8.524661589032175302e-01
9.974761647381320540e-01
8.936230957863942059e-01
-2.515032781193977107e-01
9.988133200632772768e-01
-9.935530455307770570e-01
9.940906975866328210e-01
2.466050516786375268e-01
-5.682033390881305879e-01
-2.466655144726502824e-01
9.108488661354394722e-01
-9.914936306243549158e-01
9.963344130483718919e-01
-9.137457144008769294e-01
-9.998368234796281007e-01
-9.999127632660351761e-01
9.986171916044104258e-01
7.944843894021131891e-01
7.374238657562671717e-01
4.989110875813154156e-01
-9.967780860899546624e-01
9.999313179719672151e-01
-9.085180971941253514e-01
-9.936259727372888095e-01
