5.711725417856219345e-01
-7.802157929134959646e-01
4.119655037617908633e-03
9.296057302440809966e-01
6.025513477053890538e-02
1.000000000000000000e+00
-1.527940462456425785e-02
7.214922558458394253e-01
-3.416978729187896135e-01
1.000772244631934760e-01
2.853526650591976521e-01
-7.585843051228348122e-01
-9.264211510769739810e-01
7.727949956927055997e-01
-3.036751590759459440e-01
5.347141086055684500e-02
-4.301649865778373050e-01
-5.830942977180938458e-01
1.000000000000000000e+00
-6.850304869295636978e-02
4.014567414059115324e-01
-8.082676936108303956e-01
-1.000000000000000000e+00
5.859780781640889780e-01
2.124528627802104719e-01
-7.260845014868798630e-01
1.000000000000000000e+00
6.550150796926651475e-01
1.000000000000000000e+00
2.577149457891456663e-01
4.521516007523035952e-01
-1.000000000000000000e+00
1.000000000000000000e+00
1.000000000000000000e+00
2.192527002586869833e-01
-1.000000000000000000e+00
-1.518051596282675442e-01
-5.149937077348341191e-02
3.277694290243600150e-01
3.234335862145950036e-01
-5.108885669416088904e-01
-1.336876913696492530e-01
8.783567988973440821e-01
-5.778818164669807800e-01
-9.584736130269135845e-01
1.382371962335151583e-01
7.097615158893137988e-01
7.296547972067284338e-01
-1.000000000000000000e+00
-8.178041140804387377e-01
-9.449312752632944568e-01
1.000000000000000000e+00
7.894824519653365069e-01
9.051941845352167171e-01
-1.121739961030775168e-02
4.055404233756708110e-01
-7.285979866173284414e-01
-8.630047740978685766e-01
-9.861890467511187364e-01
-1.544949235735003090e-01
-6.740930234999468196e-01
2.878646170592677467e-01
1.000000000000000000e+00
-6.362834904033379813e-01
-1.000000000000000000e+00
-1.000000000000000000e+00
8.063545931723843374e-01
1.000000000000000000e+00
9.224936868337767493e-01
1.000000000000000000e+00
1.000000000000000000e+00
-2.447149389274733133e-01
7.614610081383018647e-01
-6.177782002635634484e-03
5.173561080007349489e-01
1.000000000000000000e+00
-8.424991990667047848e-01
6.442928922793778046e-01
1.000000000000000000e+00
2.920375507379815994e-01
-5.070883394952501177e-01
1.268644802968480478e-01
7.805690876914971321e-01
-8.339762935884242889e-01
-1.000000000000000000e+00
1.931014308583169914e-01
5.943345759203311207e-01
-6.340997542511030982e-01
1.000000000000000000e+00
1.000000000000000000e+00
1.000000000000000000e+00
-1.000000000000000000e+00
6.450251117915635213e-01
7.082948997272514591e-01
-1.000000000000000000e+00
1.155489993513462155e-01
8.547781176561334293e-01
6.644480393461869028e-01
-7.267188776252819782e-01
1.000000000000000000e+00
-2.198989902327360968e-01
-9.303967707864987391e-01
-1.300566217785198431e-01
6.060981662715798635e-01
2.380845327106669018e-01
1.000000000000000000e+00
-5.807237646545199139e-01
7.633280202817973592e-01
-3.138996520615044972e-02
-8.674052142194671466e-02
9.475233962786522302e-01
3.075547340350969217e-01
5.358567860440337505e-01
1.000000000000000000e+00
9.213613860615870177e-01
-7.917012248317961687e-01
1.000000000000000000e+00
4.610772619267949901e-01
9.923913387706867484e-01
-5.686759254726582169e-01
-1.000000000000000000e+00
2.647628745876629552e-01
-4.743353262811379478e-01
3.352284926686961430e-01
-7.587905956080871483e-01
-1.000000000000000000e+00
1.000000000000000000e+00
1.798268805624581024e-02
7.108714779652550719e-01
1.000000000000000000e+00
6.643277057288572429e-01
8.631347619014362316e-02
-3.504230252003375234e-01
1.000000000000000000e+00
3.035167835883823551e-01
-5.526219760119597257e-01
1.536336587145223920e-01
3.182263931173724969e-01
2.192490504901020987e-01
-1.000000000000000000e+00
-2.990878614927898749e-01
1.000000000000000000e+00
-1.161984702877278119e-01
6.389068539956568316e-01
7.475921868999499398e-02
-1.000000000000000000e+00
1.000000000000000000e+00
4.909424915771004039e-01
1.866593438229975921e-01
5.307343540462114984e-01
7.578563709990948638e-02
-1.000000000000000000e+00
2.538220484819303513e-01
5.477221805171887947e-01
1.847981032817109515e-01
-2.715625888968205004e-01
1.000000000000000000e+00
-1.000000000000000000e+00
-9.000133783045151104e-01
-5.468708063424208010e-01
-1.000000000000000000e+00
5.316347043292597441e-01
1.868696117923922539e-01
1.000000000000000000e+00
1.333418780859274566e-02
8.599588739413885907e-01
9.344422372434065815e-01
-1.539525489563190463e-01
-6.003379653296377905e-01
1.777086343433824656e-01
-1.000000000000000000e+00
-1.000000000000000000e+00
-1.000000000000000000e+00
-1.000000000000000000e+00
-7.353968621501123515e-01
4.083292093196939643e-01
-2.996783824520642403e-01
9.689087010741973538e-01
1.540369628747871866e-01
-1.000000000000000000e+00
-8.947764939614822888e-01
-2.762471357052795340e-01
9.617659371258548973e-01
8.444691912138874157e-02
-7.334054996644063795e-01
2.660564938627422160e-01
8.609295890332135937e-01
6.275642008481032708e-01
8.500597974024657333e-01
5.722098698443521814e-01
5.532682704071767432e-01
7.773736024288269153e-01
-1.000000000000000000e+00
1.000000000000000000e+00
-4.674108686965805504e-01
1.125977305162108588e-01
6.790354478092950341e-01
-1.000000000000000000e+00
-1.674789278775349888e-01
1.841555675488837363e-02
1.000000000000000000e+00
-1.104318108957133004e-01
1.000000000000000000e+00
-7.982303802747575672e-01
-4.045498422533090332e-01
-3.194735028810250510e-01
-1.000000000000000000e+00
-1.000000000000000000e+00
6.818302868206871370e-02
4.771496680884207420e-01
-6.795119921651939787e-01
-3.237286399445727936e-01
8.139507479191462336e-01
9.068603700047381810e-01
1.000000000000000000e+00
4.884786476387225074e-01
-8.255108762550837920e-01
1.291675303691822707e-01
-8.029107474852190673e-01
5.451594821755628706e-01
-1.000000000000000000e+00
-9.672815290953593603e-01
-1.383150953063040922e-01
-1.000000000000000000e+00
8.728989382117405826e-01
6.592967416104449363e-01
3.392659796692558682e-01
4.074895383825847262e-01
-7.295785959549200284e-01
2.567928778358899988e-01
-1.716470121634028068e-01
8.550528919175963416e-02
2.864600820203332399e-01
4.687408502587582237e-01
-1.000000000000000000e+00
-4.006111295294219055e-01
2.064227586124658675e-01
-1.000000000000000000e+00
-5.121725321423838961e-01
7.954510696982044493e-01
-4.250175420957958417e-01
-6.100723804442467202e-01
-5.508432823388196287e-01
2.846962670381795180e-01
-6.134279642211131200e-01
6.644514569246040558e-01
-8.322288701314652926e-01
-1.000000000000000000e+00
5.182991250610448075e-01
5.246568611349287092e-01
-6.250532802237090957e-01
-3.055407099447722263e-01
-1.000000000000000000e+00
7.353275335439894977e-01
-9.470063227555413077e-01
2.939227874902659021e-01
1.000000000000000000e+00
-1.000000000000000000e+00
-3.624095283607747242e-01
1.000000000000000000e+00
-2.909874164347850400e-01
1.000000000000000000e+00
4.358803513457055745e-01
-1.814359208240761134e-01
3.031545385787736135e-01
2.795959400549713481e-01
2.254601383022683814e-01
5.879329375680577563e-01
2.823965346179075908e-01
4.487551745189128360e-01
5.256232468119597101e-01
1.931254656673112302e-01
5.456652446364904652e-01
3.381970245610097514e-01
5.138511639275572529e-01
8.862604281732691103e-01
5.422677720331018358e-01
2.500431411999765041e-01
8.840846633970257384e-01
6.782679123022847811e-01
3.714429818564787822e-01
6.791178149791685659e-01
7.490255175492094297e-01
3.025634174333990400e-01
7.863418097821471830e-01
3.668603827695030017e-01
1.788161931776874880e-01
3.613428262430982696e-01
7.169449876567921542e-01
3.812682160750702209e-01
8.076151421982814549e-01
7.131274368996366464e-01
4.787661035296563727e-01
3.181750745264132485e-01
3.557615877692062445e-01
4.820167288998974953e-01
5.999786626890998287e-01
6.813015886294654377e-01
1.000000000000000000e+00
3.499272109709963274e-01
5.210097907167124953e-01
1.369440015189675730e-01
1.211552472653586315e-01
1.000000000000000000e+00
2.509342455842552000e-01
8.080553529020337855e-01
3.901077042757554736e-01
2.387833916251666244e-01
3.579865465310114736e-01
3.737678750987363241e-01
5.990976118990516408e-01
7.344803720937591596e-01
7.453127556589466129e-01
3.241336481864632857e-01
4.081570340531524010e-01
7.065960927032876038e-01
4.835725349762687308e-01
2.166312251888526386e-01
3.971967351805106294e-01
9.497904936050798330e-01
5.704447096215173874e-01
5.066017299475268354e-01
5.175907068410099399e-01
5.023618610158807618e-01
3.407833609727283219e-01
2.336244955601464446e-01
1.996877481799756437e-01
4.113495147425202392e-01
2.866706916418426121e-01
6.252476017451791268e-01
9.050708790084682764e-01
5.748846689939066668e-01
6.007092043541608639e-01
2.341934015323264007e-01
5.776134130893725294e-01
2.419375186356140239e-01
7.865317155929649751e-01
6.923092859898052343e-01
7.220988991395806966e-01
3.350676883265960582e-01
4.497309770013793173e-01
7.103185854475015937e-01
4.852206141438490938e-01
8.915526849381104624e-01
2.270884870692273239e-01
5.333725458947862208e-01
5.707152623707361094e-01
7.612852395745883793e-01
5.780370463136901282e-01
5.338559469562601523e-01
3.350064961102906524e-01
9.114865470330774100e-01
1.839949294250288747e-01
7.477078357788137231e-01
4.700219243511807310e-01
8.809287664113049088e-01
4.838597683490991619e-01
6.308606605577985471e-01
4.632702818244750498e-01
9.069507752651869703e-01
7.709268567043786602e-01
4.945067618956475730e-01
3.169127817637856226e-01
6.589955173079958817e-01
3.780608419667761955e-01
4.841846229457991146e-01
7.946625167468225337e-01
8.300392880568988607e-01
2.399750351016742000e-01
3.289900682090876605e-01
1.000000000000000000e+00
7.842728764758889470e-01
6.489077489140373523e-01
2.877048714413124042e-01
3.907904593086417022e-01
1.000000000000000000e+00
3.753278650256173798e-01
4.092559327273734837e-01
2.364698216963279365e-01
2.166291983209584215e-01
2.958100497415727115e-01
2.785943800790038338e-01
3.648087523021099621e-01
5.523415630874157767e-01
5.718586476602355306e-01
6.164004565073286646e-01
2.550461039081722836e-01
8.262470934606799267e-01
4.548650721617394921e-01
3.031975432690441896e-01
1.000000000000000000e+00
3.393179803049280463e-01
3.627679301386763089e-01
7.414494080047437929e-01
4.988941460845757736e-01
3.634683584423797909e-01
3.777314289667285108e-01
4.230913145890159988e-01
5.449233877585188957e-01
6.346214855774403585e-01
3.257202894061522747e-01
4.958002094375510982e-01
5.614086088832453969e-01
2.073250675001666599e-01
1.684032634029898334e-01
6.407365565422968867e-01
6.908259968045157295e-01
3.411730004374500802e-01
3.489482497624614155e-01
3.950167232098947823e-01
2.775542491540450851e-01
2.027510736083340259e-01
2.389626925418849857e-01
4.739224003835436627e-01
2.059497523932960483e-01
1.800865554796223511e-01
7.239069755140029594e-01
3.216409764463808441e-01
1.919985558062372033e-01
2.541622299464593171e-01
4.849535366655265411e-01
6.788320039482109713e-01
3.764361746142453335e-01
2.646439293465441822e-01
8.270070457640503747e-01
1.000000000000000000e+00
2.633979332422612396e-01
3.597957709442667351e-01
3.195271391866443267e-01
5.135616288233317839e-01
4.403814487980621806e-01
1.807480241787411679e-01
2.004052405914077128e-01
1.000000000000000000e+00
7.949979946855156854e-01
3.546537876594627048e-01
2.447676590174235056e-01
5.055619806145617012e-01
2.799934067997459364e-01
2.784362756697612573e-01
3.509921698029399018e-01
1.958931319843389141e-01
3.393212635555004075e-01
6.892562711758492000e-01
5.427578537101578338e-01
3.702249765086421673e-01
5.741181021195501666e-01
6.298331487960449060e-01
2.262923977038599765e-01
7.905699858785797396e-01
3.745532837708333007e-01
6.124772736203777379e-01
4.492868804987479314e-01
5.861840189401599233e-01
2.652202472055149030e-01
7.773799600695691092e-01
4.083355187361162320e-01
5.923954308911674183e-01
6.073872931367589878e-01
6.427245170110019723e-01
3.541858100585730806e-01
4.177933676232253313e-01
4.809340976307312499e-01
4.443429731847000075e-01
3.894870908164229650e-01
2.339905705701274541e-01
6.568049314360477897e-01
2.002281830770996085e-01
4.151986881848295785e-01
2.088348181854728924e-01
2.728068700808217728e-01
5.109442900834715307e-01
2.538253374488723679e-01
4.909876736759119509e-01
3.513124482893462130e-01
4.222568537789322396e-01
4.170066348743707851e-01
6.819429322231247426e-01
2.110330053292789887e-01
3.998333583341379671e-01
7.775105876406397387e-01
2.170985237288837189e-01
5.629113529506413194e-01
3.539354963089042516e-01
1.000000000000000000e+00
7.940855120478159668e-01
9.302932241517278822e-01
6.350255476577736369e-01
6.315467822184545055e-01
3.305603454256283436e-01
3.342121960313243489e-01
2.233850594971952819e-01
2.510446871511787248e-01
2.744019130709328125e-01
4.324530120037720637e-01
3.975491781675040137e-01
3.768818848436907842e-01
9.080759023582875011e-01
6.018539642044519189e-01
5.051717343415409456e-01
4.517438032294171513e-01
3.546380004397299279e-01
4.662851326020343024e-01
1.479164721324671694e-01
1.000000000000000000e+00
6.953797489244787355e-01
6.845718360636960931e-01
2.550837181833007783e-01
1.852591384253694795e-01
2.133473979537257592e-01
2.028351155378378678e-01
6.402149816682098926e-01
5.619882999221029740e-01
1.000000000000000000e+00
3.346046652055635340e-01
4.979742617916627645e-01
3.781602598364213752e-01
1.000000000000000000e+00
6.185310070281965222e-01
5.396373760973598444e-01
3.599055665729441467e-01
2.760715057240873405e-01
2.735735208602220192e-01
9.789421475633317549e-01
5.001336989713145442e-01
3.038655182851907055e-01
4.589574115704034285e-01
5.445906514497185213e-01
4.481349406923654244e-01
2.638145754051578473e-01
