7.811100048935705198e-01
-7.385592685211124220e-01
6.601639273636947358e+00
4.055399814320737595e-01
-1.776788975038775975e+00
4.184262233276747067e-01
4.004646868511938518e-01
-5.516146923958245907e+00
4.254959560427478138e+00
-1.422929657412654036e-01
-2.034648641391369139e+00
1.963916583387455672e+00
-5.938697996502016352e+00
2.770917571845892269e-01
2.586071794676429558e+00
2.395429705865720127e+00
4.667660018237707042e-04
-2.425366456179206320e+00
-2.569781610200625455e+00
1.106245152553760741e-01
1.947952171873204852e-01
2.558647453926934379e+00
-3.353839904898253454e+00
1.859579263369318669e+00
-1.945807997447613236e+00
1.461102503941063224e+00
-3.310891124335722413e+00
5.986502892867051617e-01
-2.015379236292186960e+00
5.407689135640297851e-01
-2.789444171545038209e+00
1.174592001488000248e+00
-3.795066022275511708e-01
-2.437730875467082114e+00
1.994371335040796556e-01
-3.229206757788615878e+00
1.599961644964517538e+00
-1.901159697016779226e+00
-5.851163545055304560e-01
6.929720580870494251e-01
-7.827667807261741162e-01
2.116339162273037644e+00
-1.080531877180604283e+00
1.844365063900632151e+00
-6.336493651727554965e-01
2.958545014188489919e+00
-9.654854275412902975e-01
4.051526048971255456e+00
-3.147301494416745449e+00
3.074423270018334930e-01
-7.942278290851592093e-01
2.113180226977489640e-01
9.472894953373036664e-01
5.514649457127309695e-01
2.448277013697606641e+00
1.114906752799216694e+00
3.123701377271855817e-01
1.008413814038285894e+00
6.026991259236365028e-01
1.187121139802759240e+00
-1.137246955911789703e+00
-8.377852490440484967e-01
-1.656219694253258101e+00
3.787075006663630505e-01
-3.865853664608003726e+00
-4.352682140597976534e-01
-8.292484442938253819e-01
-8.334489420787873915e-01
-7.211011261838795594e-01
-1.524650798776348903e+00
3.762051992865949046e+00
-2.139179749652917462e+00
3.940436615371079476e+00
-2.582252680036875025e-01
1.208475744784708761e+00
3.694200497081673307e-01
-1.333668434260982583e+00
-4.244751755429153839e+00
3.125590257094952307e+00
-6.399363847014047924e-01
8.277032114660900497e-01
-1.005260324697975438e+00
-4.292477548685808664e+00
-6.218092619302747481e-01
2.571100211761966570e+00
-2.715221755279556781e+00
3.098751650095892263e-01
-1.603362586737256401e-01
-2.142521222361029487e+00
-1.203972923640645565e+00
-2.178251911157710996e+00
6.836990328307492870e-01
2.922175944246255153e+00
2.118956116445441573e+00
-1.620940525285123002e+00
5.826369898979735229e-01
3.587081988108058894e+00
5.030486159587873596e-01
4.116711501933436601e-01
1.194351362965702767e+00
5.668605179088874735e-01
1.235395423165651430e+00
-1.664526889858495062e+00
3.043468607347757260e+00
-8.591159592407151546e-01
-2.122088414211634522e+00
-6.568057398712414674e-01
4.406328782999836546e-01
-2.067690724087942744e+00
-1.491216897840559330e+00
-3.165945798796394595e+00
1.007909702442676858e+00
2.662658402545348135e+00
-2.125594334159213172e+00
-3.312441089102225455e-01
3.800411922759432959e-01
1.066995009929793570e+00
1.704965764181921806e+00
1.523443320399231915e+00
-4.608634486801129609e-02
-4.697003217198686187e+00
-2.098855563798204038e+00
-3.573024713619573856e+00
-2.290734948317422415e+00
-5.956211389027801228e-01
2.014353259543695263e-01
-1.103103135576989358e+00
8.997442983188254084e-01
7.984595880132815127e-02
-8.934020436936354059e-01
9.620903044340378685e-01
-2.837066638951106334e+00
2.248804810594571268e+00
1.581413637198855193e+00
4.666945080445512040e-01
-1.120444429565719657e+00
-3.887853812046861979e-01
4.349297959949486314e-01
-5.506230093400854564e-01
-1.710015382310118071e+00
-1.281773091946531551e+00
-2.111055792829160949e-01
1.687358754723458365e-01
3.049833788931708867e+00
6.922223239414192486e-01
-1.156563230827765132e+00
-2.287287219913927139e+00
1.293633172614544025e+00
5.178374768326698963e-02
1.278960883572222984e-01
2.717509508754444525e+00
-2.130202648524130549e+00
2.125521187656592037e+00
-2.083468781563774908e+00
9.418301794558550100e-01
9.850613101196730170e-01
2.031644449881675918e+00
1.439033431168957322e-01
1.545482267662696696e+00
-1.368666975566221744e+00
-7.451924106200553677e-01
2.420915108395832238e+00
-1.799384158979914661e+00
1.450625320481279790e+00
1.364629634420814197e+00
-3.420898984513504271e+00
-2.398260311602169459e+00
-9.748867709005722970e-01
-8.072934640740724310e-01
-8.620983741507833031e-02
3.361444158998896925e-01
3.510170000837772308e-01
6.248359141547816797e-01
1.780148030225087830e+00
-5.739813466233159023e-01
-1.231226229438973307e+00
-3.003113372353923616e+00
1.083142678258810498e+00
1.536201110816650450e+00
6.796719810714666465e-01
2.804950191007227200e+00
-3.743641318342642577e-01
3.273582361520769313e-01
-5.094206333867394854e-01
7.095508864558416340e-01
-1.302592876706200720e+00
1.333154883125728718e+00
-3.693492900354425679e+00
-1.113070890153085690e+00
6.059428632379355584e-01
-2.768733940400891491e+00
-1.798028604505768735e+00
1.339017201875115914e-01
-2.640776468345454209e+00
-3.218739420489680647e+00
3.609376639036271373e-01
1.585455610482393363e+00
-2.385998189665230917e+00
2.685020188208028458e+00
-1.589107481064274019e+00
-1.899734607393976260e+00
4.267111760750957328e-01
-1.522342080485814986e+00
6.718772209994425815e-01
-5.675604110794907342e-01
-3.088801357897723587e+00
4.414234909347830027e-01
-2.677683644936112106e+00
1.425654218609682111e+00
-3.590868391378615465e-01
-1.477696562128725688e+00
4.544473344713145790e-01
-8.646086620472154260e-01
9.627289013763740133e-01
1.187019745690270911e+00
2.648702208885372222e+00
-9.415034720104322741e-01
9.092409960734931795e-01
3.702674685354958029e-01
3.868631067545141633e+00
9.593845461137636699e-01
1.540442332674310189e+00
-1.994184077846785641e+00
-2.464464595012036408e-01
-9.961488734482154550e-01
2.831221550358530514e+00
-5.975774410779030710e+00
1.322018829390881667e+00
1.549813091169513157e+00
-4.457540068129119959e-01
-2.383733070610922322e+00
3.461855686358011663e+00
1.436164237833818857e+00
1.978258989374062304e+00
3.870653469143767289e+00
-6.805090277639951335e-01
-1.892387786165129260e+00
-1.242375724210285082e+00
-1.624258292609067178e+00
-1.867567861935288120e-01
9.987686879618562497e-01
-1.876486157881431138e+00
2.395617866756972969e+00
7.553115347133824153e-01
4.657955450631715344e+00
-3.026693160368678193e+00
-4.761712096747186429e+00
1.256790704490114763e+00
1.644290149634632714e+00
-4.575666853438388193e-01
-7.260656784657812945e-01
1.905113636308175984e+00
2.758463283530539212e-02
6.054074729010670008e-01
-5.035644768361199342e-01
-4.734632779369066569e+00
-3.795557616476587626e+00
4.560271289351956803e+00
-1.887367044599324029e+00
2.419355311579612255e+00
-2.397124801345399625e+00
-2.365706963215287173e-01
4.250331358755127908e+00
-2.740014042886534273e+00
3.741894134761941659e-02
