Generation: 0 54.6394 131.9739 3.8124 15.5765
Generation: 1 53.3984 107.8332 13.3389 19.3900
Generation: 2 50.7971 105.4636 26.9452 18.5951
Generation: 3 56.8129 110.9521 34.4664 16.7876
Generation: 4 50.9299 128.5606 34.1485 18.5044
Generation: 5 55.8030 133.0299 36.2801 14.6685
Generation: 6 60.4383 137.2456 39.2216 13.5660
Generation: 7 57.1549 111.3010 37.7370 11.3959
Generation: 8 56.1469 110.3320 38.9344 14.1017
Generation: 9 60.8886 137.5793 41.2938 12.2403
Generation: 10 60.7868 137.6039 41.3919 12.1285
Generation: 11 54.2625 131.6060 41.1046 10.0068
Generation: 12 61.5626 115.2767 42.4614 10.9544
Generation: 13 57.2363 134.3748 42.7355 9.0978
Generation: 14 59.3288 113.2589 38.9371 12.0469
Generation: 15 60.6196 137.4230 41.3946 11.4470
Generation: 16 55.1972 132.5505 41.0896 11.3872
Generation: 17 56.4188 133.5398 39.6563 13.0962
Generation: 18 62.6314 139.2236 42.3338 11.1893
Generation: 19 61.1159 137.8013 42.9645 10.1315
Generation: 20 57.0841 134.2138 42.9134 10.8593
Generation: 21 60.7730 137.5879 42.0348 11.4433
Generation: 22 61.6106 138.3029 44.0099 9.1469
Generation: 23 59.4269 136.2343 43.9802 10.6983
Generation: 24 60.9831 137.6678 45.7460 8.4554
Generation: 25 57.4649 134.4772 42.9361 11.6345
Generation: 26 59.8268 136.6279 44.5552 10.1603
Generation: 27 61.4466 138.1429 44.2224 10.0320
Generation: 28 61.8047 138.5102 44.4384 10.5774
Generation: 29 63.2921 139.8941 45.4228 10.4291
Generation: 30 60.8426 137.6637 47.2112 8.9726
Generation: 31 61.3605 138.0485 48.4232 8.0147
Generation: 32 60.9773 137.6651 46.1041 8.4654
Generation: 33 60.2888 137.0984 45.8292 9.8138
Generation: 34 59.1939 136.1145 43.9909 9.8853
Generation: 35 64.9254 141.3000 47.0482 9.7422
Generation: 36 62.9924 139.5949 48.2503 9.4807
Generation: 37 64.0347 140.5281 47.5091 10.5242
Generation: 38 68.7400 144.7642 48.3659 9.1256
Generation: 39 65.1427 141.5291 49.5349 7.9759
Generation: 40 65.0669 141.4518 49.1723 9.9499
Generation: 41 63.1666 139.7706 49.5749 7.8409
Generation: 42 69.2916 145.2281 49.1941 10.4241
Generation: 43 62.0086 138.5908 47.9561 8.4798
Generation: 44 62.0477 138.6394 48.3657 9.0746
Generation: 45 70.5362 146.3649 48.7388 12.1126
Generation: 46 64.1344 140.6263 47.3540 12.6218
Generation: 47 66.2640 142.5284 45.2481 13.4366
Generation: 48 67.7070 143.8646 49.2541 10.6605
Generation: 49 64.1228 140.6138 47.7886 13.6871
Generation: 50 64.6998 141.0732 47.9490 10.2654
Generation: 51 69.5889 145.5342 51.3482 9.1381
Generation: 52 65.1601 141.5411 47.4450 14.1298
Generation: 53 62.0675 138.6508 46.4716 13.5365
Generation: 54 63.9664 140.4591 50.0063 9.6296
Generation: 55 70.6540 146.4770 49.8393 10.6440
Generation: 56 68.5479 184.6000 49.0183 12.2773
Generation: 57 65.0269 141.4128 50.4403 7.9691
Generation: 58 66.4037 142.6702 50.7829 7.0753
Generation: 59 64.0013 140.4935 49.8575 7.5873
Generation: 60 64.2482 140.7425 49.8304 11.8686
Generation: 61 65.1313 141.4843 47.9686 11.5331
Generation: 62 60.2058 177.1293 50.4444 7.1636
Generation: 63 69.1539 185.1041 49.9606 11.7197
Generation: 64 62.0679 150.6517 50.1346 9.2495
Generation: 65 64.5591 140.9388 50.6691 8.2674
Generation: 66 68.6245 144.6678 50.1615 9.6168
Generation: 67 64.0244 140.5187 51.7147 7.1834
Generation: 68 70.9531 146.7626 51.0069 8.4352
Generation: 69 65.8469 142.1168 51.4266 8.1222
Generation: 70 60.4121 177.2116 50.9192 8.3111
Generation: 71 66.2941 142.5481 51.1563 7.7221
Generation: 72 69.3959 145.3330 51.8944 7.3802
Generation: 73 62.9158 139.5205 50.7882 8.1583
Generation: 74 72.9541 148.5564 52.0347 7.9664
Generation: 75 69.6043 145.5316 54.0460 7.5821
Generation: 76 67.0072 183.1717 51.2653 8.2842
Generation: 77 67.4598 143.6049 52.6305 7.0940
Generation: 78 67.3300 143.4909 51.8523 8.7255
Generation: 79 60.8452 149.5353 53.5047 6.6815
Generation: 80 65.6241 141.8971 54.2371 6.0865
Generation: 81 68.4082 144.4589 53.2328 7.0983
Generation: 82 69.4461 145.3760 54.0675 7.2273
Generation: 83 62.4960 179.0835 51.2964 8.1145
Generation: 84 68.4766 194.4983 53.8225 7.0761
Generation: 85 66.3844 142.6581 54.3155 7.4364
Generation: 86 63.4280 179.9142 52.5169 6.8375
Generation: 87 63.3156 179.7999 54.0009 6.4749
Generation: 88 66.7628 142.9288 52.5537 6.3559
Generation: 89 62.4463 179.0383 54.1285 6.4815
Generation: 90 67.9588 184.0152 54.6802 7.1583
Generation: 91 61.6190 178.3048 54.9035 6.9470
Generation: 92 71.7708 147.4769 53.7790 6.3573
Generation: 93 61.4106 178.1142 54.8655 6.3937
Generation: 94 60.8952 149.5853 54.5393 6.8209
Generation: 95 68.6176 144.6724 55.8957 6.4417
Generation: 96 60.9169 149.6068 55.5758 6.3169
Generation: 97 68.0711 144.0919 55.0196 6.9920
Generation: 98 63.0385 179.5231 55.0872 6.9798
Generation: 99 63.5252 180.0106 56.2606 5.9101
Generation: 100 70.3548 146.1666 55.6037 6.0288
Generation: 101 66.6060 142.7648 55.2243 6.0710
Generation: 102 69.5044 145.4469 55.5299 7.3455
Generation: 103 61.5001 150.1923 54.9354 7.9782
Generation: 104 65.6973 181.9698 55.6829 6.2043
Generation: 105 62.6913 151.2747 56.2097 6.1418
Generation: 106 62.8686 179.4598 56.0071 6.4150
Generation: 107 64.6624 181.0392 55.6713 7.2177
Generation: 108 65.6357 158.9068 54.8417 9.3222
Generation: 109 59.3012 158.0926 55.1452 7.8338
Generation: 110 64.7126 181.0904 55.6840 6.8665
Generation: 111 63.9212 180.4073 55.1479 6.8304
Generation: 112 62.6788 179.2733 57.2010 6.5951
Generation: 113 55.3353 150.6798 55.5329 6.1393
Generation: 114 65.6220 181.8927 55.4303 5.8427
Generation: 115 69.0573 185.0071 56.8551 6.1680
Generation: 116 60.8300 149.5307 57.8563 5.9832
Generation: 117 57.9860 152.9947 57.3846 5.3781
Generation: 118 64.4461 152.8126 57.2585 5.0955
Generation: 119 60.8360 149.5367 55.9639 6.1884
Generation: 120 63.6313 152.1067 57.1396 5.8275
Generation: 121 61.8719 155.4665 57.5581 5.3640
Generation: 122 61.5286 150.2193 57.0349 6.4372
Generation: 123 63.7049 152.1792 56.4138 6.5458
Generation: 124 64.4899 180.8696 56.2459 5.8420
Generation: 125 62.0443 150.6262 56.4549 5.2654
Generation: 126 63.2391 151.7151 56.8914 5.5208
Generation: 127 60.8733 159.5692 56.1883 5.6561
Generation: 128 60.9190 149.6088 56.9127 6.1716
Generation: 129 57.1485 156.1563 55.8419 6.3039
Generation: 130 62.7095 161.1703 56.6918 6.3688
Generation: 131 61.2457 177.9388 58.5252 5.4664
Generation: 132 70.1814 145.9920 58.6991 5.1497
Generation: 133 67.4244 155.5914 56.8183 6.2528
Generation: 134 68.8073 144.7493 57.5740 5.9980
Generation: 135 66.1911 182.3578 57.5271 6.0383
Generation: 136 64.6745 181.0533 58.2170 6.1563
Generation: 137 63.0168 161.4435 58.3599 5.2202
Generation: 138 62.5545 151.1485 57.2765 4.9505
Generation: 139 64.5627 180.9429 58.0152 5.5634
Generation: 140 64.1510 152.6285 57.5663 4.9055
Generation: 141 63.0348 179.5197 57.9423 6.2564
Generation: 142 63.5658 180.0532 57.9415 6.3585
Generation: 143 62.0585 150.6402 59.1253 6.1364
Generation: 144 62.5999 151.1822 58.0975 5.2630
Generation: 145 63.2447 151.7206 58.4417 5.3941
Generation: 146 63.6102 180.0898 59.2301 5.4598
Generation: 147 63.7785 180.2631 58.1137 6.0818
Generation: 148 63.7012 152.1792 57.7950 5.6200
Generation: 149 62.9265 151.5240 57.5347 5.7890
Generation: 150 63.3934 151.8706 57.7062 5.9092
Generation: 151 62.5450 151.1299 56.9118 7.0853
Generation: 152 68.2156 184.2707 57.2714 6.6053
Generation: 153 63.8160 180.3028 59.1617 6.3188
Generation: 154 63.7170 152.1947 59.2891 5.8023
Generation: 155 62.6971 179.2909 58.7330 5.5514
Generation: 156 64.7039 181.0843 58.6337 5.7167
Generation: 157 62.5888 151.1713 57.9250 5.5147
Generation: 158 62.5736 179.1673 58.3847 6.0515
Generation: 159 68.5631 144.6145 57.3672 6.6667
Generation: 160 64.2455 180.6263 56.7111 6.8039
Generation: 161 64.6592 181.0370 59.2233 5.3545
Generation: 162 69.4266 157.3586 58.4864 6.0586
Generation: 163 67.9323 183.9874 57.6519 9.8686
Generation: 164 63.4632 179.9481 57.7300 7.0933
Generation: 165 65.7885 182.0599 56.6270 6.8895
Generation: 166 63.7390 180.2238 57.1847 8.5714
Generation: 167 64.9819 181.3591 58.2199 5.8278
Generation: 168 63.7890 180.2764 58.6288 8.3648
Generation: 169 68.0675 184.1211 57.8000 7.4535
Generation: 170 68.1837 184.2371 59.0259 5.5373
Generation: 171 68.0063 184.0610 57.3844 9.1067
Generation: 172 63.5837 180.0698 57.3085 10.1477
Generation: 173 67.9557 184.0107 57.2127 10.3729
Generation: 174 68.1024 184.1549 57.8019 9.1944
Generation: 175 68.1526 184.2075 57.8913 6.3474
Generation: 176 68.0274 184.0819 56.6576 7.2988
Generation: 177 67.0997 183.2629 59.4686 4.8898
Generation: 178 68.3515 184.4046 57.9315 7.8122
Generation: 179 68.3310 184.3853 58.0273 6.2617
Generation: 180 68.0820 184.1342 58.5158 5.9750
Generation: 181 68.3358 184.3865 59.2170 5.8372
Generation: 182 65.8354 182.1073 58.7749 6.3972
Generation: 183 71.8044 187.5048 59.0755 5.4586
Generation: 184 68.2819 184.3328 58.7907 5.8736
Generation: 185 65.8612 142.1322 57.9547 5.7408
Generation: 186 63.7012 180.1871 59.0967 5.4640
Generation: 187 63.5944 180.0801 59.1182 5.3283
Generation: 188 62.6288 179.2187 58.8757 6.3765
Generation: 189 64.7499 181.1269 58.5002 7.7852
Generation: 190 68.0297 184.0841 59.7591 5.1065
Generation: 191 62.6673 179.2578 59.2705 6.2766
Generation: 192 69.7202 185.6618 59.0089 7.4980
Generation: 193 68.3583 184.4112 58.3020 6.0297
Generation: 194 68.3875 184.4382 59.3882 5.3335
Generation: 195 62.3390 178.9317 59.7993 5.4041
Generation: 196 68.3280 184.3786 59.2793 6.4454
Generation: 197 67.3574 183.5158 59.8303 5.4341
Generation: 198 68.2161 184.2711 58.0205 7.2608
Generation: 199 68.2737 184.3282 60.8712 4.7214
Generation: 200 68.0865 184.1397 60.1267 4.7621
Generation: 201 68.2426 184.2959 60.0663 5.4264
Generation: 202 68.3233 184.3740 61.3563 4.5121
Generation: 203 68.4193 184.4721 59.5416 5.3888
Generation: 204 68.3358 184.3865 60.1548 5.0172
Generation: 205 68.1363 184.1873 60.4569 4.6105
Generation: 206 68.1686 184.2212 60.2331 4.6957
Generation: 207 68.3498 184.4007 61.0789 4.3984
Generation: 208 68.1562 184.2110 59.1314 5.4845
Generation: 209 69.6352 145.5789 60.0995 5.0416
Generation: 210 62.7108 179.2977 60.1816 4.5595
Generation: 211 68.3426 184.3932 60.6349 4.4016
Generation: 212 68.4426 184.4954 60.2628 5.2216
Generation: 213 68.3098 184.3632 60.6423 5.0561
Generation: 214 68.2147 184.2679 59.9561 5.2707
Generation: 215 68.1376 184.1885 60.9319 6.3253
Generation: 216 63.7585 180.2442 60.3670 5.0530
Generation: 217 64.7657 181.1449 60.0783 6.6228
Generation: 218 67.9880 184.0425 61.3221 4.6555
Generation: 219 62.8935 151.4830 60.9284 4.6278
Generation: 220 65.7695 159.0440 60.9120 4.5562
Generation: 221 64.7848 181.1649 60.6896 6.4532
Generation: 222 67.4867 155.6555 60.3045 5.1598
Generation: 223 63.7706 180.2476 59.7238 4.6776
Generation: 224 64.7179 181.0966 59.7251 5.3796
Generation: 225 68.2518 184.3040 59.9709 5.3246
Generation: 226 63.6310 152.1082 60.4517 5.1409
Generation: 227 63.7432 180.2193 60.8947 5.2186
Generation: 228 63.5550 180.0388 61.5931 5.0482
Generation: 229 68.3109 184.3637 60.3802 4.9989
Generation: 230 68.0939 184.1452 60.8597 5.1777
Generation: 231 68.1945 184.2447 61.3025 5.2546
Generation: 232 64.0068 152.4965 60.8295 4.7499
Generation: 233 65.2600 181.5278 60.8292 4.8764
Generation: 234 63.6516 180.1370 61.5002 4.8272
Generation: 235 68.0794 184.1313 60.8691 5.0684
Generation: 236 62.4635 179.0567 61.4477 4.9387
Generation: 237 69.5440 157.4865 60.3284 6.6785
Generation: 238 64.8852 181.2564 61.8911 4.9853
Generation: 239 64.3474 180.7266 60.8968 4.4974
Generation: 240 62.5860 151.1723 60.3899 4.9108
Generation: 241 68.1978 184.2504 61.6964 4.5032
Generation: 242 68.1509 184.2019 60.7550 5.5458
Generation: 243 63.3699 179.8582 60.5850 5.1454
Generation: 244 71.8456 159.5754 60.8778 4.7319
Generation: 245 65.9188 182.1901 60.5100 4.6889
Generation: 246 70.8444 158.6817 61.1690 5.0421
Generation: 247 65.9451 182.2152 60.7486 5.8339
Generation: 248 67.9468 184.0007 61.0880 4.8883
Generation: 249 69.5860 157.5320 60.9084 5.0207
Generation: 250 67.9427 183.9960 60.4240 5.3243
Generation: 251 69.7369 157.6840 60.4889 4.9943
Generation: 252 70.8088 158.6455 60.6184 4.7471
Generation: 253 63.4906 151.9800 61.1153 4.4475
Generation: 254 68.1334 184.1881 61.4027 4.8900
Generation: 255 69.2157 157.1634 60.4184 5.7201
Generation: 256 63.6959 180.1841 61.5179 4.8987
Generation: 257 71.7329 159.4573 61.0766 4.4362
Generation: 258 68.6105 156.6708 61.0027 4.8262
Generation: 259 70.7397 158.5778 60.6811 4.9799
Generation: 260 68.1200 184.1719 61.6755 4.1879
Generation: 261 69.6083 157.5560 61.2700 4.4238
Generation: 262 69.3150 157.2598 61.1450 4.6330
Generation: 263 71.7928 159.5003 62.0534 4.8896
Generation: 264 65.7512 159.0270 60.3882 5.3749
Generation: 265 65.8898 182.1610 61.1831 4.5707
Generation: 266 70.6210 158.4537 60.9843 4.4528
Generation: 267 63.8429 180.3281 60.8796 4.8593
Generation: 268 68.2228 184.2749 60.5667 5.2168
Generation: 269 66.9687 183.1313 60.4707 5.5898
Generation: 270 68.2152 184.2656 60.9570 5.1948
Generation: 271 70.2081 198.0479 61.8507 5.2541
Generation: 272 66.9457 160.1157 61.0440 5.4186
Generation: 273 67.0627 155.2312 61.2531 4.8089
Generation: 274 64.5049 180.8855 60.8908 4.7016
Generation: 275 64.8305 181.2098 60.9935 4.2900
Generation: 276 68.5452 156.6061 60.8974 5.2886
Generation: 277 63.5717 180.0572 60.6867 4.9285
Generation: 278 62.6929 179.2863 60.9542 4.7848
Generation: 279 68.2269 184.2820 62.1428 3.9565
Generation: 280 65.7890 182.0615 60.7718 5.4959
Generation: 281 68.1558 184.2096 60.8061 5.4773
Generation: 282 64.8412 181.2198 61.4704 5.2633
Generation: 283 70.7976 158.6270 61.2648 5.2988
Generation: 284 68.0800 184.1335 61.2640 5.1669
Generation: 285 68.6743 156.7335 60.9438 4.7954
Generation: 286 68.2044 184.2595 61.1110 5.7639
Generation: 287 70.8211 158.6569 60.2940 5.7324
Generation: 288 70.8017 158.6396 61.2854 4.7042
Generation: 289 68.6540 156.7137 60.9768 5.8903
Generation: 290 68.2087 184.2621 61.1015 5.6866
Generation: 291 66.3352 154.6133 60.8809 4.5753
Generation: 292 68.1800 156.2332 61.4396 4.9957
Generation: 293 68.2067 184.2577 60.5990 5.8324
Generation: 294 70.8339 158.6698 61.4098 5.9402
Generation: 295 68.4809 156.5411 60.3589 5.2485
Generation: 296 69.2524 157.2007 60.8008 4.9445
Generation: 297 63.8306 180.3175 61.6308 5.3162
Generation: 298 70.6381 158.4708 61.5753 4.7441
Generation: 299 70.8042 158.6412 61.0101 4.9157
Generation: 300 65.9198 182.1906 61.3345 4.7849
Generation: 301 69.6654 157.6116 61.0730 4.8640
Generation: 302 63.4399 179.9263 61.6900 4.7212
Generation: 303 69.7735 157.7107 60.4204 5.2770
Generation: 304 70.3645 198.2013 60.3243 4.6490
Generation: 305 63.6527 180.1398 61.3269 5.4258
Generation: 306 70.7453 158.5831 61.6553 4.9073
Generation: 307 65.8136 159.0868 60.7382 5.2871
Generation: 308 63.6645 180.1506 60.7187 5.9269
Generation: 309 64.0553 152.5457 60.5588 5.1893
Generation: 310 63.9389 162.2946 61.1973 5.0395
Generation: 311 68.1986 184.2512 62.7276 3.9862
Generation: 312 71.8194 159.5453 61.2453 4.3376
Generation: 313 70.6315 158.4659 61.9165 4.1191
Generation: 314 64.6625 181.0434 61.5712 4.6729
Generation: 315 68.1694 184.2240 61.1076 5.1110
Generation: 316 68.1318 184.1869 61.8039 5.3115
Generation: 317 68.3374 184.3915 61.7569 4.4528
Generation: 318 62.5849 151.1709 61.4011 4.0868
Generation: 319 63.6682 180.1552 61.4481 4.3404
Generation: 320 68.7049 184.6519 61.5848 4.6904
Generation: 321 70.5933 158.4272 61.7672 4.5664
Generation: 322 67.8286 183.8837 61.4298 4.2119
Generation: 323 68.2828 184.3373 62.2300 4.8782
Generation: 324 65.1396 153.5187 61.6030 4.6213
Generation: 325 62.5521 151.1369 61.8532 4.7491
Generation: 326 63.7816 180.2696 61.2514 4.2956
Generation: 327 66.1842 182.4552 62.2208 4.0761
Generation: 328 68.7647 184.7134 61.9872 4.3297
Generation: 329 70.7135 158.5463 62.4581 4.5749
Generation: 330 70.4742 198.3133 62.0873 4.5941
Generation: 331 63.8752 180.3611 61.6671 4.6811
Generation: 332 70.6164 158.4514 62.5774 4.7863
Generation: 333 69.7890 185.6266 61.3600 4.5041
Generation: 334 68.4506 184.5032 62.2775 3.9253
Generation: 335 68.3290 184.3830 62.2126 4.1257
Generation: 336 65.5913 181.8647 62.1036 4.5169
Generation: 337 68.5596 184.5056 62.1552 4.6901
Generation: 338 68.2331 184.2882 61.2022 4.9358
Generation: 339 68.3977 184.4503 61.4828 4.6984
Generation: 340 68.2212 184.2746 61.8448 4.8531
Generation: 341 68.3404 184.3933 61.4491 5.2818
Generation: 342 68.3179 184.3719 61.3825 5.0929
Generation: 343 68.2615 184.3157 61.8928 4.6488
Generation: 344 70.4790 198.3195 62.1013 4.6147
Generation: 345 68.1937 184.2471 62.9602 3.8799
Generation: 346 68.4030 184.4536 61.6815 4.9545
Generation: 347 63.7743 180.2611 62.0775 4.5395
Generation: 348 70.4503 198.2904 61.7048 4.8617
Generation: 349 63.0427 179.5301 62.2718 4.0842
Generation: 350 69.4338 185.3801 61.5593 4.3276
Generation: 351 70.4228 198.2620 62.5996 3.9594
Generation: 352 70.4713 198.3108 63.2153 4.1864
Generation: 353 68.1064 184.1632 62.8990 3.9069
Generation: 354 65.9069 182.1780 62.8000 4.7174
Generation: 355 70.5956 198.4333 62.6130 4.8163
Generation: 356 68.3605 184.4111 62.2008 5.0581
Generation: 357 70.5703 198.4095 62.5736 5.2839
Generation: 358 68.2537 184.3071 62.1308 5.2450
Generation: 359 68.2908 184.3448 62.5843 4.3562
Generation: 360 68.3909 184.4432 62.2252 4.5316
Generation: 361 68.3431 184.3953 62.6751 4.0744
Generation: 362 69.4263 185.3726 62.8799 4.3756
Generation: 363 63.7605 180.2490 62.6658 4.0307
Generation: 364 68.3277 184.3820 62.7947 4.2487
Generation: 365 70.5585 198.3991 63.5369 3.8518
Generation: 366 68.2538 184.3086 62.8236 3.6191
Generation: 367 68.2152 184.2699 62.2035 4.7066
Generation: 368 68.2697 184.3225 63.3684 3.8952
Generation: 369 70.6171 198.4579 63.5041 4.3402
Generation: 370 69.1770 185.1255 64.1940 3.5048
Generation: 371 68.4130 184.4636 62.9310 4.3857
Generation: 372 70.4083 198.2474 63.8521 3.4022
Generation: 373 68.3746 184.4275 62.6074 4.1115
Generation: 374 70.4612 198.3003 62.6216 4.3536
Generation: 375 69.4000 185.3468 63.8619 3.5508
Generation: 376 70.5249 198.3641 63.8722 3.9320
Generation: 377 68.1717 184.2250 63.9645 3.6398
Generation: 378 70.3108 198.1508 63.5473 4.0058
Generation: 379 69.3221 185.2693 64.1644 3.2728
Generation: 380 69.2851 185.2322 63.9870 3.5751
Generation: 381 69.3424 185.2893 63.5742 4.0140
Generation: 382 70.4812 198.3203 64.2930 3.0696
Generation: 383 70.5229 198.3624 63.8990 3.8415
Generation: 384 70.4537 198.2928 64.0314 3.7412
Generation: 385 70.4533 198.2924 64.5721 3.2810
Generation: 386 70.4517 198.2908 64.2504 3.3911
Generation: 387 70.4519 198.2921 64.0539 3.7264
Generation: 388 69.3297 157.2757 63.8692 3.7382
Generation: 389 70.4306 198.2708 64.1936 3.5957
Generation: 390 70.4959 198.3345 63.8125 3.4481
Generation: 391 69.2916 185.2384 63.9503 3.3089
Generation: 392 70.5698 198.4074 63.7515 3.4636
Generation: 393 68.4270 184.4800 63.4255 3.2703
Generation: 394 69.4681 185.4130 63.5608 3.8756
Generation: 395 69.2320 185.1802 63.0448 4.0094
Generation: 396 68.3474 184.4004 63.5912 4.2139
Generation: 397 69.3276 185.2756 63.9778 3.4303
Generation: 398 68.3527 184.4061 63.8004 3.9665
Generation: 399 69.2680 185.2160 64.0106 4.0873
Generation: 400 70.5456 198.3854 63.4677 3.4938
Generation: 401 70.4837 198.3228 63.4475 3.6835
Generation: 402 69.1611 157.1101 63.0149 4.2009
Generation: 403 69.3073 185.2556 63.5721 3.5262
Generation: 404 68.3895 184.4425 63.4181 3.3315
Generation: 405 69.4506 185.3951 64.6780 2.9081
Generation: 406 68.1799 184.2349 63.5650 4.0059
Generation: 407 69.3296 185.2768 64.0718 2.8407
Generation: 408 67.0118 160.1807 63.2881 4.2703
Generation: 409 69.4379 185.3847 63.8588 3.7943
Generation: 410 69.4959 185.4426 62.5793 6.3367
Generation: 411 69.2374 185.1852 63.4939 3.3112
Generation: 412 70.6624 198.4991 63.2212 4.1173
Generation: 413 69.4667 185.4114 63.3326 3.4789
Generation: 414 69.3569 185.3034 63.9689 3.6079
Generation: 415 69.3706 185.3172 64.0237 3.7943
Generation: 416 68.4124 184.4654 62.9524 4.2223
Generation: 417 68.3768 184.4311 63.2211 3.5138
Generation: 418 68.2666 184.3211 62.6201 4.0263
Generation: 419 70.4560 198.2966 63.5656 3.6413
Generation: 420 70.5337 198.3728 63.4359 3.2455
Generation: 421 70.6290 198.4678 63.1232 3.8200
Generation: 422 69.3172 185.2647 63.9957 3.5880
Generation: 423 70.5600 198.3991 63.0948 4.3576
Generation: 424 70.4449 198.2850 64.1772 3.5146
Generation: 425 70.5410 198.3813 63.9030 3.2009
Generation: 426 69.3854 185.3335 63.7322 3.6111
Generation: 427 68.3970 184.4500 63.8685 3.2795
Generation: 428 70.4594 198.2996 63.3254 3.8227
Generation: 429 70.5016 198.3412 64.0686 3.7077
Generation: 430 70.5722 198.4124 63.3764 3.7074
Generation: 431 68.3466 184.3996 63.3156 3.5640
Generation: 432 68.4493 184.5021 63.1907 4.2657
Generation: 433 70.4869 198.3271 63.2051 4.4668
Generation: 434 69.3780 185.3247 62.9410 3.7492
Generation: 435 70.6110 198.4512 63.7740 3.6226
Generation: 436 70.5845 198.4233 63.8326 3.5101
Generation: 437 70.5245 198.3633 63.3599 3.6126
Generation: 438 68.3443 184.3986 62.5517 3.9644
Generation: 439 70.5915 198.4316 64.1147 3.3070
Generation: 440 69.4889 185.4355 63.3609 3.7035
Generation: 441 70.4244 198.2646 62.5437 3.8782
Generation: 442 68.3771 184.4300 63.6414 3.2492
Generation: 443 69.4590 185.4055 63.2566 3.7146
Generation: 444 68.2568 184.3095 63.1589 3.0989
Generation: 445 69.4495 185.3959 63.3672 3.6986
Generation: 446 68.3539 184.4082 63.2265 3.4421
Generation: 447 68.4563 184.5091 63.3197 3.4801
Generation: 448 70.6290 198.4678 62.8145 4.2722
Generation: 449 69.2587 185.2065 63.0328 3.9242
Generation: 450 70.4908 198.3304 63.7729 3.6682
Generation: 451 70.6715 198.5103 63.9449 3.9195
Generation: 452 70.6054 198.4441 63.7277 3.8995
Generation: 453 69.4344 185.3809 64.1097 3.6493
Generation: 454 70.6470 198.4862 63.5373 3.8534
Generation: 455 70.6065 198.4453 63.5779 3.4010
Generation: 456 68.3661 184.4182 64.2926 3.2577
Generation: 457 69.4206 185.3672 63.8574 3.8089
Generation: 458 68.3152 184.3686 63.5992 3.2369
Generation: 459 69.3573 185.3038 63.3912 3.5501
Generation: 460 69.3625 185.3088 64.0538 3.3269
Generation: 461 70.4890 198.3292 63.9082 3.6863
Generation: 462 70.5908 198.4275 63.8733 3.1915
Generation: 463 70.5688 198.4074 63.7421 3.8774
Generation: 464 68.3749 184.4279 63.6775 3.2544
Generation: 465 70.6483 198.4850 63.5624 4.2829
Generation: 466 70.6470 198.4862 63.4991 3.9926
Generation: 467 70.5529 198.3916 63.3636 3.8756
Generation: 468 70.5283 198.3674 63.8855 3.3285
Generation: 469 70.5386 198.3783 63.6147 3.4373
Generation: 470 69.3857 185.3339 64.7626 3.1744
Generation: 471 70.5684 198.4070 63.7030 3.4224
Generation: 472 70.6799 198.5187 63.0602 3.8635
Generation: 473 68.3624 184.4154 63.6788 3.5773
Generation: 474 70.6295 198.4683 64.0282 3.3932
Generation: 475 70.6699 198.5071 64.4369 3.2896
Generation: 476 70.6841 198.5233 63.7642 3.3605
Generation: 477 69.3191 185.2655 63.9401 2.9866
Generation: 478 70.5516 198.3912 63.9670 3.3715
Generation: 479 69.4823 185.4288 64.4746 3.2566
Generation: 480 70.5759 198.4145 64.5840 3.1950
Generation: 481 68.3824 184.4354 63.9938 3.2183
Generation: 482 70.6790 198.5178 64.3262 3.1722
Generation: 483 68.4254 184.4783 64.0282 3.4237
Generation: 484 69.4866 185.4330 64.0314 3.3944
Generation: 485 69.3761 185.3226 64.1125 3.0333
Generation: 486 69.5383 185.4851 64.3589 3.5528
Generation: 487 70.6406 198.4817 64.1818 3.5439
Generation: 488 70.6774 198.5146 64.7674 3.2007
Generation: 489 70.6849 198.5216 64.6166 3.3780
Generation: 490 70.5970 198.4362 64.3643 3.4574
Generation: 491 69.4579 185.4043 64.0510 3.6369
Generation: 492 70.6395 198.4787 64.0802 3.1361
Generation: 493 69.5223 185.4668 64.4788 3.2916
Generation: 494 69.3535 185.3010 64.3880 3.2035
Generation: 495 70.6531 198.4912 64.6361 3.3073
Generation: 496 69.4143 185.3597 64.1157 3.3133
Generation: 497 70.6429 198.4816 64.1528 3.6553
Generation: 498 70.7274 198.5646 64.5042 3.7051
Generation: 499 69.4784 185.4247 63.9532 3.6132
Generation: 500 70.6790 198.5178 64.7239 3.3800
Generation: 501 70.4369 198.2771 63.9292 3.5643
Generation: 502 70.5833 198.4200 64.5677 3.3670
Generation: 503 69.4573 185.4038 64.2827 3.3072
Generation: 504 70.6467 198.4833 63.8332 3.4628
Generation: 505 70.6690 198.5066 64.3865 3.4797
Generation: 506 70.5895 198.4291 64.1324 3.5788
Generation: 507 70.6774 198.5141 63.6168 3.8734
Generation: 508 70.5036 198.3437 63.4936 3.3988
Generation: 509 69.4414 185.3889 64.2489 2.8841
Generation: 510 70.6440 198.4828 63.9893 3.4876
Generation: 511 70.6633 198.5000 64.1190 3.2897
Generation: 512 70.6704 198.5091 63.9651 3.5991
Generation: 513 70.5970 198.4358 63.7320 3.7106
Generation: 514 69.5183 185.4651 64.1498 3.4317
Generation: 515 69.5172 185.4638 63.9875 3.7449
Generation: 516 70.4260 198.2663 64.4048 3.3506
Generation: 517 70.6181 198.4558 63.7242 3.6717
Generation: 518 70.6715 198.5103 64.6602 3.1503
Generation: 519 70.6483 198.4850 63.9638 3.0712
Generation: 520 69.5006 185.4451 63.9126 3.2368
Generation: 521 69.5156 185.4601 64.2111 3.2216
Generation: 522 70.6715 198.5103 63.7418 3.4278
Generation: 523 70.6940 198.5328 64.4181 3.2636
Generation: 524 69.4824 185.4288 63.6271 3.3531
Generation: 525 70.7506 198.5899 64.0008 5.3128
Generation: 526 70.6924 198.5312 63.6665 3.6231
Generation: 527 70.7456 198.5849 64.3520 3.2279
Generation: 528 70.6627 198.5025 64.1345 3.5260
Generation: 529 69.4498 185.3943 63.5964 5.3865
Generation: 530 70.7211 198.5603 64.2595 3.4099
Generation: 531 70.6290 198.4678 64.1110 3.5776
Generation: 532 70.6740 198.5128 64.4731 3.2312
Generation: 533 70.6606 198.4983 64.2743 3.4759
Generation: 534 70.6027 198.4428 64.3299 3.4795
Generation: 535 70.6772 198.5171 64.7605 3.2781
Generation: 536 69.5383 185.4851 64.9730 3.2196
Generation: 537 70.6702 198.5100 65.3354 2.8001
Generation: 538 70.6790 198.5178 64.9206 3.4484
Generation: 539 70.7156 198.5549 64.7922 3.4963
Generation: 540 70.7010 198.5399 64.8805 3.2191
Generation: 541 69.5168 185.4634 64.3738 3.3155
Generation: 542 69.5001 185.4477 64.0352 3.8789
Generation: 543 70.7061 198.5453 64.6475 3.1633
Generation: 544 70.6940 198.5328 65.0658 3.4654
Generation: 545 70.7490 198.5863 64.5850 4.0893
Generation: 546 69.4421 185.3897 64.0643 3.9313
Generation: 547 70.7077 198.5470 64.5323 3.1979
Generation: 548 70.7656 198.6049 64.6480 3.5677
Generation: 549 70.7581 198.5974 63.7602 3.6102
Generation: 550 70.7490 198.5883 64.2108 3.4354
Generation: 551 70.6120 198.4508 64.1222 3.4106
Generation: 552 70.6856 198.5249 64.5455 3.5732
Generation: 553 70.6510 198.4899 63.8140 3.2866
Generation: 554 70.7310 198.5699 64.4191 3.3557
Generation: 555 70.6865 198.5253 64.7237 3.4810
Generation: 556 70.7506 198.5899 64.3724 3.2949
Generation: 557 70.6715 198.5103 63.9963 3.4658
Generation: 558 70.7431 198.5824 63.7557 3.7262
Generation: 559 68.3601 184.4129 63.8366 3.2251
Generation: 560 70.6790 198.5178 63.1219 4.6102
Generation: 561 70.7431 198.5824 64.4680 4.1831
Generation: 562 70.6420 198.4812 64.8807 3.0010
Generation: 563 70.7131 198.5524 64.2837 3.7378
Generation: 564 70.7056 198.5449 64.7382 3.1751
Generation: 565 70.7211 198.5603 63.4301 7.7938
Generation: 566 70.6911 198.5303 64.8755 3.7016
Generation: 567 70.6777 198.5170 64.6088 3.4794
Generation: 568 70.7295 198.5687 64.7187 3.1667
Generation: 569 70.7131 198.5524 64.5451 3.4201
Generation: 570 70.7049 198.5421 64.4181 3.4136
Generation: 571 70.6168 198.4570 63.6025 4.9735
Generation: 572 70.6931 198.5324 64.3537 4.7407
Generation: 573 70.6295 198.4683 64.8370 3.3875
Generation: 574 68.4335 184.4878 64.9830 2.9862
Generation: 575 70.6931 198.5324 64.7953 4.1676
Generation: 576 70.7802 198.6195 63.6863 5.7049
Generation: 577 70.6865 198.5253 64.5247 4.2091
Generation: 578 70.6415 198.4803 63.6972 6.1100
Generation: 579 70.6570 198.4958 64.6330 4.2067
Generation: 580 70.6706 198.5099 64.7155 5.4062
Generation: 581 70.7281 198.5674 65.2858 4.9453
Generation: 582 70.6290 198.4678 64.6218 3.1487
Generation: 583 70.6865 198.5253 64.9231 3.2946
Generation: 584 70.6452 198.4853 65.4697 3.1196
Generation: 585 69.4719 185.4184 65.3998 3.1037
Generation: 586 70.7211 198.5603 65.5284 3.0791
Generation: 587 70.7085 198.5474 65.0247 3.0434
Generation: 588 70.6856 198.5249 64.9773 3.2859
Generation: 589 70.6065 198.4453 65.4134 3.0361
Generation: 590 70.7081 198.5474 65.4206 3.0638
Generation: 591 70.6856 198.5249 64.9269 4.1089
Generation: 592 70.6845 198.5237 65.2049 3.1125
Generation: 593 70.5824 198.4212 64.9956 3.1238
Generation: 594 70.6910 198.5303 65.2463 3.2662
Generation: 595 70.6335 198.4737 64.7943 3.4168
Generation: 596 70.7206 198.5599 64.6886 3.2079
Generation: 597 70.6660 198.5049 64.8054 3.3260
Generation: 598 70.6824 198.5196 63.6441 3.2862
Generation: 599 70.6065 198.4453 65.1066 2.9902
Generation: 600 70.6781 198.5174 65.0581 3.3363
Generation: 601 70.7356 198.5749 64.8250 3.4057
Generation: 602 70.6777 198.5170 64.1679 3.4518
Generation: 603 70.6747 198.5128 65.4247 3.2462
Generation: 604 70.7506 198.5899 65.9301 3.0129
Generation: 605 69.4647 185.4114 64.9418 3.0723
Generation: 606 70.7077 198.5470 64.9469 3.5605
Generation: 607 70.6769 198.5158 65.3157 2.9577
Generation: 608 70.7431 198.5824 65.6146 2.9789
Generation: 609 70.7136 198.5528 64.9830 3.4138
Generation: 610 70.6490 198.4878 65.2816 3.0801
Generation: 611 70.6340 198.4728 65.0193 3.3883
Generation: 612 70.6104 198.4491 64.8557 3.1032
Generation: 613 70.7206 198.5599 64.6267 3.3014
Generation: 614 70.6579 198.4966 65.0523 4.0335
Generation: 615 70.6743 198.5145 65.3257 3.3113
Generation: 616 70.6777 198.5170 65.1434 3.8453
Generation: 617 70.6968 198.5370 65.3156 4.8330
Generation: 618 70.6595 198.4987 64.9985 3.5066
Generation: 619 70.7281 198.5674 65.0265 3.3843
Generation: 620 70.6290 198.4678 65.0960 3.3825
Generation: 621 70.6293 198.4695 64.7181 3.4455
Generation: 622 70.6545 198.4937 65.2354 3.8667
Generation: 623 70.6377 198.4778 65.6682 3.0915
Generation: 624 70.6490 198.4878 65.2782 4.0921
Generation: 625 70.7061 198.5453 65.6934 2.6595
Generation: 626 70.6986 198.5378 65.0586 3.2194
Generation: 627 70.7056 198.5449 65.1819 3.0773
Generation: 628 70.7056 198.5449 65.0420 3.4506
Generation: 629 70.6836 198.5228 65.4813 3.5069
Generation: 630 70.7056 198.5449 65.4904 3.2212
Generation: 631 70.7506 198.5899 64.8886 3.3915
Generation: 632 70.6785 198.5174 65.0823 3.5470
Generation: 633 70.7056 198.5449 65.0571 3.4964
Generation: 634 70.7265 198.5638 64.9664 4.8020
Generation: 635 70.9692 198.8037 65.0606 3.4764
Generation: 636 70.6968 198.5370 64.9323 3.2576
Generation: 637 70.6981 198.5374 65.0609 3.5772
Generation: 638 70.6911 198.5303 65.4919 3.1873
Generation: 639 70.6624 198.4991 65.4424 3.6348
Generation: 640 70.7431 198.5824 65.4073 3.3564
Generation: 641 70.6624 198.5012 65.2657 3.2208
Generation: 642 70.7040 198.5413 65.3265 3.1586
Generation: 643 70.6699 198.5087 65.5452 3.1092
Generation: 644 70.7115 198.5488 65.0944 3.3732
Generation: 645 70.7131 198.5524 65.2120 3.2453
Generation: 646 70.7174 198.5546 65.7867 2.5380
Generation: 647 70.6849 198.5216 65.2826 3.4555
Generation: 648 70.6790 198.5178 64.9035 3.1378
Generation: 649 70.6565 198.4953 65.4009 3.4121
Generation: 650 70.6631 198.5024 65.1700 3.0668
Generation: 651 70.6807 198.5158 64.7676 3.5215
Generation: 652 70.7829 198.6171 65.3884 3.3555
Generation: 653 70.7149 198.5537 64.4660 3.6462
Generation: 654 70.7206 198.5599 64.8742 3.3475
Generation: 655 70.9726 198.8070 65.4567 3.0450
Generation: 656 70.6624 198.5012 65.5263 3.0446
Generation: 657 70.7265 198.5628 65.3236 3.1785
Generation: 658 70.6329 198.4716 64.7736 3.1935
Generation: 659 70.6135 198.4524 65.4123 3.2829
Generation: 660 70.7061 198.5453 65.2629 4.2023
Generation: 661 70.7215 198.5608 65.4417 3.4045
Generation: 662 70.7031 198.5412 65.1087 3.7299
Generation: 663 70.7640 198.6033 65.7316 3.3876
Generation: 664 70.6540 198.4933 64.2845 3.4920
Generation: 665 70.7265 198.5658 65.3537 3.5627
Generation: 666 70.7645 198.6037 65.6886 3.2579
Generation: 667 70.6608 198.4974 65.0857 3.2696
Generation: 668 70.6711 198.5103 65.3429 3.3076
Generation: 669 70.7429 198.5816 65.0824 3.4302
Generation: 670 70.7953 198.6324 64.8186 3.2859
Generation: 671 70.8344 198.6726 65.2346 3.5582
Generation: 672 70.9224 198.7612 64.9520 3.4921
Generation: 673 70.8374 198.6762 65.3367 3.4224
Generation: 674 70.9235 198.7566 65.6365 3.2474
Generation: 675 70.9131 198.7512 65.0747 3.4511
Generation: 676 70.7311 198.5666 65.1437 3.5230
Generation: 677 70.6686 198.5078 65.4053 2.9827
Generation: 678 70.6774 198.5162 65.5866 3.2674
Generation: 679 70.7195 198.5587 64.7099 3.5256
Generation: 680 70.8140 198.6503 65.4382 3.2629
Generation: 681 70.7215 198.5608 64.9443 3.2527
Generation: 682 70.6940 198.5328 65.5220 3.3222
Generation: 683 71.0418 198.8795 65.6585 3.3165
Generation: 684 70.7023 198.5395 65.1631 3.1450
Generation: 685 70.6804 198.5166 65.6560 3.1109
Generation: 686 70.7289 198.5681 65.5149 3.0820
Generation: 687 70.9289 198.7666 66.0446 3.0629
Generation: 688 70.9685 198.8041 65.2258 3.4901
Generation: 689 69.6157 185.5597 64.8686 3.5185
Generation: 690 70.6604 198.4991 65.4481 3.1254
Generation: 691 71.2738 199.1053 65.5923 2.9105
Generation: 692 71.0120 198.8483 65.8721 3.1554
Generation: 693 70.9295 198.7658 66.3774 2.8562
Generation: 694 71.0021 198.8358 65.6506 3.0321
Generation: 695 71.0736 198.9104 65.6644 3.4798
Generation: 696 70.9569 198.7916 65.2777 3.6110
Generation: 697 70.9737 198.8091 65.6029 3.3739
Generation: 698 70.9615 198.7970 65.1437 3.4554
Generation: 699 70.9044 198.7416 64.9372 3.4834
Generation: 700 71.1652 198.9984 64.5432 4.0451
Generation: 701 70.8823 198.7195 65.9486 3.0659
Generation: 702 70.8777 198.7163 65.0658 3.5211
Generation: 703 70.6146 198.4529 64.9955 3.7829
Generation: 704 71.0514 198.8845 64.9696 3.1716
Generation: 705 70.7325 198.5719 64.9917 3.3516
Generation: 706 70.8831 198.7199 64.9600 3.4453
Generation: 707 70.7051 198.5441 65.7437 3.4275
Generation: 708 70.9803 198.8149 65.3701 3.2219
Generation: 709 70.9435 198.7766 65.8327 3.0073
Generation: 710 70.8460 198.6833 65.0150 3.6386
Generation: 711 70.7144 198.5533 64.8004 4.2115
Generation: 712 70.9310 198.7699 65.7662 3.4045
Generation: 713 70.8895 198.7270 66.2498 2.9202
Generation: 714 70.8448 198.6838 66.2712 3.2285
Generation: 715 70.8573 198.6989 65.6822 3.4314
Generation: 716 70.8702 198.7100 64.9634 3.5522
Generation: 717 70.9653 198.8024 65.5504 3.1833
Generation: 718 70.7185 198.5583 65.4698 3.0650
Generation: 719 70.8768 198.7159 65.6124 3.6094
Generation: 720 70.8660 198.7062 64.4502 4.2722
Generation: 721 70.9605 198.7941 65.6599 3.6659
Generation: 722 70.9294 198.7666 65.7809 3.5408
Generation: 723 71.1751 199.0088 65.0816 3.6739
Generation: 724 70.9917 198.8258 65.6802 3.6050
Generation: 725 70.7207 198.5596 65.3147 3.6476
Generation: 726 70.9105 198.7466 64.9706 3.9750
Generation: 727 70.8806 198.7199 65.4425 3.5604
Generation: 728 70.7863 198.6254 65.3643 3.7546
Generation: 729 70.7620 198.5983 65.4113 3.3979
Generation: 730 70.8386 198.6762 65.6216 3.4752
Generation: 731 70.8664 198.7037 65.8626 3.5268
Generation: 732 70.8719 198.7127 65.6003 3.3256
Generation: 733 70.9045 198.7352 65.4344 3.5219
Generation: 734 70.5989 198.4356 65.4779 3.3319
Generation: 735 70.9044 198.7440 65.8041 3.1607
Generation: 736 70.8830 198.7191 64.9183 3.8691
Generation: 737 70.8246 198.6629 65.5077 2.9872
Generation: 738 70.9067 198.7480 65.5273 3.0356
Generation: 739 70.4544 198.2950 65.3650 3.5029
Generation: 740 70.8658 198.7025 65.6494 3.5035
Generation: 741 71.2542 199.0883 66.4320 3.0938
Generation: 742 70.8592 198.6979 65.8042 3.2846
Generation: 743 71.0910 198.9249 65.1119 3.4682
Generation: 744 70.9798 198.8188 66.1253 3.2400
Generation: 745 70.9319 198.7666 65.6274 3.5657
Generation: 746 70.8445 198.6837 66.0940 3.4938
Generation: 747 70.8624 198.6991 65.9101 3.5778
Generation: 748 70.8579 198.6966 66.2135 3.2615
Generation: 749 71.1367 198.9708 65.6538 3.2530
Generation: 750 70.8526 198.6866 65.3319 3.4505
Generation: 751 70.9152 198.7520 66.2207 3.4192
Generation: 752 70.8954 198.7321 65.4576 3.7340
Generation: 753 71.0736 198.9104 66.0222 3.3092
Generation: 754 70.8802 198.7188 65.8348 3.2754
Generation: 755 70.8096 198.6479 66.2768 2.8989
Generation: 756 70.8840 198.7170 66.0117 3.4501
Generation: 757 70.8264 198.6637 65.2839 3.2448
Generation: 758 70.9479 198.7821 65.2617 3.6322
Generation: 759 70.7171 198.5549 65.7830 3.5824
Generation: 760 70.9150 198.7516 66.4685 2.7740
Generation: 761 70.8182 198.6575 66.0246 3.3218
Generation: 762 70.8518 198.6920 66.3914 2.8590
Generation: 763 70.8815 198.7187 66.2437 3.3787
Generation: 764 71.1237 198.9578 66.3546 3.2168
Generation: 765 70.8527 198.6899 65.9001 3.1721
Generation: 766 71.0226 198.8563 66.2115 3.2701
Generation: 767 71.2185 199.0516 66.2020 3.3843
Generation: 768 70.8403 198.6774 66.5143 2.9455
Generation: 769 70.8414 198.6787 65.8934 3.2896
Generation: 770 70.8773 198.7149 66.0371 3.2912
Generation: 771 70.8815 198.7188 65.6234 3.3117
Generation: 772 70.8833 198.7200 66.4466 3.4316
Generation: 773 70.7315 198.5674 66.0723 3.0201
Generation: 774 69.8226 185.7631 65.2325 3.1787
Generation: 775 70.8486 198.6872 66.5720 2.9912
Generation: 776 70.8936 198.7328 66.4380 2.9123
Generation: 777 71.1599 198.9929 66.2314 3.6674
Generation: 778 71.0000 198.8362 65.4795 3.5576
Generation: 779 70.9018 198.7400 65.9655 3.5086
Generation: 780 70.9531 198.7903 66.3639 3.3688
Generation: 781 70.8243 198.6645 66.0876 3.2763
Generation: 782 70.8027 198.6425 66.6459 2.9991
Generation: 783 71.2323 199.0635 66.2983 3.3095
Generation: 784 70.7295 198.5643 65.5911 3.4700
Generation: 785 71.0062 198.8416 66.6316 3.0092
Generation: 786 70.9664 198.8038 66.2524 3.2824
Generation: 787 70.9202 198.7574 65.9854 3.5869
Generation: 788 71.1355 198.9673 66.8743 3.2036
Generation: 789 70.7274 198.5641 65.7044 3.4969
Generation: 790 71.1135 198.9466 66.4383 2.9683
Generation: 791 70.8695 198.7087 66.0933 3.1013
Generation: 792 70.7509 198.5853 66.5705 3.3158
Generation: 793 70.9574 198.7946 66.1704 3.2668
Generation: 794 71.1898 199.0210 66.2325 3.9112
Generation: 795 70.7696 198.6080 66.0939 3.4216
Generation: 796 70.9056 198.7428 66.5743 3.1757
Generation: 797 70.9900 198.8266 66.4204 3.2485
Generation: 798 70.8041 198.6437 65.6956 3.6792
Generation: 799 71.0629 198.8976 65.8993 4.0796
Generation: 800 71.1121 198.9441 66.5793 3.0366
Generation: 801 70.8751 198.7137 66.3108 3.2572
Generation: 802 70.8495 198.6858 66.3278 3.2511
Generation: 803 70.8946 198.7324 65.9005 3.5005
Generation: 804 70.8667 198.7054 65.8928 3.5978
Generation: 805 70.9499 198.7854 65.6635 3.5667
Generation: 806 71.0353 198.8699 66.7178 3.1692
Generation: 807 70.9395 198.7766 66.3659 3.1634
Generation: 808 70.9024 198.7391 65.8483 4.0300
Generation: 809 70.8748 198.7138 66.2939 3.5327
Generation: 810 71.1051 198.9388 66.8982 2.6066
Generation: 811 70.7187 198.5575 66.2575 3.2620
Generation: 812 70.9161 198.7553 67.0848 2.7677
Generation: 813 70.9427 198.7799 66.8138 2.6264
Generation: 814 70.9324 198.7712 67.0874 2.7020
Generation: 815 71.0264 198.8604 66.7202 3.0267
Generation: 816 70.8821 198.7199 66.7820 2.9420
Generation: 817 70.9823 198.8159 66.5761 2.9079
Generation: 818 71.1561 198.9879 66.7754 2.9320
Generation: 819 70.9596 198.7933 66.7673 2.9328
Generation: 820 70.8002 198.6378 66.0439 3.2755
Generation: 821 70.8352 198.6750 66.2316 2.9457
Generation: 822 70.9456 198.7828 66.1346 3.2850
Generation: 823 70.7860 198.6212 66.3855 3.1849
Generation: 824 70.8655 198.7037 66.1538 3.4369
Generation: 825 70.9459 198.7845 66.4078 3.3681
Generation: 826 71.0340 198.8691 65.9786 3.5826
Generation: 827 70.8980 198.7363 66.4145 3.3927
Generation: 828 71.2097 199.0433 65.9754 3.5082
Generation: 829 71.0019 198.8370 66.0190 3.2102
Generation: 830 71.2733 199.1078 65.7073 3.8847
Generation: 831 70.8154 198.6547 66.6095 2.7985
Generation: 832 70.8783 198.7150 66.0379 3.4560
Generation: 833 71.2975 199.1295 66.3572 3.5609
Generation: 834 70.9533 198.7878 66.5599 2.8875
Generation: 835 71.1719 199.0054 66.7476 3.5899
Generation: 836 71.1673 198.9985 66.0985 3.5232
Generation: 837 70.8883 198.7254 66.3797 3.5430
Generation: 838 71.3116 199.1446 65.5126 3.5300
Generation: 839 71.1434 198.9758 66.2990 3.2535
Generation: 840 71.0000 198.8325 66.0451 3.3337
Generation: 841 70.9163 198.7504 66.0551 3.0628
Generation: 842 71.0420 198.8733 66.6785 2.7391
Generation: 843 70.9867 198.8237 65.8526 3.2473
Generation: 844 71.1819 199.0137 66.1873 3.3985
Generation: 845 70.6585 198.4966 65.6961 3.2826
Generation: 846 71.1376 198.9716 66.1376 3.1761
Generation: 847 71.1048 198.9387 66.2568 3.4009
Generation: 848 70.9383 198.7749 65.6583 3.3700
Generation: 849 71.1876 199.0216 65.5067 3.6164
Generation: 850 70.8840 198.7224 65.8224 3.6649
Generation: 851 70.7582 198.5988 65.4369 3.4269
Generation: 852 70.9270 198.7596 66.4067 3.3300
Generation: 853 70.8384 198.6733 65.7989 3.3811
Generation: 854 70.8264 198.6672 65.9106 3.7097
Generation: 855 70.8999 198.7329 66.1539 3.0258
Generation: 856 70.8540 198.6887 66.1657 3.4704
Generation: 857 70.6870 198.5266 66.2297 3.1316
Generation: 858 70.8908 198.7276 66.3758 3.1216
Generation: 859 70.9303 198.7637 66.0210 3.0735
Generation: 860 70.9016 198.7391 65.9037 3.2696
Generation: 861 70.9366 198.7733 66.0424 3.3823
Generation: 862 70.9331 198.7691 65.9762 3.4772
Generation: 863 70.9947 198.8288 65.9637 2.8929
Generation: 864 70.9456 198.7837 65.6951 3.3381
Generation: 865 70.9335 198.7717 65.5196 3.5803
Generation: 866 71.1689 199.0020 65.7100 3.4651
Generation: 867 70.8332 198.6728 65.7474 3.5043
Generation: 868 70.9300 198.7865 65.6638 3.3205
Generation: 869 71.0174 198.8524 66.5424 3.0134
Generation: 870 70.7447 198.5788 65.7884 3.1378
Generation: 871 70.7240 198.5628 65.6539 3.2646
Generation: 872 70.8612 198.6942 65.8626 3.2129
Generation: 873 71.1416 198.9746 65.4358 3.3505
Generation: 874 71.0291 198.8617 66.0718 3.5778
Generation: 875 70.8301 198.6678 65.4551 3.2948
Generation: 876 71.2491 199.0817 65.5709 3.4774
Generation: 877 70.8775 198.7137 66.4866 2.9840
Generation: 878 71.0752 198.9128 66.1372 3.6466
Generation: 879 70.8420 198.6816 65.6038 3.3696
Generation: 880 70.9870 198.8237 66.0001 3.3254
Generation: 881 71.0398 198.8770 65.9655 3.6156
Generation: 882 70.9300 198.7666 66.4018 3.0657
Generation: 883 70.8282 198.6669 65.3570 3.3357
Generation: 884 70.8986 198.7354 66.5548 2.9918
Generation: 885 70.9477 198.7833 66.8943 2.9753
Generation: 886 70.9939 198.8270 66.0531 3.5247
Generation: 887 71.0755 198.9087 66.2460 3.3941
Generation: 888 70.9566 198.7895 66.4382 3.3071
Generation: 889 70.9480 198.7841 66.3397 3.1600
Generation: 890 70.7810 198.6162 65.8438 3.4060
Generation: 891 70.9569 198.7916 64.9260 4.0563
Generation: 892 71.0662 198.9050 65.8466 3.3445
Generation: 893 71.0404 198.8746 65.1882 3.7710
Generation: 894 71.1935 199.0266 66.3548 3.4477
Generation: 895 71.1436 198.9749 65.3446 3.6867
Generation: 896 70.9481 198.7862 65.9372 3.2279
Generation: 897 71.0898 198.9210 66.5955 3.3921
Generation: 898 70.9360 198.7712 65.6755 3.7323
Generation: 899 70.9110 198.7462 66.1627 3.6014
Generation: 900 71.2614 199.0945 65.9568 3.8623
Generation: 901 70.9124 198.7491 66.6432 3.1982
Generation: 902 71.0525 198.8887 65.6479 3.7113
Generation: 903 70.9569 198.7945 66.3956 3.2704
Generation: 904 70.7925 198.6287 65.5966 3.0592
Generation: 905 70.9372 198.7733 66.2349 3.2348
Generation: 906 70.9353 198.7699 66.6939 3.0691
Generation: 907 71.0436 198.8763 65.8300 3.4809
Generation: 908 71.0070 198.8437 65.9410 3.4579
Generation: 909 70.9994 198.8349 66.4783 3.2376
Generation: 910 71.2725 199.1036 66.6313 3.2207
Generation: 911 70.9409 198.7749 66.3593 3.2931
Generation: 912 71.0335 198.8660 66.0495 3.2009
Generation: 913 70.8540 198.6926 65.8617 3.5524
Generation: 914 71.0214 198.8570 66.8017 2.9329
Generation: 915 70.9730 198.8095 66.4879 3.0851
Generation: 916 70.8783 198.7149 66.8598 3.0078
Generation: 917 70.9438 198.7841 66.1002 3.7710
Generation: 918 71.1939 199.0270 66.2545 4.1200
Generation: 919 70.9774 198.8129 65.7210 3.4009
Generation: 920 70.9808 198.8179 65.4464 3.5919
Generation: 921 71.0684 198.9004 66.5331 3.2746
Generation: 922 71.1515 198.9832 66.1584 3.3081
Generation: 923 70.9331 198.7724 66.7163 2.9453
Generation: 924 71.2348 199.0659 66.0966 3.0778
Generation: 925 70.9617 198.7953 66.5323 3.2616
Generation: 926 71.0273 198.8620 66.1833 3.3991
Generation: 927 71.0428 198.8774 66.7517 2.8256
Generation: 928 71.0646 198.8966 66.7410 3.2680
Generation: 929 71.0985 198.9316 66.5417 3.2286
Generation: 930 70.9135 198.7521 66.7493 2.9122
Generation: 931 71.2640 199.0954 66.8554 3.6851
Generation: 932 71.0403 198.8774 66.4056 3.2479
Generation: 933 71.2485 199.0816 67.3162 2.6872
Generation: 934 71.1567 198.9912 67.0048 2.8094
Generation: 935 70.9990 198.8309 67.0717 2.9110
Generation: 936 71.1070 198.9420 66.5986 3.4029
Generation: 937 71.1176 198.9516 66.7245 3.0405
Generation: 938 71.0367 198.8708 67.0586 2.8230
Generation: 939 71.1817 199.0158 66.5739 3.2966
Generation: 940 71.2260 199.0591 66.8632 3.4708
Generation: 941 70.9987 198.8354 66.8453 3.3632
Generation: 942 71.0160 198.8491 66.8670 3.4972
Generation: 943 71.0025 198.8387 66.9415 3.3280
Generation: 944 71.2051 199.0388 66.0796 3.7453
Generation: 945 71.0211 198.8579 66.6743 3.4119
Generation: 946 70.9641 198.7967 66.6938 2.9939
Generation: 947 71.1380 198.9712 67.4148 2.7847
Generation: 948 71.0851 198.9187 66.5398 3.3908
Generation: 949 71.0389 198.8697 67.2482 3.2370
Generation: 950 71.0661 198.9029 66.9920 3.2981
Generation: 951 71.1783 199.0128 67.4742 2.7642
Generation: 952 71.0763 198.9103 66.9514 3.1324
Generation: 953 71.0605 198.8937 66.7938 3.4189
Generation: 954 70.9725 198.8087 66.4079 3.6845
Generation: 955 70.9278 198.7616 66.8171 3.4206
Generation: 956 71.1205 198.9541 66.6835 3.4136
Generation: 957 70.9717 198.8079 66.4024 3.4610
Generation: 958 70.9806 198.8199 66.5512 3.3258
Generation: 959 71.2205 199.0537 66.7511 3.7199
Generation: 960 71.2438 199.0778 66.4863 3.6570
Generation: 961 71.0030 198.8362 66.5258 3.3910
Generation: 962 71.1872 199.0208 67.2555 2.9199
Generation: 963 70.8827 198.7228 66.5161 3.5553
Generation: 964 70.9264 198.7637 66.6535 3.1895
Generation: 965 71.0559 198.8899 66.4432 3.2304
Generation: 966 71.2226 199.0563 66.1690 3.6972
Generation: 967 71.1231 198.9599 66.5413 3.3323
Generation: 968 71.0107 198.8483 66.3684 3.8108
Generation: 969 71.2111 199.0446 66.1891 3.4212
Generation: 970 71.1042 198.9383 66.7359 3.0119
Generation: 971 71.0025 198.8391 66.4457 3.5005
Generation: 972 70.8816 198.7187 66.1739 3.6793
Generation: 973 71.2701 199.1038 67.0458 3.1090
Generation: 974 71.1797 199.0133 66.1590 3.6122
Generation: 975 71.0291 198.8617 66.8067 3.4389
Generation: 976 70.8950 198.7312 66.2429 3.5937
Generation: 977 70.8795 198.7170 66.0857 3.3035
Generation: 978 71.0398 198.8737 66.5012 3.2889
Generation: 979 70.8345 198.6708 66.3591 3.1357
Generation: 980 70.9700 198.8062 66.6153 3.1210
Generation: 981 70.9961 198.8296 66.4434 3.5060
Generation: 982 71.1560 198.9891 66.0962 3.5446
Generation: 983 71.0175 198.8537 66.6151 3.1522
Generation: 984 70.9659 198.8020 65.8849 3.8410
Generation: 985 71.1007 198.9338 66.8897 3.2034
Generation: 986 71.0236 198.8604 66.7828 3.2645
Generation: 987 70.9586 198.7954 67.2111 2.8111
Generation: 988 70.9343 198.7683 67.4874 2.7489
Generation: 989 71.1594 198.9925 66.3055 3.2215
Generation: 990 71.0310 198.8641 66.6181 3.5898
Generation: 991 71.2005 199.0320 66.8384 3.1139
Generation: 992 70.9950 198.8312 66.8750 3.1794
Generation: 993 70.9568 198.7970 67.1447 3.1957
Generation: 994 70.9338 198.7678 66.9966 3.2198
Generation: 995 71.3576 199.1913 67.0370 3.3683
Generation: 996 70.9501 198.7838 66.7156 3.4511
Generation: 997 70.8520 198.6883 66.5781 3.3679
Generation: 998 70.8101 198.6483 67.2010 2.5127
Generation: 999 71.1091 198.9417 66.7842 3.3903
