3.207602889960714521e-01
-7.501000641387418622e-01
5.217324233146575230e-01
-1.445169455785053070e-01
4.541398780759445253e-02
7.782588263206319246e-01
3.506128792539085492e-01
-5.954746243917501403e-01
-9.988965211518554543e-01
9.353967839097123704e-01
9.910258809500951394e-01
-5.399633870372568811e-01
-4.590048778275275521e-02
2.488587940647314922e-01
-2.902271217372126566e-01
-4.996584208824290108e-01
-1.220207685505801387e-01
4.927500140819171537e-01
-4.115441980633598451e-01
-2.750555965484682286e-01
-5.738640283442764112e-01
-8.653144696533463520e-01
3.179429804956814820e-01
-9.335720272011516219e-02
2.525828603978015341e-01
-9.958852849337032076e-01
8.533646365293415803e-01
-6.331731724776448189e-01
5.311977989241860598e-01
-2.276730766194605404e-01
-4.375885390976452793e-01
1.298283183610519642e-01
4.921848210002846002e-01
2.941895504480089296e-01
9.765125203943885168e-01
6.752003079758484017e-01
-9.216012585351691655e-01
3.322613852044169480e-01
-8.428193641996817309e-02
-5.956263945996245757e-02
-1.413806278488727863e-01
-6.918200831590531896e-01
6.058911555311745634e-01
-3.511551621472388529e-01
7.768267615822064265e-01
-5.987201971237541276e-01
1.340311755997596332e-01
-9.889767641124209696e-01
-3.617424104018739373e-01
2.731516775461573232e-02
-8.882207773430437214e-01
-5.999948198461906301e-01
3.768339146670086626e-01
-3.853552969798545447e-01
6.445005041736437956e-01
-9.774289962528348585e-02
3.431085861639521228e-01
-7.103750743502634801e-01
3.536802660312043933e-02
2.281721698221620964e-01
-8.362921622941976718e-02
5.381283857911924873e-01
7.496760359372187654e-01
-2.219699793106346686e-01
9.977655548651566120e-01
-5.121042625360061606e-01
9.338452460632465923e-01
8.982080858066681106e-01
-4.415256532396795164e-01
-2.110085823177353381e-01
4.589306477411202456e-01
9.697031861885163639e-01
-4.739764518570349083e-01
6.969690280593945353e-01
-8.276447937954686807e-02
-8.734961591502613532e-01
-4.814041351162353655e-01
-7.035988437873492707e-01
-3.367200720271588260e-02
1.673206658957668291e-01
-9.326389419668146274e-02
7.931383473360960057e-01
8.080605923481327946e-02
1.956983457703721507e-01
-6.644475360751056492e-01
8.595587367148531666e-01
-4.800489451447644829e-01
7.482777255979558007e-01
-7.206809658336383873e-01
2.739823737402065085e-01
-1.021005057950890027e-01
-9.264693527305857268e-01
9.875592983220248255e-01
-7.580193044938485780e-01
-2.027145883947131244e-01
-9.035524615113903479e-01
9.436251747471955387e-01
9.953209024563256513e-01
1.470513654248527535e-01
-4.555619616381612613e-01
9.495951555362818208e-01
3.201391890487043090e-01
-4.916400165228597130e-01
8.728131938206287188e-01
2.349545638875220610e-01
5.062040366561377791e-01
8.344197329147812203e-02
-4.155368301245144780e-01
1.358621873659867363e-01
-4.330330881199715432e-01
7.273068111927103452e-01
-9.959952645536496174e-01
6.220692426804401709e-01
4.050861375129589659e-01
-5.147602771075601158e-01
-9.329858514721239837e-01
6.947603298519886561e-01
-9.886844992454568715e-01
-8.991452969723646715e-01
-9.618873907282683433e-01
1.437629650593435504e-01
-9.115607436346497838e-01
4.060456252834860336e-01
-5.282655855303648451e-01
6.238559582545280535e-02
-1.373616977713483789e-01
-9.848110586086937790e-01
2.397064883380927713e-01
9.906231732906225496e-01
-6.206467700258542219e-01
7.147638421078541526e-01
4.435693318276784369e-02
-8.841926322431793439e-01
3.223610299510637489e-01
4.518531138165127192e-01
9.881692757223892176e-01
6.078368033005692173e-01
-7.753050913629759844e-01
-3.521516393638778331e-01
6.252195775993178994e-01
6.630039967132537182e-01
8.394222991489002084e-01
-6.581645168803440527e-01
1.581343642108485881e-01
9.146912501187057232e-02
-3.923335065412430489e-01
3.155617622597526317e-01
1.693950206438561978e-01
-2.091012349732041531e-01
-3.367940058962716199e-01
-6.226873013442050242e-01
5.805255178690946760e-01
-9.396558910168190115e-01
-4.251805293717382250e-01
-7.976791838854813133e-01
6.155456687333342447e-02
-7.205824070221894528e-02
6.877983106147176340e-01
-1.639456819896077389e-01
-3.884117325620135563e-01
-9.211900293154254848e-01
1.331403327529595559e-01
-7.332609667117973018e-01
4.355189540537433845e-02
5.099190607692563049e-01
3.131853705407064981e-01
9.916985334046598544e-01
-1.667890727210081803e-01
7.086822879596919034e-01
4.140934776715547994e-01
2.855682520294615667e-01
7.531758071958216672e-01
-2.081945256947014822e-01
7.464583174963576040e-01
-5.319643636668611730e-01
5.303403713368262107e-01
-5.984122784357033265e-01
4.188772967170659167e-01
9.986978156983641330e-01
4.514921589700024995e-01
-8.248379084519183446e-02
-2.093276703873800382e-01
1.750932516397323280e-01
-8.389254306101632253e-01
8.092401614860857961e-01
1.134016474212549974e-01
-4.926187892707662996e-01
-3.651377109918124697e-01
-9.544213465887362302e-01
9.971445644785209561e-02
1.880951638650507074e-01
-6.319523074127633144e-01
-2.688904235248060215e-01
-9.188428871585241353e-01
9.574768235857654686e-01
9.988131281548409124e-01
-3.348487535634669943e-01
-4.846160496942970575e-01
9.717385789880303992e-01
-1.484163816806911007e-01
3.514037864729678273e-01
5.063200920497276103e-01
2.101744953294802098e-01
5.991386961444500336e-01
-2.266227751709892768e-01
8.040569005813270886e-02
-5.801601947812018434e-01
-8.952997242813391932e-01
1.534783858495837316e-01
9.011203006827319673e-01
9.141830601972489312e-02
-5.336966363241915090e-01
8.870488636605557975e-01
-6.079563635499443119e-01
-9.636818146667505136e-01
-8.025360094764301400e-02
2.390363519232258094e-01
-3.243475022240916439e-01
-3.046966724116678682e-01
-1.426989354330782667e-01
-9.944571007656601846e-01
3.889438828141434934e-01
8.462256053768848485e-01
-5.893916314945386592e-01
-1.145606862939450299e-01
3.293683605767373512e-01
-3.256093432714994851e-01
4.252835276762075289e-01
4.767186634379078636e-01
4.450166574464662350e-01
-4.791766085833685240e-01
5.047636948108815691e-01
-3.057634088228927682e-01
-2.071530587227734532e-01
4.574124506871056761e-01
1.931570986109348853e-01
-9.701382640530613610e-01
9.423873370227622281e-01
6.157281441180267878e-02
-8.477838421691761273e-01
-4.244793536482240892e-01
1.303557737391287108e-01
7.437748529374124673e-02
-7.029602054453718551e-01
2.393626449494672404e-01
9.951848262903243425e-01
7.362499164159473919e-01
9.997680785779303747e-01
6.066120557371579292e-01
6.944269932040469939e-01
5.170425051787628234e-01
5.838749280176396272e-01
-9.948417027107256949e-01
4.199866170309332070e-01
4.142830850714531721e-01
-9.982070427695213244e-01
9.129791205918169616e-01
-3.809490514794965366e-01
9.999574167506204425e-01
-9.800653630946882799e-01
-6.702325534348843039e-01
-7.234140112315490256e-03
-9.984885288683786886e-01
4.838139775818235955e-01
-8.023844981225678463e-01
5.370174669447195237e-01
3.536562239933048746e-01
3.119154142568572596e-01
7.087565398703410402e-01
2.760213981656144955e-01
5.913676592526408982e-01
4.488068860122066406e-01
3.824152983520786586e-01
3.745339072740615505e-01
3.420593164868356295e-01
6.847778014203176333e-01
6.203096921084078064e-01
4.705498363294629005e-01
5.100345022400945005e-01
5.749222096238619795e-01
6.694424466624775416e-01
3.105976626203166280e-01
3.477841529782365049e-01
6.408328784433352521e-01
6.290029069810775253e-01
5.436813743357540307e-01
5.568078992588765264e-01
6.236832823037397056e-01
3.478772352642287569e-01
3.280047859140881594e-01
3.447391959481818091e-01
4.369987647932990216e-01
5.604033552546354713e-01
3.364762714982833525e-01
4.893907382878024404e-01
3.121482191174532739e-01
3.474244373871120395e-01
3.883350878081374136e-01
3.372602192735063564e-01
3.945642932146052329e-01
4.866746133946756592e-01
4.651606642191480345e-01
5.254324438977930889e-01
8.281279383602380140e-01
4.473610670928710453e-01
9.146086104030803909e-01
5.978462741844162709e-01
6.520001467463822920e-01
2.724558976923686648e-01
6.447633247291684189e-01
4.837727814394636727e-01
3.484016186455776709e-01
5.820091808407753531e-01
5.963305071230411425e-01
5.083010800215108649e-01
4.397611679809042551e-01
5.193493631277760203e-01
7.812657372571447656e-01
5.678652255027023532e-01
5.507299917741970141e-01
2.591228780326823022e-01
3.059645921507135879e-01
5.621840524440393505e-01
5.642123920515951241e-01
4.394573789243365614e-01
3.044807868517349636e-01
3.392674847238793534e-01
6.924294612066557164e-01
4.505301782168916747e-01
3.557896938743595472e-01
5.261280540565489439e-01
3.519646781461987506e-01
7.530140603695711921e-01
5.927742345936208856e-01
5.410958366245406381e-01
5.943513110258846766e-01
3.731693313174907489e-01
3.945007559719546086e-01
3.980750040777811249e-01
2.959076847533043120e-01
5.738240589265183322e-01
5.202821526600174273e-01
6.193310489708241384e-01
4.185964764359680901e-01
7.023739101416415220e-01
4.656101976561789479e-01
3.583069960383586938e-01
3.548738312374860038e-01
4.313751666693088627e-01
5.825177824500313850e-01
3.760630128729418598e-01
3.057867893080260524e-01
7.294809623182604286e-01
2.313864997595993511e-01
5.542472422872454230e-01
5.347998953981454306e-01
2.785401555796712669e-01
5.946270407149416570e-01
4.899586984576158599e-01
3.762805813358881535e-01
6.809831284383603967e-01
7.023571135081403405e-01
6.693710706752276085e-01
6.638192055753675547e-01
4.584760748414195008e-01
3.396417055003528862e-01
3.204672114621148760e-01
3.494734481226891010e-01
3.275152409189063252e-01
2.741305510481070185e-01
5.608695047546969903e-01
3.780301597312124562e-01
2.862544831384385424e-01
3.829250666785963819e-01
3.177163973872992320e-01
6.886282520867008650e-01
7.516407446654743696e-01
4.387792061839053126e-01
3.429201767560866032e-01
4.935300176513971460e-01
3.234850395801280865e-01
3.923769711043800235e-01
5.755163657388788767e-01
4.567052776385337465e-01
5.714706256955142116e-01
4.463552252844358303e-01
6.003357772415782723e-01
5.963384728040856952e-01
3.360662454832066270e-01
2.974692312862408095e-01
7.488801488075940149e-01
5.199454444519013840e-01
4.717512170207143751e-01
4.174331685285309623e-01
2.583981781771664266e-01
2.944539850448868457e-01
3.850173639953655136e-01
5.447603151225849372e-01
4.367972956205039559e-01
3.858923163691255764e-01
5.445967101091357954e-01
5.674787875107025759e-01
4.062706725982098144e-01
4.433413546666802874e-01
4.485857853328180656e-01
7.648129672747661090e-01
5.806135062026727134e-01
7.562264178621793675e-01
5.743039424118978609e-01
3.435914439460464598e-01
4.246049363042866398e-01
4.029695197206699664e-01
6.629887144391111153e-01
3.440876830021105115e-01
7.641517784656222112e-01
4.388770397897151510e-01
4.701962761264191215e-01
3.584783515721418068e-01
4.554309538261008816e-01
5.441294916657679615e-01
5.469383886000287465e-01
4.259021222059327094e-01
4.117714112522835590e-01
4.840077262016543314e-01
3.860146040610986651e-01
3.621136465979684638e-01
3.639411745842812129e-01
4.648972297352136351e-01
4.590554506034680848e-01
5.823681199016539356e-01
5.437771572503293793e-01
3.518360834954037397e-01
4.145317168517451689e-01
2.840636235957385569e-01
6.009850959743039400e-01
4.398474179352649949e-01
5.118066875353801670e-01
3.625119407721274500e-01
3.686634092961162956e-01
5.258026123551166053e-01
2.693172075234289142e-01
4.704916054718609186e-01
4.185602267999767867e-01
8.812666812017593276e-01
5.462202716210697861e-01
4.683923860527827721e-01
3.682278730255569288e-01
2.872466931151174130e-01
4.127536431204658074e-01
5.070609766258138418e-01
2.784528658912592824e-01
3.579886394722234799e-01
4.774594147905474872e-01
4.967151559758127832e-01
8.497222027138995326e-01
3.768586960722200008e-01
3.416779095898205831e-01
4.356335134563097400e-01
4.351747806809804775e-01
3.488981019722196542e-01
3.369294187100715376e-01
4.285959464860310542e-01
5.108741973051880159e-01
3.562805613303456354e-01
3.495219248313848337e-01
4.766276358918725697e-01
4.664338631979559890e-01
3.169465152386171658e-01
6.941771923835154956e-01
4.710172791809957293e-01
4.247883960371849899e-01
7.156172818830552895e-01
4.551878112486136274e-01
2.898703618812157323e-01
4.794102664552885029e-01
4.048000872718890419e-01
3.577960117854539490e-01
6.126354769686612745e-01
5.055903542166173548e-01
5.362496663469007441e-01
5.518433879328263902e-01
6.558051877607080637e-01
4.385210343100423014e-01
4.942334710460654090e-01
4.930682033178265256e-01
4.091240893007420665e-01
4.590706208670070620e-01
6.240651169508757423e-01
3.553936403687520951e-01
5.512054909767114541e-01
6.137050251685076674e-01
5.481514359515401447e-01
3.258971243676229701e-01
5.532127712371586181e-01
5.298957173835396883e-01
6.147567453086038025e-01
5.306181642232462581e-01
3.955244817185200601e-01
4.457373116051260853e-01
9.056362404356042006e-01
3.391058297790184306e-01
6.574889665082462864e-01
4.741733874685433170e-01
3.754336730431662161e-01
5.307923573594175437e-01
4.398264720076360823e-01
7.019927879091102385e-01
4.013685841000856902e-01
5.786314837301327341e-01
5.232996046885192154e-01
6.470220509617226057e-01
3.779065535719101643e-01
3.867050810736512023e-01
4.855982594543473141e-01
3.852913094924590443e-01
2.631404175380482879e-01
4.710991952389109727e-01
4.150709994144035075e-01
3.204742768677547593e-01
4.322048225979041036e-01
2.644051320572421981e-01
6.333257803162217758e-01
4.440079836274881120e-01
3.130601099386272623e-01
5.410617289817678532e-01
5.046068793138319686e-01
4.058488573665277599e-01
5.002199444063111233e-01
6.227184242156436067e-01
5.846684373090368370e-01
