6.873445833693980767e-01
-5.154946364897957656e-01
-2.704870876807253133e+00
-8.898251531114630131e-02
1.433474319240184647e+00
-2.665769442016960311e-01
2.182186147400797527e+00
3.614361614228531305e+00
-2.289994524131280684e+00
-2.446890243896931771e+00
-9.470986287481666377e-01
1.022557895938300376e+00
-6.238130532775477688e-01
-6.984594216139701217e-01
-1.821473886404268772e+00
-5.522261981578719947e-01
-2.550203736526993392e+00
-1.863476911520276724e+00
1.571091043750326710e-01
2.447818508662291670e+00
4.932248183042177159e-01
5.736664926505348205e-01
2.146782147166501065e-03
9.457128630671727265e-01
-5.825337240090084912e-01
2.060114101345679405e+00
-2.353627589653846996e+00
-4.624094818871304913e-01
-8.022515464192144785e-01
5.063578098055748766e-01
-9.310858503701529010e-01
-1.445063913476087869e+00
-2.279985764795044556e+00
-1.030848678393608830e+00
-5.776520907224312884e-01
1.832628558850823097e+00
-1.252223967483314215e+00
-2.663872300627117440e+00
-7.729929473356060843e-01
3.653792515868059532e-03
3.304473745332987544e-01
5.193273578002848279e-01
-7.912727452766914471e-01
1.741162757015522144e+00
-7.849998664898174550e-01
6.912035014089210616e-01
7.779478141836817517e-01
2.611653408162443735e-01
-2.270493540141202138e-01
2.409861285639201822e-01
3.065585956821776370e-01
-1.797246637088176557e+00
-1.859380223749871774e+00
-8.120818803844760403e-01
2.786759105193502284e-02
9.274959232763394512e-01
2.285160558419281784e+00
8.494370250839172742e-01
-2.369907054535649871e-02
-1.506892401689694072e+00
-9.851343117244255598e-01
7.981682231553891005e-03
1.361153481156517131e+00
1.231092742638152659e-01
-1.089968042426284089e+00
2.195179388867625758e-01
-8.503755291382691928e-01
-2.150393814997471620e-01
1.507634201603054447e-01
1.181534999216223181e+00
1.967148123980711372e+00
-1.628175106672757444e+00
2.765790692738029355e-01
8.535631758332640207e-02
9.049388923610215407e-01
9.983574537245021308e-01
1.247405630505661112e+00
1.514035907138801207e+00
6.983884560600459590e-01
-1.909470427103233670e+00
-1.448821180703631972e+00
-8.039119870474779883e-03
2.349589084285937268e+00
-9.428257967873940881e-01
-1.079585526402902396e+00
-1.581627786955130066e+00
-1.437432844596177706e+00
-2.319063486139939290e+00
-2.975090119901139030e+00
2.550839651331835434e+00
-2.666796167709012622e+00
-7.600167033870678379e-01
2.905095449198116797e-01
-4.202268631728817816e+00
1.165900821126009568e+00
7.921484680565636927e-01
2.014830519372057704e+00
2.329112144334750223e+00
1.052361837818856838e+00
-2.533850475270805758e-01
-1.035579588702202125e+00
-1.490438022470290447e+00
-3.553021710774847408e-01
-3.428437654886785091e-01
1.382269341170279997e+00
-6.897282442972524352e-01
-3.055518123432290900e-01
-6.814320163300413569e-01
-5.812258242218645288e-01
1.950701598486757893e-01
-1.313864494012241257e+00
-1.921934286111776080e-01
1.997385467280205162e+00
1.106406516703954290e+00
-1.659479269688010294e+00
-3.086015325218628647e+00
5.038688359568481712e-01
1.534867595319808542e+00
-1.114093422723885674e+00
7.113663152401801526e-02
-7.709818848964654636e-01
8.204012025788094409e-01
2.060441697725698074e+00
4.521847057103414169e-01
-2.859428320085276809e+00
-7.853503406548298926e-01
-3.427102827849792810e-01
-4.527520907694201346e-01
1.182636303782984122e+00
2.536323666978560265e+00
7.637180913270021909e-01
2.362342974368653592e-01
6.181855579598768413e-01
-1.475214881499797848e+00
3.588626336109819182e-01
-1.801520947142228879e+00
6.862391157233078687e-01
1.522955703135468797e+00
5.546607505210757738e-01
-1.028887507877884300e+00
-5.754206042175789015e-01
7.341564863908764949e-01
-2.202630896138274785e+00
9.156479560132000373e-01
1.364610452032817722e+00
-2.439079367612900229e-01
7.490235639172473370e-01
1.197110968744767023e-01
-5.890587383344704220e-01
2.495576989216986008e-01
1.067702588592253310e+00
-3.830334523602307861e-01
5.190574003702325134e-01
-1.098215955760950324e+00
1.377260135029237276e+00
1.568320865045704782e-01
-1.078673698737002418e-01
-8.312454046095677507e-01
2.442250540439465656e+00
-5.524310871522457589e-01
-1.379443987459655574e+00
-5.168387514417620565e-01
-2.274263377586432266e+00
1.593507222088728081e+00
-2.183688530098530922e+00
2.346544191212883490e+00
-2.085090162899456701e-01
-1.163281036026928561e+00
-1.004929676162255869e-01
1.890805632112802614e+00
9.681719838565634451e-01
2.026264899518539497e-01
-1.324605257434123828e+00
-1.966347819270644282e+00
8.081216569069594735e-01
-3.697749982468794272e-01
1.764815347071672313e+00
-7.031508078035503262e-02
1.693658527472026609e+00
-1.928645423549185667e+00
-2.744247069742021261e-01
-1.468738776355652309e+00
-2.267937465564699995e+00
3.451415999851396577e-01
-1.390384035990456901e+00
-1.195427678808278715e+00
6.034273787439088377e-01
1.103431325092932291e-01
-3.936634203300958257e-01
3.041163835688727723e-01
-7.552284729996407986e-01
2.194623889284982865e-01
-5.946752120313603118e-01
-1.929714438861708237e+00
-5.172337689707097452e-02
7.198214668552359585e-01
-2.120142306496856921e-02
1.446838880006520611e+00
3.151726622335591643e-01
-4.659587364227500972e-01
-4.784960471593779907e-01
-3.269377178757097990e-01
1.021460514957248100e-02
-1.049921653565363405e-01
1.354943884174417912e+00
-1.215170314090081138e+00
-2.615484375751751855e+00
-1.724309314354321776e+00
1.224985891278023376e+00
-2.917194094839731244e-01
-1.877477387408950982e+00
-4.215699037737745680e-01
1.690391224973223139e+00
2.821085279566902138e+00
1.644326370981809893e+00
-2.116981285992762807e+00
-1.712629825607214551e+00
4.996142549117226772e-01
1.080974805380121140e+00
3.078989238256835820e-02
6.423346543142565146e-01
1.391992580508835786e+00
6.014221957157778187e-01
-2.782952359121776409e-01
6.241770264629625808e-01
-6.195374048392670030e-01
-1.418471660154040803e+00
6.198050984084386705e-01
-9.654874839614779880e-01
-5.956010084921310455e-01
-2.175381853917459640e+00
1.906507352012062784e+00
2.015816770935117574e+00
4.665899784418379159e-01
1.789294299341728678e+00
-2.346496229337033945e-01
-1.523462946068694368e+00
8.302620728631306957e-01
1.494449644961409474e-01
1.605228167312851562e-01
5.086245779785349974e-01
5.700748321339917102e-02
-1.175037172918555139e+00
9.169962850949667788e-01
1.014446466994108231e+00
9.272725278305056218e-01
-3.437082044385906698e+00
4.433399932116187103e-01
1.375490603596782047e-01
5.408134969429925221e-01
-2.857847846451694318e-01
-2.339520209548278995e+00
3.417871866033238004e-01
1.416205473487059496e+00
7.838672294534312912e-02
-1.443036467541480183e+00
-8.132984451566034334e-01
-3.149100770831252810e-02
1.333717939119334783e+00
-7.802902728439255198e-02
-2.074311802217034373e+00
3.752623833740375670e+00
6.678415997902367174e-01
-1.951898886099180830e+00
2.701096199989495017e-01
