Generation: 0 51.9791 106.4782 5.0416 17.0637
Generation: 1 49.9282 104.7073 13.8727 20.5014
Generation: 2 44.5734 102.8641 23.5331 20.7312
Generation: 3 59.5052 113.4316 30.8071 19.8370
Generation: 4 53.2326 130.6845 34.5899 17.3611
Generation: 5 58.5311 135.5297 37.7300 14.8585
Generation: 6 51.7441 111.3009 39.0105 10.8790
Generation: 7 55.5279 132.7787 40.5893 12.9651
Generation: 8 57.5742 111.6065 40.4851 11.5639
Generation: 9 57.9971 135.0266 42.7268 8.5633
Generation: 10 58.0576 135.0710 41.9003 10.7220
Generation: 11 60.8781 137.5780 42.7156 10.0599
Generation: 12 47.1939 125.1909 40.9279 9.8966
Generation: 13 58.4716 135.3700 41.1117 10.9802
Generation: 14 58.7049 135.5642 39.6071 10.8283
Generation: 15 65.8261 142.0952 41.9574 11.8171
Generation: 16 59.9854 136.7838 42.2393 9.6841
Generation: 17 60.9334 137.6263 41.2248 11.2299
Generation: 18 59.7550 136.5524 39.5905 14.1797
Generation: 19 68.3025 184.3542 43.5706 10.4657
Generation: 20 63.4873 139.9731 43.1071 11.4158
Generation: 21 59.0894 135.9950 41.8775 12.2769
Generation: 22 63.7211 140.2093 41.7227 10.4826
Generation: 23 67.7923 183.8461 44.7817 11.5422
Generation: 24 63.9559 140.4500 42.1864 14.8899
Generation: 25 66.2409 142.5163 43.7810 13.5397
Generation: 26 65.0470 141.4328 43.9497 12.1913
Generation: 27 61.2888 137.9942 45.5782 11.1556
Generation: 28 62.4013 138.9942 45.2724 11.1841
Generation: 29 63.6694 180.1506 44.7086 13.0616
Generation: 30 61.1397 149.8353 46.0880 11.8488
Generation: 31 64.5728 152.9562 46.5846 10.6884
Generation: 32 64.6598 141.0393 43.0883 14.6367
Generation: 33 62.3523 150.9454 46.0431 11.7174
Generation: 34 61.3590 138.0629 45.7600 13.6757
Generation: 35 64.0150 140.5088 46.3141 13.1631
Generation: 36 61.3224 178.0167 50.1124 8.8000
Generation: 37 65.9593 142.2314 49.1976 9.5568
Generation: 38 62.7393 139.3243 49.0963 9.2555
Generation: 39 67.6910 155.8637 49.9471 10.6387
Generation: 40 64.0199 140.5132 50.0376 7.5917
Generation: 41 60.8223 149.5227 49.7608 7.4378
Generation: 42 68.3272 144.3837 48.5175 11.3014
Generation: 43 64.1945 140.6876 50.6273 7.7654
Generation: 44 69.7283 145.6653 51.0951 8.1956
Generation: 45 65.1379 141.5134 51.3302 7.4257
Generation: 46 66.1168 142.3723 50.3249 10.9244
Generation: 47 65.8418 182.1154 52.3599 9.9023
Generation: 48 64.0782 140.5721 49.9396 10.5115
Generation: 49 60.8816 149.5713 52.4563 6.9357
Generation: 50 65.1421 141.5271 52.4455 6.2197
Generation: 51 68.3547 144.3913 50.7828 7.6598
Generation: 52 69.4183 145.3666 52.9715 7.2149
Generation: 53 69.5800 145.5065 51.4168 7.6342
Generation: 54 69.4660 145.4111 51.8283 7.0542
Generation: 55 62.0213 150.6032 52.4057 7.8428
Generation: 56 69.3908 145.3376 53.7746 6.8646
Generation: 57 66.0607 142.3192 51.9572 6.8879
Generation: 58 65.1138 141.4841 52.7846 7.2075
Generation: 59 61.0003 149.6909 52.0579 7.6025
Generation: 60 60.2436 154.0439 51.8579 8.0729
Generation: 61 69.5974 145.5402 52.8772 7.1417
Generation: 62 66.7563 182.9225 53.8184 7.7345
Generation: 63 62.6221 151.2042 53.0182 6.9625
Generation: 64 66.6862 142.8510 52.7949 7.2158
Generation: 65 62.0377 150.6197 52.5785 9.6518
Generation: 66 71.8816 147.5900 52.9852 7.0468
Generation: 67 57.1207 156.1310 53.6472 6.9580
Generation: 68 60.8863 149.5768 54.0242 6.6518
Generation: 69 67.0907 183.2546 53.8671 7.0458
Generation: 70 62.5532 151.1462 52.5384 8.4417
Generation: 71 63.6609 152.1372 53.0850 6.5939
Generation: 72 61.3262 178.0132 53.4966 7.1617
Generation: 73 67.6705 143.7207 52.4498 8.5212
Generation: 74 67.3097 143.4706 54.1132 7.0467
Generation: 75 60.9411 149.6318 52.5098 9.1178
Generation: 76 65.7980 182.0682 52.9250 7.5336
Generation: 77 58.3735 157.2698 53.6271 6.5139
Generation: 78 60.9865 149.6783 52.7202 6.8817
Generation: 79 61.3995 150.0903 54.3975 6.6427
Generation: 80 60.9186 149.6093 53.6023 6.7699
Generation: 81 63.6783 152.1633 53.8981 6.7317
Generation: 82 63.8156 152.3001 51.7360 12.2543
Generation: 83 66.0361 154.3060 50.6776 12.6534
Generation: 84 62.5107 151.0927 52.6553 8.0546
Generation: 85 67.3725 143.5354 54.6663 6.6775
Generation: 86 62.6426 151.2284 52.8224 9.7976
Generation: 87 66.2563 142.5339 52.5713 7.7892
Generation: 88 66.4291 142.7044 54.4701 7.2077
Generation: 89 63.5566 180.0410 55.0872 6.1532
Generation: 90 65.7191 158.9963 53.8406 7.5443
Generation: 91 64.4917 152.8720 55.0504 6.6178
Generation: 92 72.6534 148.2416 55.4844 6.4820
Generation: 93 70.4696 146.2979 55.9490 6.1247
Generation: 94 63.6761 152.1605 55.8603 6.2277
Generation: 95 67.2883 143.4519 55.9126 5.6111
Generation: 96 60.9336 149.6243 55.1234 6.0035
Generation: 97 62.5172 151.0992 56.4871 5.8531
Generation: 98 61.3320 178.0254 56.3447 6.5880
Generation: 99 70.3814 146.2204 56.1560 7.0818
Generation: 100 62.7431 161.1847 55.7770 6.6619
Generation: 101 58.2815 157.1752 55.7017 6.3957
Generation: 102 62.3360 178.9299 56.2736 7.8029
Generation: 103 68.3995 144.4473 55.5003 6.5112
Generation: 104 63.1627 151.6366 54.6157 7.5056
Generation: 105 68.7577 144.6858 55.8280 5.9676
Generation: 106 66.6377 142.7964 53.4326 9.8820
Generation: 107 60.8660 149.5558 56.0970 6.0128
Generation: 108 60.9771 149.6678 56.5954 4.7354
Generation: 109 71.5631 147.2862 56.6613 5.0225
Generation: 110 66.2954 182.4605 56.0290 6.9147
Generation: 111 61.7268 160.2494 55.3789 9.4855
Generation: 112 63.1527 151.6266 56.7202 8.1549
Generation: 113 61.7823 178.3765 55.6552 9.1530
Generation: 114 71.7976 147.5156 54.1724 10.4232
Generation: 115 62.0898 150.6698 55.3378 8.7963
Generation: 116 61.4829 160.0535 55.6356 8.5074
Generation: 117 60.8810 149.5708 56.0838 6.1328
Generation: 118 58.2230 157.1175 55.2891 6.6091
Generation: 119 63.9661 152.4416 55.6374 5.7873
Generation: 120 66.8809 183.0464 56.8450 5.7723
Generation: 121 58.3599 157.2544 55.0296 8.2624
Generation: 122 59.5994 158.3516 57.3807 5.4727
Generation: 123 57.1515 156.1518 56.2613 8.6382
Generation: 124 61.3928 150.0833 55.5263 5.7303
Generation: 125 60.9374 149.6263 56.1360 5.7510
Generation: 126 63.0385 151.5259 55.3715 6.2243
Generation: 127 62.9963 179.4826 56.7360 10.3200
Generation: 128 62.2458 150.8363 55.1914 7.2120
Generation: 129 56.1158 155.2205 55.0647 7.7016
Generation: 130 63.1953 151.6702 57.0615 5.8994
Generation: 131 55.9998 155.1043 57.3118 5.2617
Generation: 132 63.8085 152.2810 56.5499 9.8599
Generation: 133 61.7880 155.3782 56.9908 5.8430
Generation: 134 60.9652 149.6563 56.5203 8.0469
Generation: 135 62.0936 150.6762 56.0065 8.4095
Generation: 136 69.5931 157.5408 56.7577 7.3097
Generation: 137 69.2162 145.1422 54.0587 12.9728
Generation: 138 63.1302 151.6041 56.3557 5.7558
Generation: 139 62.0788 150.6617 57.7885 5.4508
Generation: 140 67.3255 155.4963 56.0531 7.8143
Generation: 141 62.9540 179.4397 56.4579 8.1593
Generation: 142 62.7552 151.3372 55.7350 8.2582
Generation: 143 56.0690 155.1809 56.0794 8.1333
Generation: 144 64.0465 152.5268 57.0994 5.9497
Generation: 145 68.3110 144.3488 56.7101 5.9747
Generation: 146 63.9365 152.4117 56.7185 5.8393
Generation: 147 63.2033 151.6782 57.3534 6.9794
Generation: 148 63.9474 152.4217 59.3847 4.4376
Generation: 149 65.0356 153.4041 57.7285 5.2244
Generation: 150 63.8980 152.3746 56.4751 6.0511
Generation: 151 63.9450 152.4202 56.8376 7.0370
Generation: 152 64.3066 152.6736 57.3348 5.7798
Generation: 153 62.0590 150.6412 58.1792 4.7606
Generation: 154 62.7932 151.3752 57.7847 5.5980
Generation: 155 63.1595 151.6347 56.6775 6.7917
Generation: 156 63.9631 152.4417 56.5250 5.9487
Generation: 157 58.2401 157.1336 57.9147 8.0694
Generation: 158 63.9935 152.4701 56.5905 6.6829
Generation: 159 63.8895 152.3647 55.6980 7.3277
Generation: 160 62.0143 150.5957 58.3737 5.0916
Generation: 161 63.1377 151.6116 58.2940 4.9188
Generation: 162 63.9994 152.4771 58.8637 5.3472
Generation: 163 63.8907 152.3751 57.6983 6.3185
Generation: 164 62.7160 151.2977 57.9073 6.1738
Generation: 165 60.8644 149.5548 57.6690 5.7736
Generation: 166 69.5919 145.5273 58.1915 5.1728
Generation: 167 63.9509 152.4267 58.4528 5.0922
Generation: 168 62.0135 150.5952 58.4324 4.8432
Generation: 169 64.2820 152.6491 57.7532 5.1731
Generation: 170 61.9760 150.5577 59.1171 4.3286
Generation: 171 62.8215 151.4057 58.1888 6.7414
Generation: 172 62.7374 151.3197 59.0090 5.3874
Generation: 173 60.8486 149.5393 58.4734 5.0929
Generation: 174 62.0216 150.6032 57.9157 5.6542
Generation: 175 60.8425 149.5328 58.6087 4.7923
Generation: 176 63.0665 151.6549 58.7610 4.2301
Generation: 177 63.7779 152.2537 58.9132 4.8319
Generation: 178 63.9433 152.4187 58.5128 5.3504
Generation: 179 63.2267 151.7022 58.9249 4.6315
Generation: 180 63.1507 151.6252 58.0215 4.3932
Generation: 181 73.9834 189.4857 59.3339 4.9300
Generation: 182 63.9883 152.4667 58.2324 6.1958
Generation: 183 63.9049 152.3807 59.3027 5.3310
Generation: 184 63.9225 152.3977 59.4047 4.9463
Generation: 185 63.7942 152.2803 58.8688 4.1404
Generation: 186 63.9150 152.3902 58.8483 4.8452
Generation: 187 63.1983 151.6737 58.3307 4.0709
Generation: 188 63.7901 152.2662 58.7388 4.7733
Generation: 189 64.8454 153.2131 58.0966 5.0692
Generation: 190 62.7856 151.3703 59.3402 4.6461
Generation: 191 59.3576 158.1508 58.9819 4.7972
Generation: 192 57.1413 156.1423 59.1131 5.1533
Generation: 193 58.2044 157.0969 58.0520 4.8602
Generation: 194 57.1674 156.1758 58.0608 5.6165
Generation: 195 68.0077 184.0640 58.3190 5.3115
Generation: 196 56.0850 155.1998 57.4940 6.0692
Generation: 197 57.0294 156.0371 58.2915 4.1086
Generation: 198 63.9275 152.4027 57.8715 4.5005
Generation: 199 63.9160 152.3912 58.9269 4.1269
Generation: 200 63.1316 151.6067 58.7661 4.0943
Generation: 201 63.1899 151.6647 58.6899 4.2893
Generation: 202 62.6686 161.0862 58.9529 4.3234
Generation: 203 63.6550 152.1302 58.9155 5.1757
Generation: 204 63.6690 152.1442 57.9941 4.3768
Generation: 205 62.5577 151.1397 59.0269 4.4425
Generation: 206 62.4562 179.0484 58.4917 5.7669
Generation: 207 63.7354 152.2112 59.9347 4.8767
Generation: 208 63.4734 179.9581 59.0693 5.0325
Generation: 209 63.1227 151.5966 58.9133 4.0196
Generation: 210 66.0008 154.2520 59.3969 3.7888
Generation: 211 63.4285 179.9131 59.2925 4.5701
Generation: 212 63.4665 179.9510 59.1267 4.0343
Generation: 213 63.6376 152.1137 59.9609 4.0766
Generation: 214 63.5311 180.0168 58.8295 4.9737
Generation: 215 63.7544 152.2286 58.7831 3.9666
Generation: 216 62.9962 179.4838 58.8115 4.0597
Generation: 217 63.9370 152.4122 58.8979 4.4157
Generation: 218 64.8069 181.1832 59.6435 4.5136
Generation: 219 62.3595 178.9521 58.8181 3.8780
Generation: 220 66.7836 182.9490 59.5825 3.8914
Generation: 221 64.0134 180.3912 59.5274 4.4749
Generation: 222 64.5233 180.9001 59.3754 4.5786
Generation: 223 63.9525 152.4277 59.3079 4.5295
Generation: 224 67.9555 184.0094 59.5288 4.2236
Generation: 225 63.9488 162.2503 59.7098 4.2575
Generation: 226 63.9070 152.3822 60.1007 3.9807
Generation: 227 63.1548 151.6286 59.4741 7.6356
Generation: 228 63.6521 152.1282 58.9313 5.6177
Generation: 229 64.5465 180.9254 59.1026 6.8980
Generation: 230 70.5639 146.3866 59.3226 6.9748
Generation: 231 62.7619 151.3442 59.2609 4.7712
Generation: 232 70.5479 146.3706 59.7108 6.7255
Generation: 233 62.5316 151.1159 60.7292 4.4791
Generation: 234 62.4694 151.0517 59.3663 6.0380
Generation: 235 64.6019 180.9800 60.0325 4.6529
Generation: 236 63.3824 179.8701 59.9161 4.7810
Generation: 237 63.5295 180.0160 60.4999 4.1580
Generation: 238 67.9926 184.0446 60.4652 4.1889
Generation: 239 62.7477 151.3297 59.6174 3.3631
Generation: 240 67.9619 184.0172 60.1279 4.3070
Generation: 241 63.6465 152.1299 60.2886 3.8437
Generation: 242 67.0077 183.1709 60.5687 3.9622
Generation: 243 67.9499 184.0067 60.7475 4.4334
Generation: 244 65.7690 182.0393 60.7403 4.1368
Generation: 245 60.8795 154.5799 60.1160 3.6342
Generation: 246 67.9673 184.0196 60.1442 4.1748
Generation: 247 67.9405 183.9944 60.6064 4.0166
Generation: 248 68.0009 184.0548 59.8480 4.6471
Generation: 249 62.5492 151.1332 60.0829 4.5091
Generation: 250 63.4709 179.9576 60.4781 5.1528
Generation: 251 67.8955 183.9494 60.7326 3.9701
Generation: 252 65.5224 153.8929 59.3209 4.8211
Generation: 253 68.1537 184.2082 61.0833 4.3152
Generation: 254 63.6579 152.1453 60.1827 4.6458
Generation: 255 68.2753 184.3253 60.3612 3.7284
Generation: 256 64.7369 153.1112 60.2778 4.3447
Generation: 257 68.2085 184.2608 60.3740 3.9887
Generation: 258 67.9788 184.0327 60.6590 4.0757
Generation: 259 62.9808 161.3947 61.0800 4.8450
Generation: 260 68.2569 184.3115 60.8212 4.5571
Generation: 261 64.1227 180.5023 60.8562 5.2855
Generation: 262 69.1282 145.0382 61.2804 4.2558
Generation: 263 68.1314 184.1871 60.4382 5.0023
Generation: 264 65.7584 182.0319 60.5097 5.4118
Generation: 265 66.6380 182.8022 61.1103 4.8975
Generation: 266 68.2087 184.2594 61.7813 4.0583
Generation: 267 68.0473 184.1029 61.3658 4.0613
Generation: 268 67.0462 155.2086 60.6597 4.9133
Generation: 269 67.1037 183.2663 60.1028 4.5668
Generation: 270 68.3063 184.3591 60.8465 5.3957
Generation: 271 67.9768 184.0331 60.8961 4.9849
Generation: 272 69.9994 157.8334 60.8805 5.2635
Generation: 273 68.2411 184.2928 60.2539 5.5058
Generation: 274 67.6512 183.7056 60.7642 5.0334
Generation: 275 63.6564 180.1445 60.4859 6.0301
Generation: 276 68.2015 184.2565 61.0731 4.2807
Generation: 277 63.7129 180.2004 60.4492 4.6010
Generation: 278 68.3285 184.3786 60.9059 4.2464
Generation: 279 67.1749 183.3392 60.9856 4.5840
Generation: 280 68.2992 184.3498 61.0821 4.6768
Generation: 281 68.3737 184.4262 59.3347 6.0443
Generation: 282 67.1754 183.3354 60.0753 5.1523
Generation: 283 68.2358 184.2903 60.9562 4.5666
Generation: 284 65.0406 153.4116 61.3614 4.3752
Generation: 285 65.0559 153.4307 60.1245 3.9314
Generation: 286 68.3407 184.3932 61.0782 4.5098
Generation: 287 68.2185 184.2708 61.7140 3.9455
Generation: 288 68.3281 184.3782 60.7757 5.0446
Generation: 289 68.2666 184.3178 61.6778 4.3793
Generation: 290 67.0861 183.2492 61.6512 3.9736
Generation: 291 68.3154 184.3673 61.5677 4.3122
Generation: 292 68.2998 184.3521 61.8836 4.6385
Generation: 293 68.1487 184.2032 62.2522 4.3649
Generation: 294 68.1446 184.1986 60.7446 4.4976
Generation: 295 68.0625 184.1165 60.2461 4.6333
Generation: 296 62.6548 151.2372 61.8243 4.0219
Generation: 297 68.1528 184.2073 61.4887 3.6525
Generation: 298 68.2572 184.3111 61.7893 4.3381
Generation: 299 68.0745 184.1304 61.6093 5.0687
Generation: 300 68.3289 184.3794 61.3685 3.9627
Generation: 301 63.6288 152.1168 61.8088 4.0906
Generation: 302 68.2914 184.3419 60.9410 4.9264
Generation: 303 68.2281 184.2815 62.4840 3.7345
Generation: 304 68.3968 184.4496 62.2090 3.6652
Generation: 305 68.2457 184.3007 61.3971 4.4292
Generation: 306 64.6884 153.0683 62.6991 4.2161
Generation: 307 68.3214 184.3719 61.6647 4.4949
Generation: 308 68.3388 184.3916 62.0743 5.0904
Generation: 309 68.3454 184.3973 62.2934 3.9620
Generation: 310 68.2981 184.3515 62.0940 3.5450
Generation: 311 68.1442 184.1982 62.8400 3.7572
Generation: 312 68.2284 184.2813 61.9330 5.2457
Generation: 313 67.0292 183.1937 62.2176 4.2171
Generation: 314 62.5136 179.1085 61.3784 4.3636
Generation: 315 68.1899 184.2444 62.9559 3.7919
Generation: 316 68.1828 184.2383 62.6704 3.6001
Generation: 317 68.2767 184.3273 62.7178 3.7843
Generation: 318 68.3142 184.3648 62.6036 3.9026
Generation: 319 68.2850 184.3361 62.4904 3.8991
Generation: 320 68.2194 184.2749 62.2597 3.6634
Generation: 321 68.3609 184.4137 62.2597 4.1485
Generation: 322 68.2992 184.3498 63.1770 3.5424
Generation: 323 68.3814 184.4319 62.3829 3.7931
Generation: 324 68.3231 184.3754 62.8535 3.7757
Generation: 325 68.1792 184.2325 62.8069 3.8009
Generation: 326 68.3662 184.4169 62.3653 4.4389
Generation: 327 68.2642 184.3148 62.1137 4.0036
Generation: 328 68.3742 184.4248 62.8340 4.1743
Generation: 329 68.3442 184.3948 63.2721 3.8080
Generation: 330 68.3313 184.3841 63.0902 3.9327
Generation: 331 68.2892 184.3408 62.8650 3.8503
Generation: 332 68.2389 184.2922 62.5280 3.8449
Generation: 333 68.3309 184.3837 63.1985 3.8442
Generation: 334 68.2639 184.3144 62.2113 3.9815
Generation: 335 68.0679 184.1219 62.4735 3.8862
Generation: 336 68.3142 184.3648 62.6688 4.1818
Generation: 337 68.3967 184.4473 62.6476 3.9271
Generation: 338 68.3192 184.3708 62.7738 4.3179
Generation: 339 68.2992 184.3498 62.6707 3.8328
Generation: 340 68.2218 184.2779 62.8882 3.8075
Generation: 341 68.2842 184.3348 63.4346 3.7548
Generation: 342 68.2970 184.3474 62.9932 3.9085
Generation: 343 68.1567 184.2100 62.8146 3.8353
Generation: 344 68.2932 184.3458 62.4566 4.3171
Generation: 345 68.2992 184.3498 62.5425 3.6844
Generation: 346 68.2861 184.3378 63.4001 3.4959
Generation: 347 68.2550 184.3061 63.3356 3.7842
Generation: 348 68.2640 184.3166 63.3650 3.4231
Generation: 349 68.2867 184.3373 62.9922 3.6032
Generation: 350 68.2591 184.3136 62.8972 3.6576
Generation: 351 68.1339 184.1896 63.2000 3.6271
Generation: 352 68.3210 184.3711 62.6055 3.3089
Generation: 353 68.2917 184.3423 63.1563 3.5102
Generation: 354 68.2396 184.2934 62.1750 3.8888
Generation: 355 68.1718 184.2250 62.7835 3.3832
Generation: 356 68.1675 184.2219 63.4414 3.4399
Generation: 357 68.2140 184.2666 63.2848 3.4443
Generation: 358 68.3292 184.3798 63.5406 3.2351
Generation: 359 68.3067 184.3573 63.2403 3.7719
Generation: 360 68.3206 184.3707 62.8755 3.4313
Generation: 361 68.2942 184.3448 63.1403 3.3893
Generation: 362 68.2567 184.3073 63.5582 3.3293
Generation: 363 68.3503 184.4003 63.2685 3.6118
Generation: 364 68.3367 184.3873 62.9784 3.8111
Generation: 365 68.3579 184.4082 62.6333 3.9169
Generation: 366 68.3956 184.4457 62.6425 3.6298
Generation: 367 68.3654 184.4157 62.8877 3.9153
Generation: 368 68.3392 184.3898 63.0113 3.7617
Generation: 369 68.3660 184.4161 63.6691 3.6973
Generation: 370 68.3804 184.4307 63.7221 3.4756
Generation: 371 69.4539 185.3993 63.2686 3.8536
Generation: 372 70.6645 198.5033 63.1973 4.4854
Generation: 373 68.5090 184.5612 63.8861 3.9375
Generation: 374 69.4920 185.4359 62.4015 3.8620
Generation: 375 70.5820 198.4183 63.2744 3.6080
Generation: 376 70.6025 198.4387 63.4348 3.6162
Generation: 377 70.7574 198.5946 62.7137 3.7313
Generation: 378 68.3671 184.4196 63.2109 4.0084
Generation: 379 69.4284 185.3726 63.8380 3.5455
Generation: 380 70.6120 198.4483 63.8207 3.0742
Generation: 381 70.7087 198.5483 63.1479 3.4157
Generation: 382 68.2421 184.2974 62.9478 3.9257
Generation: 383 70.6079 198.4441 63.3343 3.3962
Generation: 384 69.5232 185.4672 63.5113 3.8756
Generation: 385 68.3957 184.4483 64.0742 3.3206
Generation: 386 68.3441 184.3978 63.5836 3.5230
Generation: 387 68.4227 184.4726 63.0596 3.2047
Generation: 388 70.6424 198.4812 62.9063 3.9678
Generation: 389 68.3817 184.4341 63.4842 3.6105
Generation: 390 68.3962 184.4487 63.5259 3.6387
Generation: 391 68.3971 184.4490 63.0832 3.8320
Generation: 392 69.4603 185.4073 63.7571 3.6604
Generation: 393 70.6250 198.4612 63.6590 3.4213
Generation: 394 70.6174 198.4521 63.8207 3.5170
Generation: 395 68.1147 184.1692 63.1615 3.2010
Generation: 396 70.6767 198.5133 63.6356 3.6832
Generation: 397 68.3375 184.3890 63.0733 3.6876
Generation: 398 70.6517 198.4883 63.8600 3.9331
Generation: 399 68.3980 184.4473 63.7231 4.3292
Generation: 400 70.6667 198.5033 63.5789 3.4255
Generation: 401 68.3671 184.4190 64.0216 3.2057
Generation: 402 68.4764 184.5248 63.8793 3.4219
Generation: 403 70.5539 198.3916 63.7088 3.5712
Generation: 404 68.3510 184.4011 63.8624 3.7613
Generation: 405 68.2959 184.3494 63.5548 3.1826
Generation: 406 70.6092 198.4458 63.1994 3.9328
Generation: 407 68.3401 184.3925 63.9032 3.7045
Generation: 408 70.4653 198.3056 63.8687 3.7069
Generation: 409 69.4224 185.3694 63.3986 3.5993
Generation: 410 68.3768 184.4282 64.1676 3.5065
Generation: 411 70.5450 198.3812 63.5331 4.3407
Generation: 412 69.4616 185.4063 63.3692 3.9239
Generation: 413 69.4557 185.4005 63.5600 3.5974
Generation: 414 69.3875 185.3344 63.3585 3.9359
Generation: 415 70.5762 198.4158 63.4734 3.5622
Generation: 416 68.3466 184.4002 63.7160 3.4968
Generation: 417 70.6470 198.4833 64.0486 3.6338
Generation: 418 70.6221 198.4613 63.4615 3.6025
Generation: 419 68.4012 184.4534 63.1313 4.1072
Generation: 420 70.5233 198.3612 63.4212 3.6312
Generation: 421 69.4731 185.4193 63.4616 3.9822
Generation: 422 70.6074 198.4446 62.8958 4.0442
Generation: 423 68.4740 184.5254 63.3714 3.8129
Generation: 424 68.4113 184.4637 63.3382 3.8818
Generation: 425 68.3516 184.4036 63.2334 3.8590
Generation: 426 70.5450 198.3812 63.1111 4.2427
Generation: 427 68.4104 184.4629 63.5993 3.6314
Generation: 428 70.6250 198.4612 63.9010 3.8305
Generation: 429 68.4251 184.4775 63.8845 3.4353
Generation: 430 68.3457 184.4005 62.8363 4.0085
Generation: 431 69.3203 185.2673 63.1543 4.4212
Generation: 432 70.7075 198.5437 63.5914 3.4450
Generation: 433 70.5630 198.4000 62.8861 4.1979
Generation: 434 68.3221 184.3740 63.1540 3.9518
Generation: 435 70.5804 198.4208 63.0148 3.8267
Generation: 436 70.3884 198.2246 62.7927 4.8081
Generation: 437 69.4562 185.4031 63.3146 4.3184
Generation: 438 68.4114 184.4636 62.5095 4.4832
Generation: 439 68.4107 184.4633 62.8926 4.5197
Generation: 440 68.4176 184.4715 63.3734 3.8918
Generation: 441 70.6833 198.5220 63.2454 4.3192
Generation: 442 70.6712 198.5095 63.3490 4.3815
Generation: 443 70.6487 198.4870 63.3594 4.2263
Generation: 444 69.4294 185.3755 64.1183 3.5143
Generation: 445 68.3243 184.3766 63.8132 3.4715
Generation: 446 68.3262 184.3783 62.8323 3.8637
Generation: 447 69.4386 185.3813 63.3194 3.8551
Generation: 448 70.7066 198.5458 63.3683 3.8652
Generation: 449 69.4745 185.4185 63.0410 3.9156
Generation: 450 69.3849 185.3319 63.5911 3.6804
Generation: 451 70.6024 198.4396 62.7203 3.6466
Generation: 452 69.3930 185.3388 63.2926 3.5450
Generation: 453 70.6320 198.4683 63.1272 3.9544
Generation: 454 68.1155 184.1685 63.6462 3.6499
Generation: 455 70.6661 198.5029 63.8207 3.2404
Generation: 456 70.5824 198.4212 63.4846 3.8046
Generation: 457 70.6511 198.4879 63.9261 3.7837
Generation: 458 69.5107 185.4568 62.9366 3.7767
Generation: 459 70.4890 198.3270 63.1871 3.7591
Generation: 460 70.6086 198.4454 63.3911 3.7063
Generation: 461 70.4213 198.2602 63.8673 3.5409
Generation: 462 70.7120 198.5546 63.1743 3.9380
Generation: 463 70.4133 198.2523 63.5506 3.5359
Generation: 464 70.7119 198.5492 63.1662 3.8061
Generation: 465 70.5907 198.4300 63.6143 4.1292
Generation: 466 70.5566 198.3955 63.8847 3.7380
Generation: 467 70.5133 198.3504 63.9765 3.5542
Generation: 468 68.3109 184.3648 63.1360 3.7244
Generation: 469 70.4192 198.2558 63.6628 3.9831
Generation: 470 70.3359 198.1721 63.0008 4.0526
Generation: 471 70.6442 198.4808 63.7570 4.3011
Generation: 472 70.6420 198.4808 63.6000 4.0957
Generation: 473 70.6044 198.4438 63.7797 3.3807
Generation: 474 70.3088 198.1477 63.8010 3.8884
Generation: 475 69.3796 185.3263 63.9214 3.7051
Generation: 476 70.5959 198.4329 63.8796 3.8699
Generation: 477 70.6899 198.5271 63.8756 3.7972
Generation: 478 70.5653 198.4020 63.6377 3.8854
Generation: 479 68.3480 184.4019 63.3718 3.7402
Generation: 480 70.5793 198.4187 64.1861 3.1670
Generation: 481 69.3163 185.2636 63.6712 3.5759
Generation: 482 70.4717 198.3083 64.0141 3.5981
Generation: 483 68.4190 184.4721 64.1023 3.2662
Generation: 484 70.3562 198.1963 63.8472 3.7591
Generation: 485 70.6108 198.4475 64.6332 3.5102
Generation: 486 70.6220 198.4608 63.4306 4.3851
Generation: 487 69.1632 185.1112 63.4574 3.4574
Generation: 488 70.6345 198.4733 63.7283 3.8361
Generation: 489 69.2431 185.1900 64.0529 3.7856
Generation: 490 68.4115 184.4646 63.3247 4.1767
Generation: 491 70.5479 198.3875 63.4987 3.7626
Generation: 492 69.5019 185.4484 63.1770 4.3807
Generation: 493 69.4798 185.4263 64.3641 3.4460
Generation: 494 69.3738 185.3214 63.4724 4.1064
Generation: 495 70.6209 198.4574 64.2443 3.5106
Generation: 496 70.6795 198.5183 63.8610 3.4123
Generation: 497 70.5924 198.4321 63.6535 4.0059
Generation: 498 68.4337 184.4866 62.5460 4.0776
Generation: 499 70.5176 198.3569 63.1361 3.8259
Generation: 500 68.2647 184.3171 63.4195 3.9446
Generation: 501 70.5278 198.3669 63.4480 3.9776
Generation: 502 70.5171 198.3556 63.8066 3.9002
Generation: 503 70.4803 198.3194 63.4971 3.4526
Generation: 504 68.4259 184.4803 64.3466 3.8812
Generation: 505 68.3751 184.4279 64.1764 3.4209
Generation: 506 70.3899 198.2304 63.9151 3.5969
Generation: 507 69.2267 185.1748 64.2862 3.3767
Generation: 508 69.2661 185.2125 63.4379 4.0890
Generation: 509 70.3360 198.1763 63.4661 3.6378
Generation: 510 69.3192 185.2662 63.3559 3.5343
Generation: 511 70.4245 198.2675 63.4992 3.5558
Generation: 512 69.4628 185.4072 63.3511 3.9005
Generation: 513 68.2741 184.3286 63.4182 4.0603
Generation: 514 70.5574 198.3946 63.0084 4.3290
Generation: 515 70.5920 198.4308 63.8488 3.8193
Generation: 516 70.5745 198.4133 64.0216 3.5698
Generation: 517 69.2367 185.1837 64.0955 3.5345
Generation: 518 70.3159 198.1554 64.0883 3.3374
Generation: 519 69.4810 185.4276 63.3433 3.9399
Generation: 520 68.3246 184.3786 63.5738 3.8465
Generation: 521 69.4148 185.3613 63.7301 3.6414
Generation: 522 69.3255 185.2701 63.6846 4.1197
Generation: 523 69.4869 185.4334 63.8571 3.2983
Generation: 524 68.3546 184.4086 63.5671 3.3692
Generation: 525 69.4417 185.3884 64.2629 3.2399
Generation: 526 69.4732 185.4201 64.5198 3.6191
Generation: 527 70.5895 198.4283 64.3135 3.0173
Generation: 528 68.3970 184.4500 64.0982 3.4904
Generation: 529 70.6645 198.5033 64.0333 3.4721
Generation: 530 68.3829 184.4358 64.0218 3.6415
Generation: 531 69.4069 185.3534 64.2873 3.4745
Generation: 532 70.6195 198.4583 64.3157 3.3859
Generation: 533 69.3690 185.3134 63.6998 3.7343
Generation: 534 68.3045 184.3566 63.8612 3.4207
Generation: 535 70.4187 198.2554 62.9934 4.9139
Generation: 536 69.4959 185.4426 63.6948 3.8194
Generation: 537 70.6536 198.4928 63.7535 3.4830
Generation: 538 70.5367 198.3733 63.0600 3.6425
Generation: 539 69.4447 185.3923 63.8658 3.5308
Generation: 540 68.4265 184.4796 63.2601 3.5589
Generation: 541 69.4594 185.4059 63.5926 3.8404
Generation: 542 69.4377 185.3843 63.8741 3.4640
Generation: 543 69.4616 185.4084 63.4332 3.8862
Generation: 544 69.4871 185.4339 63.6552 4.0101
Generation: 545 69.4665 185.4140 63.1973 4.0083
Generation: 546 69.4038 185.3484 63.6556 3.8439
Generation: 547 69.5029 185.4497 63.1591 3.8339
Generation: 548 70.3474 198.1876 62.6741 4.3068
Generation: 549 70.4128 198.2519 63.1511 3.6154
Generation: 550 70.5465 198.3863 63.4231 3.5225
Generation: 551 69.1942 185.1424 63.5858 3.8877
Generation: 552 70.5099 198.3496 63.5221 4.1193
Generation: 553 69.4736 185.4211 63.9653 3.3872
Generation: 554 69.4886 185.4361 64.6193 3.2167
Generation: 555 70.5636 198.4033 63.7770 3.6248
Generation: 556 70.6629 198.5016 64.1603 3.8435
Generation: 557 69.4482 185.3947 63.3431 3.5629
Generation: 558 70.6161 198.4553 64.3207 3.5796
Generation: 559 68.3618 184.4171 63.7479 3.2329
Generation: 560 68.4058 184.4587 63.7311 3.4945
Generation: 561 70.5482 198.3875 64.8042 3.1164
Generation: 562 70.6669 198.5042 63.1372 4.5184
Generation: 563 70.4428 198.2819 64.2700 3.6793
Generation: 564 70.7011 198.5378 64.0408 3.6866
Generation: 565 70.6771 198.5153 63.5305 3.7853
Generation: 566 70.6570 198.4958 63.8607 4.3083
Generation: 567 70.6070 198.4458 64.2555 3.7319
Generation: 568 69.5010 185.4472 63.6972 3.5038
Generation: 569 70.6256 198.4658 64.5075 3.9002
Generation: 570 70.6749 198.5121 63.4874 3.8687
Generation: 571 70.6328 198.4695 64.0079 3.4269
Generation: 572 68.3324 184.3865 64.2635 3.1177
Generation: 573 70.7211 198.5603 63.4437 3.9579
Generation: 574 69.4589 185.4055 63.9972 3.5110
Generation: 575 69.4724 185.4193 63.2724 4.2270
Generation: 576 68.7623 184.8310 63.5755 3.2872
Generation: 577 69.5248 185.4713 63.6150 4.0633
Generation: 578 70.6894 198.5267 64.2830 3.4798
Generation: 579 68.3437 184.3944 64.0708 3.2532
Generation: 580 70.7361 198.5753 64.7713 2.9897
Generation: 581 70.6638 198.5024 63.8133 3.7609
Generation: 582 70.5674 198.4071 63.9676 3.3405
Generation: 583 69.4959 185.4426 63.6750 3.4193
Generation: 584 70.4991 198.3359 63.7756 3.4362
Generation: 585 69.3265 185.2737 63.9212 3.2006
Generation: 586 70.4712 198.3079 64.2387 3.4162
Generation: 587 70.7502 198.5895 64.6899 3.3456
Generation: 588 68.3618 184.4157 64.1757 3.2516
Generation: 589 69.2195 185.1653 63.4466 3.3599
Generation: 590 69.2063 185.1510 64.6306 3.4379
Generation: 591 70.6328 198.4695 64.3737 3.2203
Generation: 592 69.2195 185.1639 64.3624 3.2273
Generation: 593 70.5507 198.3874 64.0175 3.4830
Generation: 594 70.4724 198.3118 63.9320 3.9286
Generation: 595 70.6537 198.4904 64.7763 3.7024
Generation: 596 70.3887 198.2254 64.7830 3.8414
Generation: 597 70.5283 198.3650 64.7813 3.7012
Generation: 598 69.4876 185.4338 64.1147 3.6045
Generation: 599 70.4712 198.3102 63.7465 3.5164
Generation: 600 70.7081 198.5470 64.2074 3.6640
Generation: 601 70.5578 198.3969 64.3690 3.5270
Generation: 602 70.5903 198.4274 63.9136 4.8845
Generation: 603 70.7160 198.5562 64.3478 3.6587
Generation: 604 70.4508 198.2898 63.8726 4.0924
Generation: 605 70.6853 198.5220 64.2528 3.3702
Generation: 606 70.4083 198.2454 64.0538 3.5175
Generation: 607 70.5203 198.3574 64.5739 3.6524
Generation: 608 70.5135 198.3530 64.5407 3.6303
Generation: 609 70.7010 198.5399 64.3658 3.4708
Generation: 610 70.5299 198.3693 64.4974 3.7518
Generation: 611 70.6599 198.4971 64.3762 3.3377
Generation: 612 70.5237 198.3604 64.5568 3.5461
Generation: 613 70.5694 198.4085 64.0889 3.3236
Generation: 614 70.4753 198.3124 64.5840 3.3113
Generation: 615 69.2523 185.2004 64.2083 3.2080
Generation: 616 69.3651 185.3121 64.3960 3.4647
Generation: 617 70.5435 198.3830 63.9990 3.4927
Generation: 618 70.5944 198.4335 63.8883 3.9099
Generation: 619 70.4631 198.3000 64.3929 4.0222
Generation: 620 70.6270 198.4658 63.6571 3.9057
Generation: 621 70.5087 198.3454 64.3931 3.5911
Generation: 622 69.3183 185.2654 64.4594 3.5656
Generation: 623 70.4062 198.2464 64.3698 3.5272
Generation: 624 70.6290 198.4688 64.0257 4.0320
Generation: 625 70.3949 198.2351 63.9166 3.8218
Generation: 626 70.5094 198.3485 63.8791 3.4395
Generation: 627 69.4665 185.4140 63.7602 4.0863
Generation: 628 70.7335 198.5728 64.0564 3.5418
Generation: 629 69.2771 185.2254 64.0573 4.0772
Generation: 630 70.3457 198.1860 64.2753 3.7914
Generation: 631 69.5611 185.5080 64.5639 3.7053
Generation: 632 69.3401 185.2871 64.9275 3.1115
Generation: 633 70.4844 198.3238 64.9467 3.5543
Generation: 634 70.5060 198.3455 64.4406 3.5949
Generation: 635 70.6935 198.5324 64.4171 3.7108
Generation: 636 70.7361 198.5753 64.2397 3.5639
Generation: 637 70.7085 198.5474 64.6121 3.9517
Generation: 638 70.4728 198.3119 65.0671 3.1836
Generation: 639 70.5885 198.4280 65.1207 3.0758
Generation: 640 70.3978 198.2369 64.5934 3.8121
Generation: 641 70.6444 198.4817 64.9346 3.3108
Generation: 642 70.5393 198.3778 64.6494 3.5571
Generation: 643 70.6785 198.5174 64.5867 3.0690
Generation: 644 69.4578 185.4043 64.9899 3.3047
Generation: 645 70.3978 198.2369 64.7191 3.8871
Generation: 646 70.7160 198.5549 65.5856 3.1059
Generation: 647 70.4619 198.3013 65.2749 3.2115
Generation: 648 68.4110 184.4653 65.1174 2.6069
Generation: 649 70.3828 198.2219 64.8034 3.1168
Generation: 650 70.5694 198.4085 64.8854 3.5946
Generation: 651 70.7160 198.5549 64.1293 3.4960
Generation: 652 70.6570 198.4958 64.9598 2.8604
Generation: 653 70.7211 198.5603 64.3155 3.4150
Generation: 654 70.5644 198.4035 65.3242 2.9384
Generation: 655 70.4728 198.3119 64.7120 3.2270
Generation: 656 70.7095 198.5483 64.8554 3.2317
Generation: 657 70.5953 198.4344 64.3596 3.5404
Generation: 658 70.3758 198.2148 63.9234 4.4635
Generation: 659 70.6836 198.5228 64.3956 3.4586
Generation: 660 70.7086 198.5478 65.2509 3.1910
Generation: 661 70.7427 198.5820 64.6917 4.0645
Generation: 662 70.7170 198.5558 64.9352 3.8301
Generation: 663 70.7061 198.5453 64.6384 3.0729
Generation: 664 70.6911 198.5303 65.1027 3.1849
Generation: 665 70.5178 198.3569 65.0565 3.1289
Generation: 666 70.7436 198.5828 64.6476 3.5765
Generation: 667 70.3978 198.2369 65.0136 3.2144
Generation: 668 70.6735 198.5124 65.2026 3.5401
Generation: 669 70.7511 198.5903 64.8196 3.3995
Generation: 670 70.6861 198.5253 65.0027 3.2534
Generation: 671 70.7286 198.5678 65.1738 3.4878
Generation: 672 70.5203 198.3594 64.9446 3.3037
Generation: 673 70.6370 198.4758 65.9749 2.7740
Generation: 674 70.7211 198.5603 65.3104 3.1384
Generation: 675 70.6795 198.5183 65.1082 3.4319
Generation: 676 70.7095 198.5483 65.1528 3.2172
Generation: 677 70.6495 198.4883 65.2079 3.5447
Generation: 678 70.6270 198.4658 65.4276 3.2028
Generation: 679 70.5999 198.4396 64.8232 3.2463
Generation: 680 70.7586 198.5978 65.1353 3.2056
Generation: 681 70.6911 198.5303 65.4269 2.9148
Generation: 682 70.5974 198.4362 65.3016 3.3691
Generation: 683 70.7361 198.5753 65.9926 3.0110
Generation: 684 70.5595 198.3983 66.2915 2.2818
Generation: 685 70.7361 198.5753 66.2538 2.6968
Generation: 686 70.6945 198.5333 65.8034 3.2848
Generation: 687 70.7652 198.6045 65.2013 3.0291
Generation: 688 70.7085 198.5474 65.2052 3.0257
Generation: 689 70.5403 198.3794 65.6338 3.0370
Generation: 690 70.6195 198.4583 65.7804 2.7776
Generation: 691 70.6720 198.5108 65.4674 2.6686
Generation: 692 70.7802 198.6195 65.3084 3.0557
Generation: 693 70.7652 198.6045 65.7960 2.8783
Generation: 694 70.6781 198.5183 65.2709 3.3176
Generation: 695 70.7095 198.5483 65.8900 3.0246
Generation: 696 70.6103 198.4470 65.5541 3.1465
Generation: 697 70.5390 198.3796 65.4095 2.7169
Generation: 698 70.7286 198.5678 66.0882 2.4424
Generation: 699 70.7511 198.5903 66.0853 3.0929
Generation: 700 70.7361 198.5753 64.9781 3.1659
Generation: 701 70.7586 198.5978 65.0687 3.1968
Generation: 702 70.6720 198.5108 65.5089 2.9481
Generation: 703 70.7661 198.6053 65.5409 3.0541
Generation: 704 70.6945 198.5333 65.4540 2.7629
Generation: 705 70.6870 198.5258 65.7315 3.2308
Generation: 706 70.6570 198.4958 65.3248 3.0466
Generation: 707 70.7511 198.5903 65.4427 3.4770
Generation: 708 70.5519 198.3913 65.7494 3.1313
Generation: 709 70.5103 198.3494 65.1100 3.2476
Generation: 710 70.7516 198.5908 66.2230 3.2002
Generation: 711 70.6215 198.4613 65.9331 2.8336
Generation: 712 70.7661 198.6053 65.8353 3.2250
Generation: 713 70.7661 198.6053 65.3067 3.1960
Generation: 714 70.7020 198.5408 65.9536 3.0993
Generation: 715 70.6945 198.5333 65.4373 3.4637
Generation: 716 70.6795 198.5183 65.2111 2.9653
Generation: 717 70.6945 198.5333 65.1914 3.4980
Generation: 718 70.7511 198.5903 65.3508 3.5575
Generation: 719 70.7095 198.5483 65.0311 3.2432
Generation: 720 70.6290 198.4688 65.3954 3.1193
Generation: 721 70.7245 198.5633 65.3062 3.4231
Generation: 722 70.6870 198.5258 65.2655 3.4206
Generation: 723 70.7286 198.5678 65.4578 3.2343
Generation: 724 70.6781 198.5183 65.7543 2.9514
Generation: 725 70.7236 198.5628 66.2141 2.9489
Generation: 726 70.7386 198.5778 66.3729 2.9174
Generation: 727 70.7020 198.5408 64.7694 3.3120
Generation: 728 70.6370 198.4758 65.4810 3.3775
Generation: 729 70.7161 198.5553 65.2454 3.5182
Generation: 730 70.7586 198.5978 66.0255 3.1147
Generation: 731 70.7436 198.5828 66.0385 2.8745
Generation: 732 70.7236 198.5628 65.8802 2.9728
Generation: 733 70.7877 198.6270 65.9760 3.4644
Generation: 734 70.7160 198.5549 65.8225 2.9475
Generation: 735 70.7170 198.5558 65.5841 3.7766
Generation: 736 70.6515 198.4913 65.6500 3.0438
Generation: 737 70.7160 198.5549 66.1224 3.0746
Generation: 738 70.6790 198.5191 66.0074 3.0389
Generation: 739 70.7511 198.5903 66.2236 2.9876
Generation: 740 70.7886 198.6278 66.0618 3.5752
Generation: 741 70.7586 198.5978 66.1011 3.0888
Generation: 742 70.6795 198.5183 66.0150 3.0701
Generation: 743 70.7020 198.5408 65.9290 3.1580
Generation: 744 70.7170 198.5558 65.2783 3.2650
Generation: 745 70.7020 198.5408 65.4721 3.4833
Generation: 746 70.7586 198.5978 65.9694 2.9245
Generation: 747 70.7361 198.5753 66.0005 3.1525
Generation: 748 70.6931 198.5333 66.1955 3.0360
Generation: 749 70.7736 198.6128 66.3709 3.2285
Generation: 750 70.7245 198.5633 66.4221 2.9745
Generation: 751 70.7160 198.5549 66.5346 2.6918
Generation: 752 70.7811 198.6203 66.5687 2.9491
Generation: 753 70.7236 198.5628 65.8900 3.4524
Generation: 754 70.7886 198.6278 66.4671 2.8678
Generation: 755 70.7886 198.6278 65.7062 3.4348
Generation: 756 70.7245 198.5633 66.0266 3.1785
Generation: 757 70.7320 198.5708 66.2487 2.8017
Generation: 758 70.7245 198.5633 66.1277 3.0533
Generation: 759 70.6836 198.5228 66.9659 2.8424
Generation: 760 70.7736 198.6128 65.9234 3.3604
Generation: 761 70.7661 198.6053 66.5564 2.8330
Generation: 762 70.7886 198.6278 66.2307 3.2362
Generation: 763 70.7886 198.6278 66.0898 3.0344
Generation: 764 70.7095 198.5483 65.6417 3.5669
Generation: 765 70.7511 198.5903 65.5039 3.1243
Generation: 766 70.7736 198.6128 66.4611 2.6104
Generation: 767 70.6670 198.5058 65.7370 3.2013
Generation: 768 70.7245 198.5633 66.2410 2.8894
Generation: 769 70.7311 198.5703 66.4974 3.1040
Generation: 770 70.7245 198.5633 66.3802 3.1229
Generation: 771 70.7811 198.6203 66.3041 3.1109
Generation: 772 70.7811 198.6203 66.1642 3.0285
Generation: 773 70.7811 198.6203 66.6475 2.9763
Generation: 774 70.7736 198.6128 66.0232 3.5226
Generation: 775 70.7245 198.5633 66.6932 2.8327
Generation: 776 70.7661 198.6053 66.8362 2.9255
Generation: 777 70.7090 198.5491 66.5905 2.8470
Generation: 778 70.6991 198.5383 66.0328 2.9216
Generation: 779 70.7344 198.5717 66.5824 2.8468
Generation: 780 70.7661 198.6053 66.7196 2.5856
Generation: 781 70.7661 198.6053 66.8566 2.7375
Generation: 782 70.7811 198.6203 65.6893 3.4066
Generation: 783 70.7736 198.6128 66.5005 2.7942
Generation: 784 70.7886 198.6278 66.7332 2.9189
Generation: 785 70.7886 198.6278 66.4803 3.1685
Generation: 786 70.6936 198.5328 66.5857 2.6674
Generation: 787 70.7811 198.6203 66.6395 2.7829
Generation: 788 70.7320 198.5708 66.2625 3.0233
Generation: 789 70.7736 198.6128 66.3485 3.3511
Generation: 790 70.7886 198.6278 67.5288 2.4973
Generation: 791 70.7736 198.6128 66.8222 2.8720
Generation: 792 70.7811 198.6203 66.4313 2.8714
Generation: 793 70.7886 198.6278 66.6724 3.2842
Generation: 794 70.7886 198.6278 66.4746 3.1211
Generation: 795 70.7961 198.6353 66.8694 2.9350
Generation: 796 70.7320 198.5708 66.8994 2.9807
Generation: 797 70.7245 198.5633 66.6725 2.9029
Generation: 798 70.7661 198.6053 66.6320 3.1233
Generation: 799 70.7736 198.6128 66.9754 2.8796
Generation: 800 70.7811 198.6203 66.5005 2.9274
Generation: 801 70.7961 198.6353 67.0412 2.7581
Generation: 802 70.7661 198.6053 66.9407 2.9864
Generation: 803 70.7020 198.5408 66.4433 3.2214
Generation: 804 70.7661 198.6053 66.6923 3.0447
Generation: 805 70.7245 198.5633 66.8893 2.7385
Generation: 806 70.7245 198.5633 66.4744 3.0154
Generation: 807 70.6945 198.5333 66.5482 2.9534
Generation: 808 70.7811 198.6203 66.4840 3.2576
Generation: 809 70.7436 198.5828 67.2884 2.6832
Generation: 810 70.7020 198.5408 67.6382 2.6450
Generation: 811 70.7361 198.5753 67.0766 2.9797
Generation: 812 70.7511 198.5903 66.7623 3.0664
Generation: 813 70.7886 198.6278 66.7073 2.7127
Generation: 814 70.7811 198.6203 67.2154 3.0191
Generation: 815 70.7886 198.6278 66.9512 2.7119
Generation: 816 70.7811 198.6203 67.3170 2.6309
Generation: 817 70.7886 198.6278 67.4044 2.5861
Generation: 818 70.7961 198.6353 67.4961 2.4137
Generation: 819 70.7961 198.6353 67.3899 2.6223
Generation: 820 70.7961 198.6353 67.6753 2.3760
Generation: 821 70.7511 198.5903 67.6258 2.6406
Generation: 822 70.7886 198.6278 66.7613 2.8756
Generation: 823 70.7961 198.6353 67.5732 2.6618
Generation: 824 70.7736 198.6128 67.2585 2.8830
Generation: 825 70.7245 198.5633 66.9876 3.0578
Generation: 826 70.7961 198.6353 66.9984 2.9797
Generation: 827 70.7386 198.5778 67.1504 3.0161
Generation: 828 70.7961 198.6353 67.4319 2.5033
Generation: 829 70.7736 198.6128 67.9705 2.3971
Generation: 830 70.7586 198.5978 67.1906 2.7859
Generation: 831 70.7795 198.6187 67.5314 3.0425
Generation: 832 70.7736 198.6128 66.9877 2.8893
Generation: 833 70.7961 198.6353 67.0598 3.0492
Generation: 834 70.7886 198.6278 67.5637 2.3877
Generation: 835 70.7961 198.6353 67.1524 2.9110
Generation: 836 70.7961 198.6353 67.4845 2.7088
Generation: 837 70.7886 198.6278 67.2533 2.7309
Generation: 838 70.7320 198.5708 67.2505 2.5200
Generation: 839 70.7961 198.6353 67.6377 3.0361
Generation: 840 70.7811 198.6203 67.5325 2.3987
Generation: 841 70.7245 198.5633 67.8602 2.2065
Generation: 842 70.7736 198.6128 67.2053 2.9974
Generation: 843 70.7961 198.6353 67.2985 2.8521
Generation: 844 70.7961 198.6353 67.8178 2.8303
Generation: 845 70.7643 198.6045 68.1418 2.2611
Generation: 846 70.7586 198.5978 67.4543 2.8724
Generation: 847 70.7320 198.5708 67.8601 2.5267
Generation: 848 70.7245 198.5633 67.4595 2.8266
Generation: 849 70.7961 198.6353 67.4482 2.9736
Generation: 850 70.7886 198.6278 67.6275 2.8135
Generation: 851 70.7736 198.6128 67.3653 3.0879
Generation: 852 70.7961 198.6353 68.1033 2.5298
Generation: 853 70.7961 198.6353 67.7674 2.4664
Generation: 854 70.7736 198.6128 68.2143 1.9576
Generation: 855 70.7886 198.6278 67.4640 2.9268
Generation: 856 70.7886 198.6278 67.9218 2.2301
Generation: 857 70.7961 198.6353 67.7526 2.6142
Generation: 858 70.7961 198.6353 67.4038 2.7639
Generation: 859 70.7961 198.6353 67.3334 2.7545
Generation: 860 70.7736 198.6128 67.7157 2.6394
Generation: 861 70.7811 198.6203 67.8767 2.5600
Generation: 862 70.7961 198.6353 67.4219 2.8861
Generation: 863 70.7395 198.5783 67.5663 2.9954
Generation: 864 70.7886 198.6278 67.4862 2.9309
Generation: 865 70.7511 198.5903 67.9359 2.4714
Generation: 866 70.7952 198.6345 67.5916 2.7090
Generation: 867 70.7886 198.6278 68.0643 2.5658
Generation: 868 70.7886 198.6278 67.2218 2.8755
Generation: 869 70.7886 198.6278 67.6564 2.6463
Generation: 870 70.7886 198.6278 67.6266 2.5121
Generation: 871 70.7386 198.5778 67.2371 2.7441
Generation: 872 70.7811 198.6203 67.6968 2.7753
Generation: 873 70.7886 198.6278 67.1683 2.8215
Generation: 874 70.7886 198.6278 68.0195 2.0221
Generation: 875 70.7886 198.6278 68.0226 2.4884
Generation: 876 70.7886 198.6278 67.0371 3.2561
Generation: 877 70.7886 198.6278 68.1977 2.5845
Generation: 878 70.7886 198.6278 67.7396 2.6420
Generation: 879 70.7886 198.6278 67.9475 2.6460
Generation: 880 70.7736 198.6128 67.3836 2.7094
Generation: 881 70.7886 198.6278 67.5646 2.7261
Generation: 882 70.7886 198.6278 67.6725 2.5019
Generation: 883 70.7886 198.6278 67.9051 2.4868
Generation: 884 70.7886 198.6278 67.4847 2.7385
Generation: 885 70.7886 198.6278 67.5415 2.8093
Generation: 886 70.7961 198.6353 67.8870 2.6534
Generation: 887 70.7811 198.6203 67.7646 2.6398
Generation: 888 70.7961 198.6353 67.6145 2.7317
Generation: 889 70.7886 198.6278 68.3810 2.4194
Generation: 890 70.7961 198.6353 67.9816 2.4989
Generation: 891 70.7961 198.6353 68.2833 2.1818
Generation: 892 70.7811 198.6203 67.8724 2.4001
Generation: 893 70.7811 198.6203 67.7875 2.7863
Generation: 894 70.7361 198.5753 67.3281 2.7910
Generation: 895 70.7811 198.6203 68.1415 2.4681
Generation: 896 70.7961 198.6353 67.9742 2.4044
Generation: 897 70.7961 198.6353 67.8446 2.6495
Generation: 898 70.7245 198.5633 67.4961 2.5927
Generation: 899 70.7886 198.6278 67.6449 2.9152
Generation: 900 70.7736 198.6128 67.6419 2.7082
Generation: 901 70.7586 198.5978 67.5801 2.9318
Generation: 902 70.7436 198.5828 67.8946 2.3797
Generation: 903 70.7886 198.6278 67.7205 2.5991
Generation: 904 70.7811 198.6203 67.6250 2.5815
Generation: 905 70.7886 198.6278 67.7993 2.7768
Generation: 906 70.7886 198.6278 67.4201 3.1259
Generation: 907 70.7886 198.6278 67.4682 2.9355
Generation: 908 70.7661 198.6053 67.9193 2.5371
Generation: 909 70.7652 198.6045 68.0682 2.7622
Generation: 910 70.7511 198.5903 67.3996 2.6739
Generation: 911 70.7811 198.6203 67.4610 2.9594
Generation: 912 70.7886 198.6278 67.3725 3.0596
Generation: 913 70.7320 198.5708 67.2317 2.6223
Generation: 914 70.7511 198.5903 67.7000 2.2824
Generation: 915 70.7886 198.6278 67.3549 2.8794
Generation: 916 70.7886 198.6278 67.6321 2.6288
Generation: 917 70.7661 198.6053 67.7018 2.5100
Generation: 918 70.7736 198.6128 67.3889 3.0616
Generation: 919 70.7320 198.5708 67.6985 2.6074
Generation: 920 70.7886 198.6278 67.6047 2.9453
Generation: 921 70.7436 198.5828 67.6943 2.2808
Generation: 922 70.7727 198.6120 67.6141 2.8643
Generation: 923 70.7245 198.5633 66.7512 3.0026
Generation: 924 70.7811 198.6203 67.3228 2.7799
Generation: 925 70.7886 198.6278 67.2465 3.1588
Generation: 926 70.7727 198.6120 67.0598 2.9936
Generation: 927 70.7652 198.6045 66.8624 2.8928
Generation: 928 70.7886 198.6278 67.4102 2.7204
Generation: 929 70.7886 198.6278 67.2400 3.0810
Generation: 930 70.8022 198.6416 67.1223 3.0218
Generation: 931 70.8097 198.6491 67.2453 2.9018
Generation: 932 70.7877 198.6270 67.5294 2.7173
Generation: 933 70.7802 198.6195 66.9651 2.9075
Generation: 934 70.7961 198.6353 67.3011 2.6143
Generation: 935 70.7286 198.5678 66.8788 2.9110
Generation: 936 70.7877 198.6270 67.3884 2.9422
Generation: 937 70.7736 198.6128 67.6409 2.8993
Generation: 938 70.7245 198.5633 67.4590 3.0960
Generation: 939 70.7661 198.6053 67.4991 2.5987
Generation: 940 70.7952 198.6345 67.5666 2.7642
Generation: 941 70.7386 198.5778 67.3966 2.6896
Generation: 942 70.7661 198.6053 67.7258 2.9583
Generation: 943 70.7877 198.6270 67.5707 2.8419
Generation: 944 70.7811 198.6203 67.0863 2.9714
Generation: 945 70.7736 198.6128 67.1622 2.9704
Generation: 946 70.7381 198.5783 66.8131 3.1771
Generation: 947 70.7736 198.6128 67.0812 3.0613
Generation: 948 70.7245 198.5633 66.5858 3.1227
Generation: 949 70.7886 198.6278 67.3341 2.7970
Generation: 950 70.7652 198.6045 66.6991 3.2570
Generation: 951 70.7886 198.6278 67.3084 3.0910
Generation: 952 70.7886 198.6278 67.4416 3.0274
Generation: 953 70.7886 198.6278 67.4368 2.8900
Generation: 954 70.7661 198.6053 67.2832 2.7434
Generation: 955 70.7961 198.6353 67.9854 2.7378
Generation: 956 70.7886 198.6278 67.2801 2.9280
Generation: 957 70.7727 198.6120 67.0679 3.1281
Generation: 958 70.7886 198.6278 67.6199 2.6553
Generation: 959 70.7661 198.6053 66.9024 2.9957
Generation: 960 70.7320 198.5708 67.3643 2.8001
Generation: 961 70.7886 198.6278 67.8626 2.5363
Generation: 962 70.7811 198.6203 67.5183 2.8764
Generation: 963 70.7736 198.6128 67.5197 2.6183
Generation: 964 70.7736 198.6128 67.2916 2.7625
Generation: 965 70.7736 198.6128 67.5300 2.7501
Generation: 966 70.7886 198.6278 66.9423 3.2105
Generation: 967 70.6781 198.5183 67.6679 2.5907
Generation: 968 70.7235 198.5624 67.3502 2.7588
Generation: 969 70.7156 198.5558 67.3658 2.8034
Generation: 970 70.7886 198.6278 67.0920 2.9038
Generation: 971 70.7811 198.6203 67.0062 3.1657
Generation: 972 70.7736 198.6128 67.8343 2.5265
Generation: 973 70.7736 198.6128 66.9554 3.0870
Generation: 974 70.7156 198.5558 67.4137 2.6844
Generation: 975 70.7320 198.5708 67.5656 2.7721
Generation: 976 70.7811 198.6203 67.9335 2.3494
Generation: 977 70.7947 198.6341 67.2630 3.1058
Generation: 978 70.7231 198.5620 67.3247 2.9030
Generation: 979 70.7736 198.6128 67.8154 2.6569
Generation: 980 70.7231 198.5633 67.2355 3.0424
Generation: 981 70.7245 198.5633 67.6966 2.8096
Generation: 982 70.7736 198.6128 67.1790 2.9556
Generation: 983 70.7231 198.5633 67.8000 2.5510
Generation: 984 70.7661 198.6053 67.5237 2.9615
Generation: 985 70.7877 198.6270 67.7346 2.9059
Generation: 986 70.8097 198.6491 67.0871 2.8095
Generation: 987 70.7381 198.5770 66.8881 3.3875
Generation: 988 70.7802 198.6195 67.3462 2.9410
Generation: 989 70.7886 198.6278 67.3650 2.8904
Generation: 990 70.8097 198.6491 67.8089 2.8781
Generation: 991 70.7736 198.6128 67.4359 2.8029
Generation: 992 70.7736 198.6128 67.4328 2.7586
Generation: 993 70.7231 198.5633 67.7626 3.0134
Generation: 994 70.7736 198.6128 67.4324 2.6666
Generation: 995 70.7952 198.6345 67.5622 2.9272
Generation: 996 70.7886 198.6278 68.0951 2.3278
Generation: 997 70.7736 198.6128 67.8130 2.5824
Generation: 998 70.7952 198.6345 68.1531 2.4428
Generation: 999 70.7961 198.6353 67.8807 2.7441
