-3.462379990233188654e-02
-6.849225434580356875e-02
-5.491204762747482759e-02
-3.772685390597859678e-01
2.157446239178293645e-01
1.927899365485219452e-02
2.159658095383908960e-01
-1.894546378607536719e-01
2.888482817503659761e-02
-2.034003240967651588e-02
-6.667988263055488196e-02
-1.441298279317295705e-01
3.848104683254216507e-01
1.208443861654726753e-01
-4.094713455009538761e-01
-5.308290407111495579e-01
-1.151060454466257127e-01
-2.057215632163770791e-01
3.533862553470559220e-01
-1.266233065353910281e-01
-7.744201200868452983e-02
-1.645529443263254177e-01
-5.202609057467938794e-03
-6.919494617732199759e-02
-1.337958973510885441e-01
-9.741610526093939793e-02
2.650102969611273784e-01
-1.820056154770714751e-01
-3.696595559199234993e-01
-1.450199140082384652e-01
-1.579303617040616059e-01
7.231516678467907189e-03
1.031380215339998824e-01
3.116048984662289634e-02
7.994403156694107615e-02
-3.147354335346172483e-01
-3.587216294762157753e-01
-1.697501199217835849e-02
-3.657669754622870362e-01
-1.914204637982126755e-01
-1.099959148295740902e-01
3.623875870370141805e-01
2.397505006945030714e-01
1.319348297041246787e-01
4.544024270396853499e-02
4.971043328189812815e-02
2.695813596975096260e-01
2.997877078641275617e-02
2.046129614429286481e-01
-3.466129261776863812e-02
-5.148681958118028756e-02
2.706537742002809721e-01
-3.308764150304963070e-01
-1.113437247726684065e-02
5.744056567866692165e-01
4.737576697685774163e-01
2.722060345365784895e-01
1.185743305672687792e-01
2.159235080250418437e-02
2.240045342246885507e-01
-9.659060082441030259e-02
-7.795693048321072904e-02
2.806357698103382203e-01
4.321401719269500619e-02
1.422866879074953794e-01
-4.620122574017726524e-02
-2.901915200732473332e-01
8.784159657326139070e-02
-1.624366258164131049e-03
-5.308123924060030585e-02
1.425825597236672349e-01
-7.842708824834718206e-03
1.843129299372393837e-03
2.774778766656766371e-01
-2.223690327938657452e-01
-3.129839843106935193e-01
2.217909481927261284e-01
-1.569830521889362118e-01
1.256748008969080788e-01
4.304732563740399920e-01
1.683745014015878838e-01
-5.833001764193948557e-02
-1.574756880843049267e-02
-1.744913843143486298e-01
3.464608756464762074e-01
5.272201660752854485e-02
-1.512285052011121678e-01
5.787746882529146153e-02
-6.857702125923334502e-02
1.921568633018300998e-01
-1.159084252043248997e-01
4.705413512043096214e-01
2.503718254905379359e-01
2.280968530812140516e-01
-1.835707155411360758e-01
-2.008943936310702560e-01
-2.824691422866300039e-01
1.854324927415151175e-02
-1.461372318750353561e-02
9.168067294914226950e-02
1.716191516099857539e-01
8.373940430944611102e-02
-1.204612162755697158e-02
2.793687450361075075e-02
3.445689942790431948e-01
-3.346524558559729190e-01
-1.646846254438388280e-01
1.780365819647176662e-01
3.794538135211174557e-01
6.606934372368544750e-02
-2.399467170193249066e-01
-6.915624755831904780e-02
9.071718257269632824e-02
3.959575725744389207e-01
6.553747030218493030e-04
-3.021042130847769180e-01
-1.817498778088745270e-01
-7.059290442979099245e-02
-3.402700396787470827e-01
-2.862193754032134330e-03
1.315740720026759014e-01
-1.795563740125975249e-01
3.508209280840736133e-01
-3.747539201417029453e-01
1.179758056030801028e-03
-6.087709887436451583e-02
1.987772473539897722e-02
-2.663375411519014468e-02
-2.899134674960670566e-01
-9.931187306028513295e-02
-3.030912855422803753e-01
-5.653471717613747782e-02
-1.341853435074154000e-01
2.524301367918830308e-01
1.084381284606423385e-01
-1.511522970709454350e-02
4.038662618233025692e-02
5.579717812672153887e-02
-1.956081028121826049e-01
-3.076447146269378208e-01
1.802520884322584005e-01
-2.173615197046769865e-01
-2.954287674815370690e-01
-2.133656767727131476e-01
4.936330402409528917e-01
3.171017376604269300e-01
3.225123353448636904e-02
-1.635176186608019167e-01
2.665035937051668524e-01
1.150290181765710462e-02
3.387600591320045207e-01
6.949695051710896854e-02
-4.895587450795674256e-01
1.511206004608575404e-01
-1.166721692664246246e-01
3.726138837978176244e-01
-2.726515805434522877e-01
2.532841713223094732e-02
7.149848898813493392e-02
1.615975608060334356e-01
-1.441735135125781220e-01
-1.111636871987575076e-01
-1.707171660141338920e-01
1.756486580004957831e-01
-1.614788642170871813e-01
-1.380975706471482961e-02
-2.467530404385214760e-01
-7.043267994584600199e-03
3.211664836587430072e-02
1.677921805177304548e-01
-2.570553697066174648e-01
-8.220560255430450769e-02
9.068215793510830958e-03
-2.233477320059952531e-02
-5.318308415117959376e-01
5.477559377626053938e-02
1.011708005559728979e-01
1.335334169294859485e-01
1.695785629168609088e-01
5.282876725775002835e-02
2.097888840550359568e-01
-2.079017711439655747e-01
-1.013851036323623472e-01
-1.312745134927125745e-01
1.626901614329948065e-01
1.095435222893826055e-01
-4.428693177553257032e-02
-2.573541156005060837e-01
3.055081368719004403e-02
-1.993987960002254478e-01
4.472884806593304674e-01
-1.123738496920924229e-01
6.090898646318203269e-02
1.162632181694453204e-01
2.009487093980914518e-01
1.558437240064743379e-01
1.546784583215291276e-01
-1.531261944400867381e-01
1.173509834455597201e-01
-1.138670538514404834e-01
1.601810809928055634e-01
-1.052688621286200915e-01
5.949195714812047231e-02
2.076179509601372708e-01
-2.328102235788457874e-01
-3.644063127211627506e-02
-1.085397806922862307e-02
-8.172549122495294249e-02
-3.975612415285741802e-02
-8.511760098450671386e-03
-2.947101708284355914e-01
-1.823628275415463684e-01
2.819557687195159978e-01
1.507518690685997753e-01
-1.568647198821220279e-01
-2.073427730894658039e-01
6.901226703643056903e-03
1.404884165088361447e-01
1.954309366687544403e-01
1.797701283373852599e-01
-1.416511892634654268e-01
-2.305430629988664826e-01
1.219253658362270676e-01
2.894290899417797241e-02
2.832842335949498080e-01
-1.730221401325904018e-01
-1.191735635048183917e-01
-2.546008751599837527e-01
8.761321670911800807e-03
-3.111291064373095105e-02
1.654336798181010870e-02
1.473738161708718075e-01
-2.125791126768978856e-01
-2.231005086124056569e-01
6.515893308044632404e-01
-1.169768132144399786e-01
-3.696848909129765159e-01
2.023360739190960822e-01
1.114812521582219801e-01
1.952685293298361824e-01
1.031321476290706363e-01
-2.765564378157190362e-01
-7.117833312417466696e-02
3.095089824354792518e-01
-2.714557499454073874e-01
1.963163804740361007e-01
-1.002039437733297372e-01
-1.309069981606968969e-01
-5.498740759447634519e-01
-1.170429099975950488e-01
-1.533484329814577274e-01
9.012405800424366786e-02
2.563506698247304261e-01
-1.954294290201035733e-01
-6.414579874118972458e-02
-3.201617068730489013e-02
1.377898121159664147e-01
-1.496463025905022670e-01
2.161051570078318107e-01
-4.656594384090128047e-01
-1.449043358492748401e-01
3.971389648937243555e-01
1.788771524510147648e-01
4.086534212083097195e-01
-1.012510337450354958e-01
