Generation: 0 27.6698 1.7425 4.3312 15.5462
Generation: 1 45.6239 1.6825 3.7686 16.0728
Generation: 2 45.6239 1.6825 11.6369 18.9013
Generation: 3 45.6239 1.6825 17.8477 19.7637
Generation: 4 53.1820 2.6100 24.3561 20.3628
Generation: 5 40.3869 1.8750 26.7902 19.6716
Generation: 6 45.3516 1.8150 38.1379 15.3259
Generation: 7 48.9523 1.7550 38.5669 14.0316
Generation: 8 44.6064 1.7900 41.8897 9.3422
Generation: 9 51.5407 2.0400 38.5734 15.3094
Generation: 10 40.2930 1.8100 38.4589 13.4291
Generation: 11 58.0618 1.7650 40.2415 12.5240
Generation: 12 41.4485 1.7600 41.6931 12.4168
Generation: 13 39.2871 2.0225 42.0672 9.6287
Generation: 14 45.7349 1.8425 42.5031 8.3250
Generation: 15 45.6239 1.6825 40.6125 14.1889
Generation: 16 58.5267 2.1550 43.0674 9.5452
Generation: 17 45.6239 1.6825 40.0876 13.6481
Generation: 18 54.5712 1.7475 43.3194 8.6102
Generation: 19 45.6239 1.6825 43.8757 7.7787
Generation: 20 45.6239 1.6825 42.7087 10.5388
Generation: 21 45.6239 1.6825 44.3943 6.2215
Generation: 22 45.6239 1.6825 43.3915 7.8618
Generation: 23 45.6239 1.6825 43.6198 6.5477
Generation: 24 45.6239 1.6825 44.3364 4.1469
Generation: 25 38.1820 2.1400 45.1262 2.8145
Generation: 26 38.1214 2.1500 43.9642 5.2099
Generation: 27 45.7064 1.7650 43.7650 6.4571
Generation: 28 43.4845 1.7900 43.9468 4.7802
Generation: 29 48.9715 1.7400 43.4636 6.7984
Generation: 30 35.8883 1.7800 43.7682 5.8281
Generation: 31 45.6239 1.6825 45.0615 2.7648
Generation: 32 35.8032 1.8575 44.7468 3.7876
Generation: 33 50.3169 1.9250 44.3101 4.5196
Generation: 34 43.4665 1.7325 43.8110 4.8893
Generation: 35 45.6239 1.6825 43.5736 5.0017
Generation: 36 39.1460 1.8175 43.0240 5.5865
Generation: 37 45.6239 1.6825 43.5730 6.7131
Generation: 38 45.6239 1.6825 43.9826 4.7347
Generation: 39 45.6239 1.6825 45.0038 2.9641
Generation: 40 37.0057 1.9200 42.9325 7.1720
Generation: 41 45.6239 1.6825 43.8343 4.8106
Generation: 42 47.1258 2.0275 43.8606 5.1220
Generation: 43 33.6483 1.8225 44.8632 3.1493
Generation: 44 31.3205 1.8550 44.3478 4.1151
Generation: 45 45.6239 1.6825 44.7940 3.2069
Generation: 46 43.5307 1.7825 44.1231 4.2307
Generation: 47 49.1268 2.8650 44.5808 4.0001
Generation: 48 33.7271 1.8600 44.1632 4.7502
Generation: 49 45.6408 1.6900 44.3805 4.1173
Generation: 50 43.5964 1.9075 44.5925 3.7281
Generation: 51 45.6239 1.6825 44.1539 4.7312
Generation: 52 44.6516 1.8775 44.9146 2.9640
Generation: 53 46.8820 1.8325 44.2555 4.0568
Generation: 54 45.6239 1.6825 42.7520 7.4978
Generation: 55 40.1417 1.7825 44.7479 3.4738
Generation: 56 37.8770 1.6900 45.0765 2.7067
Generation: 57 45.6193 1.7150 44.3429 4.5452
Generation: 58 42.3189 1.7600 44.3566 3.9737
Generation: 59 45.6239 1.6825 44.8412 3.5627
Generation: 60 38.1927 1.9975 45.3686 1.9405
Generation: 61 45.6239 1.6825 45.0591 2.8290
Generation: 62 45.6239 1.6825 44.7867 3.0944
Generation: 63 54.4847 1.7625 45.3345 2.5471
Generation: 64 45.6239 1.6825 44.8015 3.1215
Generation: 65 41.0903 1.7050 45.4154 1.5752
Generation: 66 43.6438 1.9500 45.5929 0.2256
Generation: 67 45.6239 1.6825 45.5562 0.6741
Generation: 68 45.6225 1.6825 45.5789 0.4479
Generation: 69 42.4636 1.8625 45.4155 1.7746
Generation: 70 45.6239 1.6825 44.7662 3.7040
Generation: 71 41.5310 1.9000 44.9767 2.7468
Generation: 72 45.6239 1.6825 43.7497 4.9230
Generation: 73 44.7287 1.9075 45.5580 0.3475
Generation: 74 45.6239 1.6825 45.2836 2.3467
Generation: 75 40.1099 1.7975 45.3190 1.9354
Generation: 76 45.7231 1.7825 44.5632 3.6876
Generation: 77 35.6936 1.8400 43.5410 5.2980
Generation: 78 44.7008 1.9700 43.4457 5.2172
Generation: 79 40.1449 1.7825 44.6632 3.6745
Generation: 80 33.7455 1.8225 44.7211 3.4848
Generation: 81 57.2753 2.0750 43.7649 4.7977
Generation: 82 49.1146 1.8325 42.8699 5.7951
Generation: 83 45.9242 2.9825 41.9760 6.2984
Generation: 84 45.7793 1.8650 42.4400 6.3968
Generation: 85 48.0200 1.8325 42.9012 6.4581
Generation: 86 46.0055 3.0450 42.6361 6.3668
Generation: 87 41.4028 1.9075 42.1535 7.4634
Generation: 88 42.5296 2.3248 42.8284 7.7345
Generation: 89 45.7736 2.6342 43.2721 5.0244
Generation: 90 47.4095 3.4077 43.1786 5.6674
Generation: 91 66.1831 3.9094 40.9437 8.4084
Generation: 92 45.1537 4.5016 41.0327 8.1702
Generation: 93 56.1109 4.6655 40.0092 10.8494
Generation: 94 42.9213 5.2397 42.1825 5.8697
Generation: 95 41.8263 5.7200 41.3143 7.7183
Generation: 96 47.1234 9.0398 42.4937 5.8188
Generation: 97 45.8642 6.0802 42.2781 7.9419
Generation: 98 50.2406 9.6908 42.8094 5.9554
Generation: 99 44.2216 8.2288 42.0961 5.9742
Generation: 100 40.2845 7.3320 41.3258 7.7496
Generation: 101 51.5487 12.2180 41.8831 6.4674
Generation: 102 49.2576 12.7795 41.9690 6.6793
Generation: 103 48.0705 13.1400 41.3392 6.4941
Generation: 104 49.3306 14.3332 42.6818 5.4539
Generation: 105 44.7727 9.4183 40.8937 6.6161
Generation: 106 44.7833 9.8355 41.1344 6.2893
Generation: 107 43.5932 9.9841 42.0074 5.9895
Generation: 108 46.9828 16.1799 42.2696 5.5260
Generation: 109 39.7641 12.8747 41.0975 6.7292
Generation: 110 44.6994 11.3689 41.3201 7.2666
Generation: 111 45.9006 12.1563 42.6078 5.5681
Generation: 112 43.2657 15.0560 42.3331 5.4533
Generation: 113 50.4600 20.3634 41.2160 6.7385
Generation: 114 50.4565 21.0295 40.7124 7.9034
Generation: 115 48.2039 21.6956 41.9640 5.7364
Generation: 116 41.2929 13.2738 41.6148 6.1221
Generation: 117 47.1334 23.0278 42.6404 5.5349
Generation: 118 45.9805 23.4994 41.2793 6.1868
Generation: 119 51.5078 23.7600 42.0974 5.8893
Generation: 120 45.8851 23.5600 40.3418 6.8730
Generation: 121 43.6841 15.5000 40.3940 6.9480
Generation: 122 48.0200 22.9600 41.4591 8.6618
Generation: 123 44.8856 24.4800 41.0610 7.2555
Generation: 124 49.3134 24.4000 40.1761 7.0131
Generation: 125 47.0979 24.1600 38.3457 10.6616
Generation: 126 46.9117 22.7600 37.3666 13.2812
Generation: 127 47.9922 22.7600 40.4763 6.6933
Generation: 128 45.7900 22.8200 41.9052 6.8347
Generation: 129 46.0362 24.5800 41.6714 7.5020
Generation: 130 46.0094 24.3600 41.6249 5.3802
Generation: 131 45.8249 23.2000 40.8724 5.8641
Generation: 132 47.0856 24.1600 40.5099 6.3066
Generation: 133 45.9248 23.7600 39.8709 7.6911
Generation: 134 49.3077 24.1600 41.2540 7.0269
Generation: 135 50.2752 23.2600 39.7711 6.3721
Generation: 136 47.1033 24.1600 40.8252 6.7118
Generation: 137 44.8517 24.1600 41.1050 7.6451
Generation: 138 45.9769 24.1600 40.4906 8.8617
Generation: 139 51.5861 24.3600 41.7700 5.9906
Generation: 140 47.0492 23.7400 40.4540 8.8900
Generation: 141 45.9764 24.1600 40.3916 8.9922
Generation: 142 49.3345 24.3600 42.3158 5.4559
Generation: 143 46.0038 24.3600 41.6952 5.7525
Generation: 144 51.5828 24.3600 41.4027 6.0126
Generation: 145 45.7867 22.7600 42.3838 5.8316
Generation: 146 51.4033 23.1600 40.1172 10.6814
Generation: 147 46.0083 24.3600 40.5433 7.9788
Generation: 148 51.5869 24.3600 40.8412 7.8432
Generation: 149 49.2207 23.5600 41.9506 7.2414
Generation: 150 46.0049 24.3600 39.7542 10.7575
Generation: 151 48.2113 24.3600 39.0857 10.1199
Generation: 152 49.3398 24.3600 40.1156 9.2496
Generation: 153 45.9805 24.1600 39.8051 7.0932
Generation: 154 51.5783 24.3600 41.0320 7.3781
Generation: 155 51.5825 24.3600 40.6042 7.2217
Generation: 156 53.8337 24.3600 40.0541 9.6062
Generation: 157 46.0098 24.3600 39.3657 6.8118
Generation: 158 50.4344 24.3600 41.0199 7.0972
Generation: 159 47.1387 24.3600 41.2756 5.0957
Generation: 160 50.4387 24.3600 41.8425 5.2485
Generation: 161 49.3178 24.3600 40.0825 9.6089
Generation: 162 47.1247 24.3600 39.9826 10.0267
Generation: 163 46.0068 24.3600 39.7435 11.7205
Generation: 164 47.1366 24.3600 41.6440 6.0249
Generation: 165 44.8794 24.3600 40.6606 6.7254
Generation: 166 46.0098 24.3600 40.8235 6.8119
Generation: 167 46.0137 24.3600 41.6805 5.7386
Generation: 168 46.0120 24.3600 40.0575 9.8508
Generation: 169 46.0081 24.3600 40.2424 7.5274
Generation: 170 50.4567 24.3600 40.7108 6.6629
Generation: 171 50.4507 24.3600 39.7369 7.9531
Generation: 172 49.3166 24.3600 40.9315 7.2979
Generation: 173 49.3295 24.3600 39.8460 9.7680
Generation: 174 50.4589 24.3600 41.6503 6.4022
Generation: 175 48.2353 24.1600 41.4579 6.9344
Generation: 176 50.4493 24.3600 39.4057 10.9313
Generation: 177 45.9960 24.3600 43.7343 5.3434
Generation: 178 49.3025 24.1600 41.1635 7.1917
Generation: 179 49.3261 24.3600 40.1614 8.8018
Generation: 180 44.8740 24.3600 40.3065 8.3708
Generation: 181 46.0064 24.3600 42.0983 7.0337
Generation: 182 47.1326 24.3600 41.1306 9.2858
Generation: 183 44.8533 24.1600 41.0024 7.0443
Generation: 184 50.4562 24.3600 41.2962 6.7647
Generation: 185 49.3313 24.3600 41.8145 5.1373
Generation: 186 50.4624 24.3600 41.2010 7.9801
Generation: 187 49.3325 24.3600 41.4435 7.1293
Generation: 188 49.3299 24.3600 42.1569 5.5451
Generation: 189 48.2089 24.3600 40.6101 6.7431
Generation: 190 48.2110 24.3600 41.4238 6.1389
Generation: 191 48.2087 24.3600 40.5864 7.6852
Generation: 192 51.5834 24.3600 42.3645 5.3508
Generation: 193 48.2017 23.5241 40.1318 8.1172
Generation: 194 49.3330 22.6882 40.8139 8.4742
Generation: 195 51.5800 21.8524 41.5877 8.4947
Generation: 196 50.4586 21.0165 38.7318 13.0642
Generation: 197 49.3382 20.1806 42.7036 4.5840
Generation: 198 48.2080 19.3447 40.7447 7.1158
Generation: 199 51.5903 18.5088 40.7723 7.3569
Generation: 200 50.4604 17.6729 40.2947 10.2699
Generation: 201 48.2084 16.8371 41.7694 5.2444
Generation: 202 48.2119 16.0012 40.9054 8.1510
Generation: 203 48.2076 15.1653 41.1307 8.0872
Generation: 204 49.3326 14.3294 42.4922 4.6767
Generation: 205 49.3004 13.3827 41.4829 6.3386
Generation: 206 49.3330 12.6576 42.2111 4.7303
Generation: 207 48.2097 11.8218 41.6608 10.4463
Generation: 208 51.5826 10.9859 40.9661 8.1816
Generation: 209 48.2093 10.1500 43.1325 4.3258
Generation: 210 44.8831 10.1500 41.6239 6.3456
Generation: 211 49.3347 10.1500 41.0018 10.5277
Generation: 212 44.8831 10.1500 41.5105 8.2768
Generation: 213 46.0072 10.1500 41.8336 7.9925
Generation: 214 49.3332 10.1500 42.7763 4.6270
Generation: 215 48.2093 10.1500 42.8761 4.6340
Generation: 216 47.0804 10.1500 41.6639 6.6298
Generation: 217 44.8848 10.1500 42.8069 5.6279
Generation: 218 49.3307 10.1500 42.5614 4.9323
Generation: 219 49.3361 10.1500 42.6039 4.9540
Generation: 220 49.3326 10.1500 41.8679 8.5866
Generation: 221 48.2073 10.1500 41.8546 7.0919
Generation: 222 44.8831 10.1500 42.8842 7.0712
Generation: 223 48.2076 10.1500 43.5847 5.2063
Generation: 224 49.3343 10.1500 42.3166 5.1086
Generation: 225 44.8831 10.1500 43.1525 4.2976
Generation: 226 49.3328 10.1500 42.3002 6.8906
Generation: 227 49.3297 10.1500 41.9170 7.0722
Generation: 228 47.1272 10.1500 42.6824 5.0757
Generation: 229 47.0869 10.1500 41.9163 5.3909
Generation: 230 48.2100 10.1500 43.0515 4.8796
Generation: 231 46.0103 10.1500 42.9795 6.7414
Generation: 232 48.2019 10.1500 43.4615 4.4095
Generation: 233 50.4584 10.1500 41.9839 9.5331
Generation: 234 49.3326 10.1500 43.2109 4.0806
Generation: 235 46.0045 10.1500 42.2252 4.8242
Generation: 236 46.0081 10.1500 43.9140 4.4923
Generation: 237 46.0088 10.1500 43.4399 4.2896
Generation: 238 44.8778 10.1500 42.6866 5.6936
Generation: 239 48.2071 10.1500 43.5968 5.4262
Generation: 240 46.0098 10.1500 44.4376 3.3120
Generation: 241 47.0819 10.1500 43.7073 4.3947
Generation: 242 46.0065 10.1500 43.2211 4.6799
Generation: 243 46.0103 10.1500 43.0075 4.7898
Generation: 244 49.3292 10.1500 43.8213 5.8854
Generation: 245 50.4567 10.1500 43.6629 4.7217
Generation: 246 46.0087 10.1500 42.0842 8.5946
Generation: 247 46.0098 10.1500 42.9961 8.5997
Generation: 248 49.3319 10.1500 43.9137 4.1164
Generation: 249 46.0174 10.1500 43.6010 4.9051
Generation: 250 50.4597 10.1500 43.1060 5.8137
Generation: 251 46.0098 10.1500 41.7833 8.9613
Generation: 252 50.4617 10.1500 43.0964 6.4008
Generation: 253 46.0120 10.1500 43.1146 6.6305
Generation: 254 49.3277 10.1500 43.8006 4.7993
Generation: 255 46.0023 10.1500 43.1415 7.9533
Generation: 256 46.0143 10.1500 42.8863 4.6623
Generation: 257 45.9979 10.1500 44.0389 4.1280
Generation: 258 46.0092 10.1500 44.0849 3.5220
Generation: 259 46.0003 10.1500 44.3797 3.9079
Generation: 260 46.0055 10.1500 44.2046 3.2805
Generation: 261 45.9989 10.1500 44.0514 3.8703
Generation: 262 49.3323 10.1500 44.6073 4.1177
Generation: 263 48.2069 10.1500 43.9621 3.9760
Generation: 264 47.1348 10.1500 44.4835 3.7667
Generation: 265 48.2086 10.1500 44.2683 4.0642
Generation: 266 48.2089 10.1500 44.4492 3.7120
Generation: 267 46.0104 10.1500 44.3708 3.2906
Generation: 268 55.4019 11.6833 44.7871 3.7252
Generation: 269 52.7036 10.1500 44.8142 4.1356
Generation: 270 51.5804 10.1500 45.0119 3.5106
Generation: 271 46.0126 10.1500 44.7017 3.9466
Generation: 272 59.6051 10.9917 44.2600 7.0422
Generation: 273 46.0076 10.1500 43.2365 9.2225
Generation: 274 58.4218 10.6917 43.4142 9.6852
Generation: 275 46.0022 10.1500 43.6291 6.4593
Generation: 276 46.0082 10.1500 45.0208 4.4739
Generation: 277 46.0070 10.1500 44.1713 4.6922
Generation: 278 46.0189 10.1500 44.3437 6.4073
Generation: 279 49.3382 10.1500 44.9524 3.8573
Generation: 280 55.0706 10.5917 44.5597 6.4000
Generation: 281 55.1173 10.7417 45.4794 8.3453
Generation: 282 55.3914 11.6667 46.4780 5.1288
Generation: 283 62.9965 11.0083 47.1708 5.9973
Generation: 284 55.0714 10.6083 46.4948 5.7302
Generation: 285 58.6021 11.3500 46.6739 7.8444
Generation: 286 55.3658 11.5667 46.2404 5.5224
Generation: 287 57.3802 11.0250 46.3699 5.9185
Generation: 288 58.4691 10.9167 45.1489 10.8117
Generation: 289 61.8508 10.8333 46.4631 5.5443
Generation: 290 55.2732 11.2833 47.0292 6.2700
Generation: 291 59.9291 11.9583 46.7701 6.5737
Generation: 292 56.4636 11.5083 47.4235 5.7413
Generation: 293 60.8137 11.1833 48.5360 6.7647
Generation: 294 55.1488 10.9250 48.3689 6.0635
Generation: 295 64.1892 11.0500 49.2497 6.9995
Generation: 296 62.9808 11.0000 47.7336 6.9005
Generation: 297 54.2173 11.5083 49.2231 7.1771
Generation: 298 58.5154 10.9917 47.6240 7.2407
Generation: 299 55.2939 11.4167 48.8273 6.9660
