3.745477292951909787e-01
-9.530937883714352132e-02
6.812501658776538849e-03
3.283141851030697556e-01
-3.924519483588091995e-01
1.136224296483383106e-01
3.715433542640125819e-01
-3.674825174949941306e-03
1.096039761506578530e-01
2.163875448185587358e-01
-8.103283764506511444e-01
-5.608613341397073598e-02
-3.775441131763672409e-02
-5.633808814575876067e-03
2.565554372082890500e-01
-1.309601712895055448e-01
7.477259167027655584e-03
-2.023571838244179744e-01
-1.243164531606065493e-02
-6.151204071449312138e-01
-3.039854296233380770e-01
4.553463832711824311e-01
8.869140396218784528e-02
2.918032019458248749e-01
1.986402541747024630e-02
-2.098489249054577843e-01
-1.252776216393888808e-01
-6.098478504433546554e-01
9.477814550362972934e-02
-2.199771008705835862e-01
-5.929993728341001469e-02
1.268341203416015750e-01
-4.638340607565308304e-01
3.228304770679422120e-01
-4.841007281746404489e-01
-7.563694312230764827e-02
-2.265764935630260046e-01
3.111153941206803442e-01
-2.924853205097729392e-01
-2.422534823232350143e-02
-1.850842002421334564e-01
1.641596421154584151e-01
1.061437789283824762e-01
1.252492822012672979e-01
-3.234964017127318070e-01
-6.226838055719478154e-02
-2.351344170973120595e-01
4.105813225079770756e-01
-1.127794648970592978e-01
4.751704870333210012e-02
4.736497786794224146e-02
-1.339664531418989224e-01
3.378130494265102479e-01
2.018712110671255222e-01
-1.364630406565789655e-01
-8.134820526099559301e-02
-1.409800210561157341e-01
-2.584307700405939490e-01
-5.898883305519737191e-02
1.080072580853690262e-01
1.440291893381693833e-01
2.661522480079614450e-01
-1.819110693042971516e-01
-9.146253315698595066e-02
-5.365907165316680105e-02
-4.547578703044564963e-02
-5.278304254787348215e-01
1.974330019613887710e-01
-2.147845104737958477e-01
1.190092120205286930e-01
-1.280602229285628946e-01
-6.038589219163825739e-01
-3.056623223823121127e-03
1.083886179260334648e-01
-7.121675001770319535e-02
-2.486123817614815379e-01
3.417106145627626379e-01
3.515625395752424720e-01
-3.483149301241320051e-02
-5.380860848572424082e-01
3.220799302222519533e-01
-1.863717696429801896e-01
1.133893967646602829e-02
-2.556811360770385733e-01
6.283038384044599411e-02
6.344272085452212773e-03
-1.509308062778032811e-01
1.889613256964679799e-02
1.333528721264171379e-01
-2.440058420967875646e-02
6.405510081570203740e-02
9.616654804966298653e-02
-8.532549847164010159e-02
-4.117858249047992580e-01
-1.336383712020456915e-01
2.362886915680012245e-01
-1.830374149024639463e-01
8.704090602862715742e-02
-1.428395732842441257e-01
-3.212918386645007007e-02
-4.990021078998473913e-01
-2.146748887182848287e-01
-1.834309012267636430e-01
2.645204047075446763e-01
-5.852038019270096314e-02
2.281745591218806435e-01
1.060719210771656346e-01
1.263505301963926963e-01
3.422087549626557923e-01
2.295301214876387663e-01
-2.414876735981706934e-01
-3.159980735348677516e-02
-3.453940005500459320e-01
-1.792629083651411381e-01
-5.000924688321414235e-01
-2.096279626489583325e-01
1.044679674694858063e-02
-2.243471407078669599e-01
-2.692479042731166228e-02
4.383305312657192476e-01
3.559988494364649259e-01
2.600919913543133788e-01
-1.986629015600008819e-01
1.802394920032342474e-01
1.400973423966216380e-01
1.604897537641349348e-01
2.467502209414885461e-01
-3.028653011227347980e-01
2.317410779238721075e-03
1.561113154048390239e-01
-3.486372238559160008e-01
3.482438860711670192e-02
2.429753392867170514e-01
2.707758323439136139e-01
-3.392671998300690328e-01
-2.471715645508826276e-01
-2.714216605353437783e-01
6.073474362390278436e-02
-4.332234772258549138e-01
-5.157486730824499821e-01
-1.356989206903333467e-01
-1.019922983200706040e-01
-2.750689529070153849e-01
-2.237831407883559276e-01
-6.578728169217141764e-01
-1.581211870516205098e-01
3.687584385490495498e-01
-2.709158617655860191e-01
1.830316245903916283e-01
1.342011716815263156e-01
3.695684073282283488e-02
6.590980109464597558e-02
6.427865367530349872e-02
-1.023874793753234147e-01
7.890730083618002766e-02
4.102027674066970747e-02
2.826820771207235600e-02
-3.239266370107073134e-02
-3.311121394274558760e-01
6.676363496404162656e-02
-1.773722882401126133e-01
-3.920730761655511487e-01
1.915151099996268702e-01
-2.743159029407254978e-01
4.267584188945373613e-01
-8.042696449029070049e-02
-2.038832841472915658e-01
-3.618646748051040918e-03
7.372817662643788017e-02
-6.043279357197725576e-02
4.904441497968252683e-01
2.141275601393959407e-02
-4.991101616875083247e-01
-4.472685509737527876e-01
-3.328000413862923779e-01
1.553612158831598478e-01
1.503886557357255183e-01
-1.260850374893952852e-01
-2.670254943965826022e-02
3.917780310374434083e-01
-3.541727584208283486e-01
1.904341924807562980e-01
8.434342679584683200e-02
1.448258737880378233e-01
3.181897505388779357e-01
-2.979879234994693704e-02
-2.511587897297294925e-01
-2.734659138467216422e-01
-1.904859190457345308e-01
9.253209985765808998e-02
-1.981651821032675287e-01
-2.955353948522743690e-01
-2.997794073990256436e-01
1.168850336378157856e-01
-4.957510919594453891e-01
5.527336368650681564e-01
2.575741536001920073e-02
1.330331943149306306e-01
1.358072277678615269e-02
3.484868070512445737e-01
-1.234733829438895286e-01
-1.855979721666290161e-01
1.381945591093943770e-01
-4.278420809809581615e-01
-7.379011809309242442e-02
-2.073914242247217737e-02
-2.234105943649457582e-01
4.260140052478177952e-01
-3.837725806890882607e-01
-1.999214940687293329e-01
-8.681197100097118868e-01
-8.349692866476679520e-02
5.908060522583082896e-01
3.314543302939794711e-01
-5.489142855394294612e-02
1.593997605995487454e-01
-2.067996304517738873e-02
6.476641000322060082e-02
6.007643897353257545e-01
3.198870394831324626e-01
-7.778505151365440462e-02
7.609519131464180519e-02
1.809739415472075286e-01
-3.699420520247682642e-01
-3.718639240567224169e-01
-3.607150046686984080e-03
-1.956274815771737174e-01
7.706248881324367916e-02
-3.246526281705127137e-01
-9.743913835675981072e-02
6.376917924276069571e-02
-3.252142460089537113e-01
3.749141235380365478e-02
-1.034154891888172945e-01
-2.566491499005396637e-01
1.603026465150476643e-01
5.679564430288486232e-02
2.395585191485517518e-01
-2.219968109443543058e-02
3.557289667672869360e-02
-3.847493530045623111e-01
-6.805065897852203838e-01
3.189166003097487767e-01
2.208319503881724932e-01
-1.422244150501608684e-02
-9.737578136769753367e-02
-7.528063163039169781e-02
-2.033718578200342797e-02
2.260184809235595282e-01
-1.666091210087923824e-01
1.638279124152844657e-01
-1.657725416262023632e-01
-1.475183185401013064e-01
3.739492924431811471e-01
2.326018780308993505e-01
1.252350955444132830e-02
-2.177690222395219366e-01
1.531387187642691550e-01
1.676453319312327384e-01
-4.700459267053666568e-01
2.591858386132904757e-01
1.626923517909580619e-01
-1.389556495401153280e-01
3.772519514630323645e-01
5.532011825863385468e-01
