Generation: 0 71.9532 3.3650 5.4909 20.0171
Generation: 1 -2.9906 2.3650 6.2885 18.5467
Generation: 2 71.9532 3.3650 35.7891 28.7134
Generation: 3 81.3738 3.7350 38.2200 27.5812
Generation: 4 53.8415 3.5600 49.4565 25.7827
Generation: 5 71.9532 3.3650 60.1841 19.3504
Generation: 6 47.1431 3.5900 62.6705 17.6316
Generation: 7 71.9532 3.3650 26.4998 29.1719
Generation: 8 53.5410 5.1050 44.0843 26.1939
Generation: 9 52.8861 4.3500 50.2744 26.5031
Generation: 10 48.1671 4.1650 57.1728 20.9885
Generation: 11 48.0674 4.0650 61.8039 17.8130
Generation: 12 49.8771 4.0150 63.0870 21.9028
Generation: 13 50.2421 4.0650 66.3017 13.8585
Generation: 14 50.3057 4.1300 63.9005 19.0334
Generation: 15 60.5650 3.5300 67.6403 11.1180
Generation: 16 52.8269 4.2950 69.8268 6.9768
Generation: 17 49.4244 3.5750 67.0065 15.4413
Generation: 18 71.9532 3.3650 68.4372 10.2733
Generation: 19 71.9532 3.3650 69.5383 9.4339
Generation: 20 43.1385 3.9650 69.1178 12.1586
Generation: 21 47.8489 4.1400 67.8803 11.8404
Generation: 22 74.2222 3.3950 68.5743 12.5226
Generation: 23 47.9282 4.0650 66.1481 17.5043
Generation: 24 61.1914 3.7050 64.5586 20.8606
Generation: 25 51.8209 3.6050 66.0794 17.1209
Generation: 26 42.9765 3.8000 63.9956 19.0588
Generation: 27 60.8018 3.5000 67.8562 11.9185
Generation: 28 60.7247 3.3800 67.3766 14.5620
Generation: 29 47.7439 4.0350 67.4322 13.8326
Generation: 30 42.8216 3.7850 68.5998 12.4598
Generation: 31 74.2032 3.3650 69.2788 7.9599
Generation: 32 74.7002 3.7050 70.6242 6.3566
Generation: 33 71.9532 3.3650 70.1100 6.9663
Generation: 34 71.9532 3.3650 70.0081 6.7284
Generation: 35 71.9532 3.3650 71.9094 1.7141
Generation: 36 57.0245 3.8000 69.5145 10.1582
Generation: 37 59.3597 3.9150 70.0781 9.1406
Generation: 38 71.9532 3.3650 70.7262 8.2225
Generation: 39 71.9532 3.3650 71.5140 3.7408
Generation: 40 73.1438 4.6150 71.1542 4.0610
Generation: 41 70.3901 3.8000 69.2076 11.1035
Generation: 42 75.0936 4.0650 70.5226 7.1075
Generation: 43 70.3954 3.8150 70.6966 5.8741
Generation: 44 85.9548 3.9150 70.0556 7.0847
Generation: 45 54.8834 3.5150 70.5952 6.3861
Generation: 46 66.5130 4.0550 68.0453 11.7129
Generation: 47 85.9342 3.7500 70.3475 6.9065
Generation: 48 71.9532 3.3650 70.1297 6.2793
Generation: 49 61.6411 3.7100 70.0587 9.8830
Generation: 50 71.5340 4.9300 70.4905 9.1103
Generation: 51 70.6916 4.0650 69.3923 7.9210
Generation: 52 72.9939 4.5950 66.5557 15.5145
Generation: 53 68.6755 4.3100 65.9231 10.9000
Generation: 54 75.1490 4.0800 67.8004 9.5234
Generation: 55 73.0254 4.2150 66.4669 11.0535
Generation: 56 76.0249 4.8900 67.7303 11.8457
Generation: 57 75.5336 4.8150 63.2078 13.2398
Generation: 58 67.5512 5.1500 59.6710 15.8782
Generation: 59 73.9215 5.0150 64.3492 13.3825
Generation: 60 72.2189 5.5600 65.7376 11.3401
Generation: 61 69.5116 5.0050 62.4212 13.7444
Generation: 62 73.7559 4.8450 61.5085 15.0325
Generation: 63 71.5465 5.0000 64.1688 13.2811
Generation: 64 67.6818 5.2150 64.6144 12.4557
Generation: 65 76.1089 5.0200 67.1992 12.0962
Generation: 66 67.0519 4.6300 65.1086 12.8067
Generation: 67 76.8197 5.7900 55.8092 20.8471
Generation: 68 68.6595 4.3500 63.0343 16.5466
Generation: 69 82.3161 4.8150 61.1660 18.8378
Generation: 70 67.0900 4.6600 63.8402 13.9999
Generation: 71 71.0791 4.4650 64.0167 14.0574
Generation: 72 90.8676 6.4300 63.3767 16.1648
Generation: 73 75.6143 4.7150 61.3954 17.2478
Generation: 74 87.9130 5.7400 63.4266 15.7595
Generation: 75 90.9096 6.4900 58.5238 19.0287
Generation: 76 85.7653 5.8400 66.8952 13.1976
Generation: 77 78.7015 5.4700 61.2101 17.6175
Generation: 78 90.9523 6.5950 60.4046 18.5853
Generation: 79 90.6570 6.2800 64.6926 12.8778
Generation: 80 91.1454 6.7550 65.3942 13.8169
Generation: 81 90.6532 6.2400 62.1157 14.6257
Generation: 82 90.3122 5.9050 65.1394 14.5315
Generation: 83 91.0289 6.5900 62.8193 15.0811
Generation: 84 91.4631 7.0250 66.5849 13.0324
Generation: 85 90.6027 6.1900 65.3737 12.3707
Generation: 86 90.8477 6.4800 64.3387 14.0699
Generation: 87 90.6177 6.2050 65.5172 13.9375
Generation: 88 87.8034 6.9225 65.6252 13.1198
Generation: 89 90.6600 9.0131 66.1395 13.8446
Generation: 90 90.9467 10.8733 63.6039 14.3959
Generation: 91 90.2270 10.8563 63.8313 14.9097
Generation: 92 90.7214 13.1697 61.8787 16.4802
Generation: 93 90.1472 13.2738 65.3934 12.5253
Generation: 94 90.5088 15.4153 64.1399 16.0455
Generation: 95 76.6755 15.6475 63.1622 14.4590
Generation: 96 90.7450 18.8664 66.0014 14.0725
Generation: 97 90.8818 20.8144 64.9564 15.7480
Generation: 98 79.0481 19.7222 62.6473 17.4091
Generation: 99 90.8323 23.1638 66.0266 14.3188
Generation: 100 90.7472 24.3694 66.3258 13.1258
Generation: 101 90.8972 26.3656 63.1757 15.3680
Generation: 102 90.2934 25.3878 65.8842 12.4061
Generation: 103 85.6923 25.8300 65.4982 13.4545
Generation: 104 90.3673 28.2181 67.1952 13.8283
Generation: 105 90.2423 28.9091 67.4982 13.2572
Generation: 106 90.3252 30.5766 65.7625 14.3036
Generation: 107 90.6878 34.0238 65.8579 12.4897
Generation: 108 91.3869 38.7647 66.5236 13.8694
Generation: 109 90.6532 36.2700 66.4509 11.7600
Generation: 110 91.1183 40.4094 66.3425 12.1880
Generation: 111 90.5002 38.3125 66.1863 11.9434
Generation: 112 83.4747 37.4541 65.0052 12.7689
Generation: 113 83.3704 38.0519 66.7071 11.7541
Generation: 114 90.8472 44.4763 67.9942 12.6322
Generation: 115 91.0659 47.3100 66.9446 12.5300
Generation: 116 90.6694 46.0086 67.6819 13.4718
Generation: 117 90.5378 46.7363 68.6610 13.5225
Generation: 118 78.9450 44.6644 69.5839 9.7411
Generation: 119 90.2032 46.3200 69.1172 11.0119
Generation: 120 90.6532 49.9200 70.0468 9.1176
Generation: 121 90.5378 49.4400 68.1697 11.9215
Generation: 122 90.6846 50.3200 69.9967 11.1382
Generation: 123 90.4660 48.7200 68.2714 10.3913
Generation: 124 72.3013 45.5200 68.5137 11.9784
Generation: 125 90.6588 49.9200 69.1106 10.8212
Generation: 126 90.3064 47.4400 68.4515 11.2337
Generation: 127 90.6064 49.8400 70.4706 10.0643
Generation: 128 76.6864 45.8400 70.7603 9.6844
Generation: 129 90.3233 47.3600 70.0122 9.6943
Generation: 130 90.3722 47.7200 69.1483 10.8413
Generation: 131 90.6532 49.9200 69.5360 11.6816
Generation: 132 90.6413 50.2400 67.5423 12.6855
Generation: 133 90.6082 49.5600 68.7073 12.5327
Generation: 134 90.4950 48.8400 69.9054 10.0236
Generation: 135 90.8878 52.2400 68.9936 12.0823
Generation: 136 72.3700 45.9200 69.1829 10.8811
Generation: 137 72.6923 48.3200 67.5808 11.8055
Generation: 138 90.4583 48.3200 71.1755 10.6662
Generation: 139 90.6532 49.9200 69.2550 11.8589
Generation: 140 90.9005 52.2400 68.3203 12.0606
Generation: 141 90.6532 49.9200 66.7534 12.6586
Generation: 142 90.7219 50.3200 68.4099 13.3710
Generation: 143 90.6378 50.2400 70.8846 11.0640
Generation: 144 90.6160 49.9200 70.9890 11.8588
Generation: 145 90.7219 50.3200 69.1234 12.0612
Generation: 146 90.6532 49.9200 71.1577 13.5244
Generation: 147 90.6532 49.9200 71.0049 11.5066
Generation: 148 90.9532 52.3200 70.6788 12.9164
Generation: 149 90.6305 49.9200 66.7904 14.5864
Generation: 150 90.6532 49.9200 70.9838 12.5140
Generation: 151 90.6532 49.9200 70.4208 12.5060
Generation: 152 90.6571 50.3200 70.1230 13.0552
Generation: 153 90.6532 49.9200 72.2701 13.2297
Generation: 154 91.1494 53.9600 72.3081 13.2972
Generation: 155 90.6532 49.9200 72.9437 12.1099
Generation: 156 90.9027 52.0400 71.9201 12.6963
Generation: 157 90.6378 50.2400 71.4307 13.8426
Generation: 158 90.7400 50.6400 71.2550 14.8653
Generation: 159 91.2305 54.7200 74.1275 11.7471
Generation: 160 90.6878 50.6400 73.1860 11.9399
Generation: 161 91.0451 52.9600 71.6995 14.9295
Generation: 162 91.1627 54.1600 71.4192 13.4598
Generation: 163 90.6987 50.3200 72.0621 13.7792
Generation: 164 91.4091 56.0400 73.6842 12.3915
Generation: 165 90.7566 51.1200 73.4674 11.8121
Generation: 166 91.2949 55.1200 74.1946 10.4316
Generation: 167 90.6117 49.7600 73.8683 11.4248
Generation: 168 90.6532 49.9200 73.3387 11.0976
Generation: 169 90.6318 50.2400 73.6885 12.0024
Generation: 170 91.1799 54.2000 74.1550 11.9573
Generation: 171 90.9491 52.0400 75.4082 11.7535
Generation: 172 90.6532 49.9200 70.4045 13.6781
Generation: 173 90.8432 51.4400 76.6175 11.0743
Generation: 174 91.1595 53.6400 72.6484 13.9789
Generation: 175 90.8772 52.0400 73.9580 12.1648
Generation: 176 90.7601 50.9600 76.1063 13.1393
Generation: 177 90.7377 50.6000 74.2159 12.9552
Generation: 178 91.0194 52.6800 76.7864 11.5468
Generation: 179 90.9491 52.0400 72.6645 14.9381
Generation: 180 90.9932 52.6400 75.6078 13.6121
Generation: 181 91.3942 55.8800 76.7923 11.4172
Generation: 182 90.7844 51.0400 74.8221 12.8931
Generation: 183 91.0383 53.4400 75.5319 13.3531
Generation: 184 91.0491 52.8400 75.7694 12.8196
Generation: 185 90.6905 50.5200 75.5684 12.9086
Generation: 186 90.8189 51.3200 76.2560 13.3696
Generation: 187 90.7594 50.8400 73.7923 14.1866
Generation: 188 90.9112 52.2400 76.0125 12.9245
Generation: 189 91.1595 53.6400 75.7433 12.7038
Generation: 190 90.6571 50.3200 73.9758 13.6662
Generation: 191 91.1595 53.6400 72.8223 14.6072
Generation: 192 90.7428 50.8400 72.5712 14.2654
Generation: 193 90.6532 48.2071 75.2009 13.0911
Generation: 194 90.9220 48.3569 75.9843 12.1892
Generation: 195 90.9301 46.6829 75.0091 12.4763
Generation: 196 91.0795 46.4502 73.3976 14.3285
Generation: 197 90.5378 40.9576 72.2256 12.4452
Generation: 198 91.2876 43.7082 74.1675 13.7928
Generation: 199 90.8928 39.5402 75.3495 13.5912
Generation: 200 91.1471 39.3506 75.8730 12.9867
Generation: 201 91.0004 36.6600 78.4571 12.3204
Generation: 202 90.9222 34.2357 75.8770 13.1598
Generation: 203 91.0924 33.3188 76.3801 12.2218
Generation: 204 91.1595 31.5529 76.4314 12.6137
Generation: 205 91.4564 31.1304 76.9277 13.5472
Generation: 206 90.9491 27.0404 75.3533 12.6695
Generation: 207 90.6272 24.2841 77.2640 11.3518
Generation: 208 91.0791 23.9380 76.4759 12.7921
Generation: 209 90.9666 22.0000 78.2273 11.2731
Generation: 210 90.7478 21.2000 78.6562 11.0914
Generation: 211 91.3079 23.1333 79.9795 11.4864
Generation: 212 90.6532 20.8000 77.7924 9.9967
Generation: 213 90.6532 20.8000 80.5702 9.8523
Generation: 214 90.9491 21.6833 78.4883 11.4171
Generation: 215 90.9641 21.7333 81.0566 8.8371
Generation: 216 90.6451 20.8500 79.0604 11.0006
Generation: 217 91.4109 23.2667 76.0709 13.7178
Generation: 218 91.1504 22.4000 77.1274 13.4179
Generation: 219 90.9378 21.9333 79.1561 10.9743
Generation: 220 90.9094 21.6833 78.1748 13.2747
Generation: 221 90.7410 21.2167 77.4817 12.3843
Generation: 222 90.9397 21.8000 77.8777 12.6621
Generation: 223 90.8812 21.5500 76.9758 13.1865
Generation: 224 90.9094 21.6833 77.8733 11.0518
Generation: 225 91.0491 22.0167 77.0781 13.5262
Generation: 226 90.7539 21.1667 76.8676 11.8540
Generation: 227 90.8032 21.3000 76.3230 14.4887
Generation: 228 91.0382 22.0167 77.8862 12.9945
Generation: 229 90.7444 21.1333 77.4906 12.6135
Generation: 230 91.1595 22.3500 76.8992 13.4931
Generation: 231 90.9289 21.9333 78.3697 11.9043
Generation: 232 90.7628 21.3500 76.0018 12.6322
Generation: 233 91.0491 22.0167 77.4914 12.9984
Generation: 234 91.1595 22.3500 74.7999 12.6692
Generation: 235 91.0382 22.0167 79.2451 10.8603
Generation: 236 91.1595 22.3500 78.2614 11.4904
Generation: 237 90.9641 21.7333 79.8189 11.1858
Generation: 238 91.0491 22.0167 80.3874 11.2949
Generation: 239 91.2240 22.5167 78.7240 12.2380
Generation: 240 90.7932 21.2667 77.9709 13.1337
Generation: 241 91.0491 22.0167 78.7445 11.0181
Generation: 242 91.0491 22.0167 81.2680 10.9170
Generation: 243 90.8666 21.4667 79.3387 11.0334
Generation: 244 91.0491 22.0167 80.5430 10.7587
Generation: 245 90.7444 21.1333 79.5916 12.6582
Generation: 246 91.0491 22.0167 76.5481 13.1017
Generation: 247 91.4053 23.3333 79.6962 12.7627
Generation: 248 90.8527 21.5167 80.1388 11.4177
Generation: 249 91.1595 22.3500 76.8986 14.5459
Generation: 250 91.1595 22.3500 79.6360 11.5090
Generation: 251 91.1595 22.3500 79.1661 12.8963
Generation: 252 90.6717 20.9667 78.0245 13.2222
Generation: 253 91.0491 22.0167 81.3228 11.2809
Generation: 254 91.0382 22.0167 77.6032 14.7546
Generation: 255 91.0491 22.0167 80.1941 11.2173
Generation: 256 91.0481 21.9833 79.8525 12.0210
Generation: 257 90.8410 21.5500 79.3754 11.2589
Generation: 258 90.8894 21.6167 79.2272 12.7742
Generation: 259 91.0491 22.0167 79.3163 11.9737
Generation: 260 90.9562 21.7167 79.9310 11.4606
Generation: 261 90.9491 21.6833 81.2158 9.8939
Generation: 262 91.0491 22.0167 78.5168 12.9204
Generation: 263 90.6571 20.9667 79.7518 12.5449
Generation: 264 90.9189 21.5167 80.0969 12.0538
Generation: 265 91.0491 22.0167 78.3630 12.8872
Generation: 266 91.1595 22.3500 79.7238 11.6605
Generation: 267 91.2634 22.6667 80.2480 12.4447
Generation: 268 90.9269 21.6500 78.0886 13.7219
Generation: 269 91.0939 22.1000 76.0142 14.8665
Generation: 270 90.7444 21.1333 79.7027 11.1356
Generation: 271 90.7423 21.1833 81.8531 9.9673
Generation: 272 91.0491 22.0167 80.7591 10.7768
Generation: 273 90.7967 21.3833 83.0410 9.3313
Generation: 274 91.0491 22.0167 79.6170 12.2144
Generation: 275 91.0481 21.9833 78.3809 13.5573
Generation: 276 90.8582 21.4833 78.8046 13.4274
Generation: 277 91.0696 22.1833 78.1772 14.4406
Generation: 278 90.8878 21.7667 80.4318 11.8750
Generation: 279 90.8582 21.4833 78.3980 13.1641
Generation: 280 91.3248 22.8667 78.9508 11.9243
Generation: 281 91.0919 22.2000 79.4024 13.8884
Generation: 282 90.8878 21.7667 80.0408 10.4204
Generation: 283 90.8878 21.7667 81.8099 10.4797
Generation: 284 90.8564 21.6000 80.7719 10.7065
Generation: 285 91.0491 22.0167 80.4647 11.8706
Generation: 286 90.9339 21.7667 80.7792 10.7423
Generation: 287 91.0491 22.0167 82.2506 10.1361
Generation: 288 91.0491 22.0167 81.2513 11.4561
Generation: 289 91.0382 22.0167 82.3183 11.1106
Generation: 290 91.1595 22.3500 81.4499 10.2756
Generation: 291 90.9182 21.6833 81.1790 11.1378
Generation: 292 91.0327 22.0667 79.4346 13.1870
Generation: 293 90.9394 21.7833 80.4997 12.5851
Generation: 294 91.0553 22.1667 81.9333 10.9240
Generation: 295 90.9094 21.6833 81.0648 12.0799
Generation: 296 91.2934 22.7833 79.5238 13.5646
Generation: 297 91.0644 22.2000 75.7709 16.1335
Generation: 298 91.0562 22.0167 79.4200 14.4557
Generation: 299 91.0491 22.0167 80.8987 12.1264
