1.032657627430776381e-01
1.158059522029286359e-01
-7.645118635946581698e-01
-7.990584504700899426e-01
5.452280803969322687e-01
-7.811630935713683721e-01
-7.352585424353202948e-01
-4.562438490683477510e-01
1.000000000000000000e+00
-1.000000000000000000e+00
7.676532519846048785e-01
5.392591703891366217e-01
-2.917500201876541688e-01
7.036374480755505645e-02
-2.791700864094407986e-01
-6.422969040719013201e-01
2.450787836535315289e-01
-3.586406815588792929e-01
-5.245800516772763933e-01
-3.587742852061184262e-01
-1.950941881341908268e-01
3.101715950461796933e-01
-2.171353388373414572e-01
-4.003630114719608502e-01
5.115759486815935064e-01
6.893159663089004630e-02
4.120624785255402323e-01
-2.593982724713368437e-01
-9.617436389698713617e-01
7.443877222316535036e-01
-1.332190580756599241e-01
6.534908570169132291e-01
3.040572416533744993e-01
-9.652099096383319754e-01
6.933727072434736627e-01
-1.407330481090855179e-01
8.423552499443637265e-02
-6.105236369208072444e-01
-1.000000000000000000e+00
1.622707571352280664e-01
1.000000000000000000e+00
-9.618934419932914093e-01
-2.145410860674763498e-01
-2.567008087252335979e-01
1.053523855093069228e-01
8.974048213792853446e-01
5.403167755487865431e-01
-2.603225027413004766e-01
-4.021449802798375828e-01
-1.000000000000000000e+00
1.000000000000000000e+00
1.094939753043271957e-01
3.562395498947648065e-01
1.000000000000000000e+00
7.922713600758243269e-01
8.626609872696053838e-01
2.135436243535933643e-01
-1.000000000000000000e+00
-3.053400824167018524e-02
-6.096044318738765844e-01
2.393507876490351405e-01
2.497759386649943680e-01
6.963698430168100417e-01
-7.757984872795822828e-02
1.259538061066773351e-01
3.424371838847561911e-02
-3.540874786135298491e-01
1.000000000000000000e+00
-6.923704275292872357e-01
6.630838017281633912e-01
1.000000000000000000e+00
-4.175435351951933827e-02
2.725528006961722149e-01
2.786416275726323888e-01
5.815136598653206645e-01
-6.059371154255634995e-01
2.692965309317929545e-01
3.790160810979401607e-01
-5.187088731703787259e-01
-2.665717617939399320e-01
8.450652015774169357e-01
-1.000000000000000000e+00
3.701465733421033244e-01
2.077205173462786381e-01
-4.498803659816242861e-01
5.161561538611818545e-01
-1.223682572487226894e-01
-1.000000000000000000e+00
4.083963560344877619e-01
-4.670508804646558154e-01
-1.146316885302455235e-01
1.000000000000000000e+00
1.453885497588943698e-01
-3.235738263224969269e-01
-6.370707387328170546e-01
1.000000000000000000e+00
-6.793200775936287794e-01
4.084143539881936458e-01
-4.530684918429975783e-01
-1.000000000000000000e+00
-1.229835841677998920e-01
-2.817133933777622445e-01
-9.746996064949368099e-01
-8.687483654447301085e-01
-1.684225193825595879e-01
-3.493421266494616262e-01
2.828984334586364113e-01
4.725824905159947686e-01
-3.847319427868888253e-01
3.292004163034683573e-01
9.050740726961002958e-01
3.326407594732060380e-01
1.225675667534681379e-02
-6.778498820602706365e-01
1.000000000000000000e+00
-9.183482088727122905e-01
-3.334368860882712116e-01
4.933175521838708555e-01
-5.594836172819792064e-02
-7.360142732302920043e-01
-9.108946610892890705e-01
-7.613774925612517563e-01
-1.000000000000000000e+00
-2.237494099725805263e-01
-4.088095068028444468e-01
3.396618156379194176e-01
1.106026644065525311e-01
-1.633479983570008953e-01
-1.504614662546936987e-01
2.327152311267670359e-01
1.931588528232374147e-01
2.040295895677178561e-01
-1.080371889405719599e-01
-6.251669412840114015e-01
1.219540297197007350e-01
-1.877850313634749080e-01
-3.871339838999138250e-01
-9.941881501537477295e-01
-1.211192759986243761e-01
-9.301047656623503412e-01
-4.525420680708521770e-01
7.826160434241679065e-01
6.198381126497045646e-01
1.000000000000000000e+00
-9.971025459274620584e-01
-7.570659825251894182e-01
5.740337656497955798e-01
-6.482079555665054560e-01
-6.928116434927921174e-01
8.980225847220260627e-03
-3.611925421165204098e-01
1.778523779884310652e-01
-2.803716658601564382e-01
1.821665912309808899e-01
1.000000000000000000e+00
2.284159277676614530e-02
2.648662315228068609e-01
-7.213075487463369573e-01
-3.482275230703488766e-01
5.643294646988579188e-01
-7.514942069533447899e-01
4.104628853101470187e-01
3.874973851034559935e-01
2.770095430639873957e-01
3.276503405684516590e-01
1.000000000000000000e+00
3.893576984596360813e-01
-6.438167716023882603e-01
-5.943697617477727846e-01
3.582689026272526389e-01
-3.478330000924288734e-02
6.339273721322027377e-01
-2.150614976253395483e-02
7.333769888334691345e-01
-2.902210634324020599e-02
1.876458966610761170e-01
-1.000000000000000000e+00
7.614872957718412660e-01
-2.211216274657564484e-01
9.599468337036376475e-01
-2.834185136339625322e-01
-1.000000000000000000e+00
-4.905586458040055442e-01
-5.946574511830320375e-01
9.033441966384495037e-02
-1.928261063283766841e-01
5.144915486596206566e-01
-7.826231234698912687e-01
4.272198534810500714e-01
2.928437213900192404e-02
-7.888488855822601842e-01
4.424111703468782131e-01
-2.241008059776748718e-02
-3.259432442586238099e-01
-6.390768222108242913e-01
-1.000000000000000000e+00
-4.746728533404508121e-02
-7.364976354015088100e-01
1.701174429920420117e-01
1.684510344755105193e-01
1.820168206345748052e-01
-3.609447380081721723e-01
-1.473726935837383345e-01
-3.078329434258917918e-01
4.588207382014774516e-01
-1.831072200626698843e-02
7.964287445975937185e-03
6.800133701953652299e-01
2.545910582553052581e-01
1.000000000000000000e+00
-9.011443120432521825e-02
-2.917610249893040075e-01
3.374641257898305935e-01
-8.195113245915596201e-01
1.259164789861189071e-02
1.000000000000000000e+00
-4.433956900253279709e-01
6.190500351729385509e-01
7.781112656632480640e-01
1.658107211968783412e-01
7.644385980563634941e-01
-2.518670134965851903e-01
-3.370999682232373451e-01
4.189181491807421609e-01
-9.086781321387549237e-01
1.000000000000000000e+00
1.000000000000000000e+00
2.797052787327266588e-01
1.000000000000000000e+00
-8.540000272869014974e-01
-7.433529048252933702e-01
-6.158181160432673051e-01
-7.507723193536657291e-01
-6.432739762886882096e-01
6.500569329838277177e-01
-8.446486044164736029e-01
1.000000000000000000e+00
6.252097189419164591e-02
3.275747831869110782e-01
-6.842511403998081665e-01
-4.819784922927836668e-01
2.424784982213541995e-01
-2.342973217740454417e-01
-1.000000000000000000e+00
1.000000000000000000e+00
-1.000000000000000000e+00
-7.889039235079493562e-01
5.860669873126838070e-01
-9.417969051699463801e-02
-6.906008592344732300e-01
-8.037205186281269897e-01
5.518397320490835423e-01
-1.000000000000000000e+00
-3.939783777157188638e-01
-1.286920827469332784e-01
1.700378831012571146e-01
4.653084147690815242e-01
1.000000000000000000e+00
8.242685313412041470e-01
3.653841233500431107e-01
-4.009353601692839386e-01
-2.015467633759332466e-01
1.000000000000000000e+00
5.268468431331694291e-01
-1.000000000000000000e+00
4.969769347949842264e-01
2.907625806748544983e-01
5.064602618208204898e-01
4.749114933296222363e-01
6.288788567747375380e-01
8.604875424249129878e-01
3.968591915129676684e-01
3.679293099882502971e-01
5.497474541311890839e-01
6.072190187029751218e-01
4.334000828430906727e-01
5.230004236013284791e-01
3.399861021519273163e-01
5.536252465844778703e-01
3.345168653708485706e-01
5.173648554758051299e-01
5.920288328373566333e-01
3.967780233292650394e-01
3.003763885297986991e-01
6.074154762828334331e-01
4.216273007278996676e-01
7.915520715608692637e-01
5.101643001953202194e-01
1.000000000000000000e+00
3.507180776915987952e-01
4.271283226856078530e-01
3.392873279991066027e-01
3.962581668849332051e-01
3.901750399612678444e-01
7.683584316009969273e-01
3.295914313495256209e-01
4.259565658188819159e-01
2.992865169884668664e-01
3.980225187214546101e-01
5.513047260827450557e-01
6.817102538110880738e-01
2.371064433339965249e-01
5.631296771266022239e-01
3.530130975471146293e-01
3.488632613414693884e-01
3.901188881444425105e-01
5.663913679245631272e-01
6.218286194884667939e-01
6.432412366737259024e-01
6.309533629512560360e-01
4.684010274104715155e-01
4.123923556193739848e-01
4.007290836931415856e-01
3.511569309429021235e-01
5.804783100331839529e-01
3.966423507963128259e-01
5.528733126069698134e-01
3.703422357950749699e-01
4.906052116317350942e-01
5.930950451899830167e-01
4.461076091634346708e-01
2.948388039240603109e-01
4.800865751342424104e-01
5.374331799451316227e-01
3.266144685930504332e-01
2.799381713675450079e-01
5.667625049364823919e-01
2.923244673858907405e-01
6.923260711858206795e-01
5.790287691270736836e-01
3.826771814967469543e-01
5.298659242921811563e-01
5.719379009228017230e-01
3.438468483586641922e-01
4.646586419373407439e-01
5.295181838909015504e-01
3.540331748600714645e-01
3.124270294144330662e-01
3.600673387299399009e-01
4.241742797817337762e-01
4.307132755995574103e-01
2.558898518028158708e-01
6.191998079499957397e-01
6.654778090219818365e-01
4.045622643621052394e-01
3.700281787288781654e-01
6.462557944208813243e-01
5.070346320974432608e-01
2.914525330301304118e-01
4.354950018470002404e-01
5.181419648154599322e-01
3.417292772460414074e-01
6.293313827020992068e-01
4.182916902759000743e-01
3.043202963246169346e-01
5.492107571515769671e-01
3.736381480582198211e-01
4.935646973524117076e-01
4.660292373020309964e-01
3.850717261547758064e-01
5.197704777833338508e-01
3.758565236892917327e-01
2.653185871094905224e-01
4.887006143091651156e-01
3.863525031398605813e-01
3.217325785876916644e-01
5.132525730260811825e-01
4.387965511616709335e-01
4.921655669665457866e-01
3.745367935869164389e-01
3.047791931806214105e-01
5.447849576750061207e-01
6.569415178087533169e-01
6.304658517254299044e-01
6.430016607296451525e-01
4.109622651865905696e-01
5.670835643885592248e-01
4.969539115488350034e-01
3.401306872003693749e-01
3.608144919038806520e-01
6.063018697347066777e-01
2.639241377655527909e-01
4.540331810281548752e-01
5.025210386993838041e-01
4.770901528038384853e-01
5.466758249336517439e-01
3.138821251329306228e-01
6.453242405325578801e-01
4.433927437626865586e-01
3.893466033477771537e-01
5.666840910537784826e-01
3.894808319909604521e-01
6.030773188477285274e-01
5.597418602228413365e-01
3.841054885201297120e-01
4.286330393678790540e-01
6.172507758211174256e-01
7.313684786017676798e-01
4.103305475248004708e-01
3.270143368339500367e-01
4.218550031745328943e-01
3.382081100471767132e-01
5.489886941324447767e-01
5.847346799937581663e-01
5.391149265681285385e-01
5.628257070706017551e-01
4.587754732980990346e-01
2.967791909995272093e-01
4.449104761590973456e-01
4.080151446996432285e-01
6.363387761827929978e-01
3.936383388308152820e-01
6.236816845614634452e-01
6.384690388021314611e-01
5.044212164101971041e-01
4.140268315934007015e-01
5.057188422279431661e-01
4.881920185254317590e-01
3.402903439444227573e-01
6.862483520259968772e-01
3.791221312506127261e-01
4.475144857714654645e-01
5.087096219602393887e-01
4.416471553687802976e-01
3.723270976920400877e-01
3.313263533261911475e-01
3.301216325388554029e-01
4.031537356173278686e-01
4.468005695644352016e-01
5.856299000488106588e-01
5.867325616417873313e-01
3.377298560726696430e-01
6.567743744545017082e-01
4.057938140181036601e-01
4.939680196438664406e-01
6.633427118845134363e-01
3.712610845186571917e-01
4.993580912880224432e-01
4.729990699049015368e-01
6.826207535231426649e-01
5.979046119152570116e-01
5.822854474246937917e-01
3.573557086829340923e-01
2.426500522660229031e-01
4.631300531818459687e-01
5.156991610627574829e-01
5.887030551067625739e-01
4.742267637476381692e-01
5.124949779026792829e-01
4.145911825740140055e-01
2.896904840644745072e-01
5.908751704499465296e-01
6.200173592374572662e-01
5.018159160327783086e-01
3.955357798233964384e-01
5.930229996384430713e-01
5.163263627104885956e-01
3.475195920281753392e-01
5.604728991750832501e-01
3.053676314981731976e-01
3.618145820191623341e-01
3.432038741933966519e-01
4.737160183155798565e-01
5.422687784413848799e-01
5.008602107946934501e-01
4.274971241501836494e-01
4.895257516594576641e-01
3.419624094284325899e-01
3.216324001098694874e-01
4.868855925795656514e-01
5.300949333391867802e-01
3.769279724839184054e-01
3.180091189500897642e-01
4.611135275804339462e-01
4.489101687883486624e-01
5.029208559705218295e-01
3.341615432959719190e-01
5.192365112016901207e-01
6.451113237036717463e-01
3.068244064700432205e-01
8.498625302757666367e-01
3.178911747442990654e-01
5.346621137504304899e-01
4.761735792045535542e-01
4.030249740348767484e-01
4.766017984841777744e-01
3.401217015085503670e-01
6.136879915861256363e-01
3.108308538123809583e-01
5.717834195166742184e-01
6.894772597313555407e-01
4.364205839216574456e-01
3.832104953734824515e-01
5.503491591666729299e-01
7.052509691920800794e-01
6.059948843972179366e-01
3.424455289748372100e-01
5.405662334166140282e-01
5.788355788315245887e-01
4.879611893961515734e-01
6.292771984213411107e-01
8.653860166913821539e-01
4.157871804998470311e-01
4.074609816972546983e-01
5.958865250469712604e-01
5.740035691906878457e-01
7.312132515689211409e-01
4.839401529118530498e-01
4.977564142752302634e-01
5.872183839328546373e-01
4.960413548135342854e-01
4.891838652850274971e-01
2.998072010146145550e-01
6.252599442613883118e-01
6.494960246095735634e-01
5.068505485272538635e-01
4.269186904433819874e-01
4.128666614184385852e-01
3.907229716403289310e-01
4.664496596915514992e-01
4.423922819311478238e-01
4.261422596397125284e-01
4.436388853226766460e-01
4.928579514397584682e-01
8.253197072979726601e-01
6.913523083562921334e-01
4.944725238009113344e-01
5.338330192148067477e-01
4.617763117482258095e-01
4.407312032857398920e-01
