7.715546910984969475e-01
-8.289320845099061863e-01
-6.206572051929326594e-01
7.576241571586184165e-02
1.000000000000000000e+00
-9.710562628643333305e-01
-4.300516986044701229e-01
-6.986700928776699016e-01
-1.000000000000000000e+00
-1.000000000000000000e+00
1.000000000000000000e+00
1.000000000000000000e+00
-1.000000000000000000e+00
1.000000000000000000e+00
-6.362192710256837636e-01
1.000000000000000000e+00
1.000000000000000000e+00
1.000000000000000000e+00
5.836734334017444903e-01
1.000000000000000000e+00
-6.258072724720338265e-01
-6.408457140680607900e-01
3.602430912917495842e-01
6.056968397720818853e-01
1.000000000000000000e+00
9.361923654335760903e-01
-1.000000000000000000e+00
9.717502096878948281e-01
6.114221446323966358e-01
4.496593778348764170e-01
-1.000000000000000000e+00
9.605315508030489724e-01
2.647624181186104542e-01
-1.000000000000000000e+00
-1.000000000000000000e+00
3.327675156527303280e-01
4.192190685649332949e-01
1.000000000000000000e+00
1.275648125711309477e-01
1.000000000000000000e+00
9.073507593713858732e-01
-1.000000000000000000e+00
-1.000000000000000000e+00
1.000000000000000000e+00
-4.837727012794347248e-01
9.718510055177571605e-01
-7.605753183035923737e-01
7.348784788045115146e-01
6.003781168061886886e-01
-5.106232001974231327e-01
8.953285440832206010e-01
1.000000000000000000e+00
4.241126417593560349e-01
1.000000000000000000e+00
-1.000000000000000000e+00
-2.085435353353218835e-01
-1.000000000000000000e+00
1.000000000000000000e+00
-6.875997472729804549e-01
-4.275564951334310804e-01
-1.000000000000000000e+00
2.545191438349443391e-01
-1.179952607637821949e-01
1.000000000000000000e+00
1.000000000000000000e+00
-6.214621759161651493e-01
-1.073721251696559964e-01
2.250753200342262561e-01
7.248731500524352445e-01
-1.000000000000000000e+00
3.178100725040094998e-01
2.054168662740173401e-01
-9.807836444448265745e-01
-1.000000000000000000e+00
-1.000000000000000000e+00
1.000000000000000000e+00
6.836406525251583766e-01
-1.000000000000000000e+00
5.925762438233523888e-01
-9.609907962249049085e-01
1.000000000000000000e+00
-9.683788034799619693e-01
7.195258652380842612e-01
-1.000000000000000000e+00
-5.600080780523100099e-01
5.221387190115175381e-01
-5.853979928790307152e-01
5.586069104027826526e-01
-6.167557251763551296e-01
-1.000000000000000000e+00
1.000000000000000000e+00
1.000000000000000000e+00
7.699447162056096694e-01
-4.725487129718063395e-01
1.000000000000000000e+00
5.028046971238389062e-01
-6.018389244580952813e-01
1.505968821895982135e-01
1.122962468858504925e-01
7.591652299191006259e-01
-9.187706559832123920e-01
1.973564418616431393e-01
1.000000000000000000e+00
9.699893297139074999e-01
-1.000000000000000000e+00
-1.000000000000000000e+00
-5.952273659120421723e-02
2.938353783413438780e-02
6.500999802824228846e-01
-1.000000000000000000e+00
1.036229249810338704e-01
-1.000000000000000000e+00
-1.000000000000000000e+00
-2.347712661529648415e-01
-1.000000000000000000e+00
5.124273784651538488e-01
5.087271117477959459e-01
3.947529340580202550e-02
9.499884129057134530e-02
-3.765606615711907246e-01
-5.169365435674542208e-01
1.000000000000000000e+00
1.000000000000000000e+00
-1.000000000000000000e+00
-2.373678233289455708e-01
-3.384524010358332946e-01
-1.000000000000000000e+00
1.000000000000000000e+00
-1.000000000000000000e+00
4.804765915635049733e-01
-1.000000000000000000e+00
1.000000000000000000e+00
1.258938361631165570e-01
2.425973507663795603e-01
-4.161067043409070187e-01
3.708279525609718963e-01
1.000000000000000000e+00
1.000000000000000000e+00
-1.702041936474164574e-01
1.000000000000000000e+00
-4.323310493554504141e-01
5.082896693135128263e-01
-9.210193779678411685e-01
6.385441797221304006e-01
-2.859114045585234853e-01
-7.051128649241937829e-01
-1.000000000000000000e+00
7.202608496996354415e-01
1.000000000000000000e+00
-6.634226733959894817e-01
1.000000000000000000e+00
-6.527767437461440281e-01
1.000000000000000000e+00
2.603156854253166896e-01
8.549897088883379181e-01
1.000000000000000000e+00
4.878081481632707828e-01
-3.508652606380912031e-01
4.145451039430414486e-02
1.000000000000000000e+00
-1.000000000000000000e+00
1.000000000000000000e+00
-7.063040412016550196e-01
-1.070393947240044774e-01
9.180230898597097067e-03
1.000000000000000000e+00
8.786194934680316981e-01
1.000000000000000000e+00
-1.000000000000000000e+00
-1.000000000000000000e+00
-1.000000000000000000e+00
4.709765934591720882e-01
-1.000000000000000000e+00
-1.000000000000000000e+00
1.000000000000000000e+00
-1.000000000000000000e+00
-1.000000000000000000e+00
-2.306426342405228924e-01
-5.583199522194635112e-01
-8.494452873417339678e-01
1.000000000000000000e+00
-2.921544188320446267e-01
5.842582826814081143e-01
1.000000000000000000e+00
1.000000000000000000e+00
-2.418611086750028782e-01
2.269613446447176219e-01
1.000000000000000000e+00
-8.651469824394821817e-01
3.210787863044839430e-01
-5.502437234275339151e-01
-4.826786901165144306e-01
-1.000000000000000000e+00
1.000000000000000000e+00
3.677462496121266522e-01
-1.000000000000000000e+00
-5.092118948882711216e-01
-1.451873938601284664e-01
1.000000000000000000e+00
7.583651338020506172e-01
1.000000000000000000e+00
-1.000000000000000000e+00
-4.630762081091277516e-02
2.827785700111347111e-01
1.000000000000000000e+00
-9.511683672217678964e-01
1.000000000000000000e+00
1.000000000000000000e+00
-1.000000000000000000e+00
1.000000000000000000e+00
-9.467240490546271481e-01
1.000000000000000000e+00
4.053876213469418399e-01
-4.464963875527465653e-01
-8.255727074108447638e-01
1.000000000000000000e+00
-1.000000000000000000e+00
1.000000000000000000e+00
3.768893537908923896e-01
8.873531833936930679e-01
1.000000000000000000e+00
1.000000000000000000e+00
-1.000000000000000000e+00
1.000000000000000000e+00
-1.000000000000000000e+00
-1.000000000000000000e+00
-4.111909755858422777e-02
5.594115489670592467e-01
5.605946013738394296e-01
1.000000000000000000e+00
1.000000000000000000e+00
-1.000000000000000000e+00
1.000000000000000000e+00
1.000000000000000000e+00
-5.025540199117375373e-01
1.159573914296538888e-01
1.000000000000000000e+00
2.817826931833311566e-01
-2.985932690645776155e-01
-1.000000000000000000e+00
-1.000000000000000000e+00
-2.325019974998010497e-01
1.000000000000000000e+00
1.000000000000000000e+00
-1.000000000000000000e+00
1.000000000000000000e+00
-1.000000000000000000e+00
1.000000000000000000e+00
2.613770622223384743e-01
-1.000000000000000000e+00
-1.000000000000000000e+00
-2.428483095568492178e-01
5.457775411237810737e-01
1.000000000000000000e+00
-1.410131009131367907e-01
-6.886290897798230670e-02
6.045371173053948333e-02
-2.856964533189854105e-01
-1.000000000000000000e+00
-8.139310078184778252e-01
3.822449292647123187e-01
-9.232771886457495913e-01
1.000000000000000000e+00
1.000000000000000000e+00
-1.000000000000000000e+00
