-3.270637793462119469e-02
-2.143615211259670694e-01
-1.283360112461832264e-02
-1.035108689238384561e-01
-1.350446256854684335e-01
5.096360893097431899e-02
-1.177952680161407917e-01
7.892297742518913917e-02
-8.698056863221867441e-02
1.227633834213458786e-01
1.982375796860382233e-01
-2.159785713345379055e-01
-2.015438430958876315e-01
2.908483959119266826e-01
1.529644944154617825e-01
-4.656382442683946188e-01
-9.940457952837539191e-02
-1.216728301456432640e-02
-3.317158962409346573e-02
3.439289253623870612e-01
1.267270218615720589e-01
6.383981824012283091e-02
5.524422692105755012e-02
-1.415209545146151604e-01
-2.478035913693432957e-01
-1.368579412450037225e-01
-2.713146142919108939e-01
8.059937561675949158e-02
4.642172085508022294e-01
4.654685728781295384e-01
9.541820169831183307e-03
4.335713357644783994e-02
1.567876590378164681e-01
-3.133531991775954234e-02
3.299352156531732555e-02
-2.412989655325310234e-01
4.497925977290145316e-01
5.679467450418487773e-03
1.014601416439205317e-01
2.056077390085808143e-01
7.284903376384047613e-01
-1.290609812320057601e-02
7.242129579542119777e-02
-2.994267226153435324e-02
1.677799489359371732e-01
-1.240749452098868083e-02
-1.543502155276014198e-01
1.214187947741052487e-01
-1.712969864029627587e-01
1.187302548329564056e-01
-3.617886341032459929e-02
-2.109319074158630403e-01
-1.236270851582965541e-01
-4.299085951167571640e-01
-2.454041185020238436e-01
1.714110253308093190e-02
6.683760818253152436e-02
-7.392430044546979828e-02
2.192193274553159987e-01
-5.070793654144718499e-01
-5.075220001226302680e-01
2.764950234142060648e-01
-2.986068457933629405e-01
1.015464778703740467e-01
-2.804485985586105956e-01
5.116343581623823411e-01
7.900831374614439295e-02
-2.181256821717351690e-01
-1.377383631207207970e-01
-1.999971764622645587e-01
1.874493695694799122e-01
3.228423293039488495e-01
-1.243564274351471183e-01
-4.191122723565914310e-01
5.462512889864611365e-01
3.734306751633468813e-01
-4.276258670048205257e-02
1.574741125010449827e-01
2.552249231741228752e-01
-3.834768393401233322e-01
5.087269752030155329e-02
2.297433536646921737e-01
7.004424888097655899e-02
-2.925863190741136988e-01
2.983887349835950831e-01
-2.028076231675807195e-02
-1.456269401899711879e-01
5.239014826315098461e-02
-2.662639418028708155e-02
4.712920114821629591e-02
2.256104406781309635e-01
1.741966674476153887e-01
4.397079562515675555e-01
-1.631643667188167543e-02
3.947247977977325628e-01
-3.329755872833771724e-01
1.535767906035887531e-01
-4.726667644539941926e-02
-4.096294037930606202e-01
-3.828400210486104793e-01
-1.025627493376703864e-02
6.127876538017464764e-02
3.228421678435049180e-02
-1.392290138450167913e-01
-2.367005278550873837e-01
4.001375626208674569e-02
1.679564223220659791e-01
-4.273006974209115905e-01
-1.034524224625557598e-01
-6.887873354720061569e-03
3.260940875784572590e-01
-4.688580986384563998e-01
4.852769627847484668e-01
2.677215395539735421e-01
-2.595117886729599865e-01
-4.907843779861877920e-01
-2.062731772289499999e-01
-3.283640170194007668e-01
2.647992667689392787e-01
-1.730764968761990819e-01
-9.146619197804223278e-02
4.394677035980951163e-02
7.122841145922781392e-02
6.026409198263046885e-02
-6.931443067601508745e-02
3.996427213510292953e-01
1.434101280246286025e-02
-4.671917921840886001e-03
1.628722289076280916e-01
1.849504879178580641e-01
-1.552499840282872690e-01
3.451267345926015695e-01
-1.764074046851886457e-01
-1.256628814878479883e-02
-1.181080828927717069e-01
2.023448802343848218e-02
3.109344327864034530e-03
-2.282232649809332048e-02
5.640471565835171452e-03
2.043549435165887829e-01
-3.924846501672189514e-01
-4.229474642627540915e-01
-4.281257201950828817e-01
3.647458161816462541e-01
-1.577961153688247353e-01
1.227229488962807702e-01
4.645639654755151504e-02
2.548180635675341144e-01
-6.431659420026369922e-02
-2.145425779728931948e-01
-4.604318743807393061e-02
-1.662063635687971441e-01
9.133509104062220718e-02
-8.080851432318404692e-02
3.528348923952189242e-01
1.478799184367843994e-02
1.442434021820758472e-02
9.421795530495374882e-02
-3.931399638386957607e-01
-7.538616729527086724e-02
1.702208604107187662e-01
-3.051040532507232061e-01
1.287004201907150092e-01
1.430219607879451849e-01
7.403378668566214238e-02
2.807324127993527929e-01
-5.053861577726409537e-02
2.977591499351509019e-01
3.549413273894019838e-02
-2.304891240748570547e-01
4.993857961424667535e-01
2.211391152252956682e-01
-2.898515305166778910e-01
-1.470217253585768269e-01
2.625749194673274167e-01
1.693184797569092237e-01
3.232542947588225579e-01
1.578404678005295991e-01
-2.481983277394417264e-01
-3.188286761408522241e-02
-1.260583310107468158e-01
2.408414263131934130e-01
1.758415707273507933e-01
-4.328033027038106217e-01
8.744874265185881290e-02
1.862558790194678709e-02
-3.929200840407715001e-01
-1.373586835552224050e-01
1.997562109179136514e-01
-3.382073998498444367e-02
2.456933076521397030e-01
1.034812968623601698e-01
-3.586752022686324343e-02
-2.680945916969446619e-01
4.096365803563675190e-01
-4.442056198210168061e-01
6.270524558124866699e-02
6.273666775795352923e-02
1.478001755124613847e-01
3.848804121749554996e-02
4.866193137843655148e-02
-3.594141018291297507e-01
1.067597192011622842e-01
2.275253985448433269e-01
1.407213631482777949e-01
1.221145029464276999e-01
1.309333829074933730e-01
5.048974599377775707e-01
6.215802938106900211e-01
3.065911835606039970e-01
-1.145695910979626503e-01
2.487678912214730080e-03
6.492737223926703383e-01
-4.607160173928753766e-02
7.398756927840652309e-02
-3.760594139927119772e-01
-1.785113415949771964e-01
-2.357897101978475574e-01
-1.424498681229504071e-01
2.288762153931489518e-02
3.358334126770719241e-02
-1.409921370873366553e-01
2.998052685543389773e-01
2.713997933362683468e-01
2.516741188353763259e-01
5.843542714611335565e-02
-2.297462571000855047e-01
-5.181794111615959375e-01
1.109922068563572312e-01
-1.501224070972944080e-01
-2.267188926630944457e-01
-1.517766525472176720e-01
2.959722519315261535e-01
-5.690810876208110547e-02
-4.202715496793856254e-01
7.261237436167708448e-02
-2.545442538488513762e-01
3.209362905617243467e-01
-1.111553289319656829e-01
6.078528870629466008e-01
7.223456259273927649e-02
-2.041763467063275606e-01
-1.980795364409966008e-01
4.587096918564958492e-01
6.731892517199151993e-02
-2.421416297241158755e-01
4.797462989737238948e-03
-2.282621357063324974e-01
3.608624097449874557e-01
9.848344867398921287e-02
-1.111980936001606135e-01
-1.006487412530439468e-01
1.041903428945188531e-01
-1.718380295503958988e-01
1.026320640997479272e-01
-7.122279168833678398e-02
-1.994547403715047351e-01
-3.111987830713098813e-01
8.994351203757945667e-02
-1.993466898454775704e-01
-1.656247301589844900e-01
-2.183123759264920249e-01
5.699805852887454005e-01
2.861522272502043940e-01
-6.198457175416676179e-01
