Generation: 0 71.9532 3.3650 8.7776 22.3607
Generation: 1 -3.1710 2.4100 1.9869 14.8710
Generation: 2 67.7508 3.5600 18.2330 32.9721
Generation: 3 67.7484 3.5600 48.9507 24.6497
Generation: 4 67.8708 3.6800 61.5194 20.5918
Generation: 5 67.6284 3.4400 61.6176 20.5218
Generation: 6 67.6162 3.4250 66.2359 17.4003
Generation: 7 67.7634 3.5750 43.5667 28.7667
Generation: 8 71.9532 3.3650 52.9629 28.4336
Generation: 9 65.6644 3.7250 66.1779 15.5554
Generation: 10 71.9532 3.3650 68.2977 12.2585
Generation: 11 76.7066 3.6150 68.2179 13.8537
Generation: 12 71.9532 3.3650 69.1031 11.9118
Generation: 13 81.3430 3.5450 70.3964 7.9034
Generation: 14 71.9532 3.3650 70.1813 6.2570
Generation: 15 71.9532 3.3650 70.9812 4.4846
Generation: 16 71.9532 3.3650 68.4505 13.5426
Generation: 17 67.8574 3.6650 69.4189 11.5052
Generation: 18 54.3369 3.3950 67.2120 14.4196
Generation: 19 67.7334 3.5450 68.3238 13.5639
Generation: 20 65.6644 3.7250 67.0893 14.3082
Generation: 21 65.6344 3.6950 69.3028 6.7932
Generation: 22 67.8558 3.6650 68.1938 8.1770
Generation: 23 67.8558 3.6650 70.4188 8.3934
Generation: 24 65.6644 3.7250 68.3903 7.5270
Generation: 25 67.8708 3.6800 67.9330 7.9052
Generation: 26 68.3774 3.9050 69.8251 8.6918
Generation: 27 65.6644 3.7250 69.6496 6.2901
Generation: 28 67.8713 3.6800 69.9017 6.3365
Generation: 29 65.6644 3.7250 67.8280 8.1124
Generation: 30 67.8708 3.6800 69.1221 6.0408
Generation: 31 65.6194 3.6800 68.6000 7.2669
Generation: 32 65.6194 3.6800 66.7822 8.2371
Generation: 33 65.6805 3.7400 67.0166 8.1476
Generation: 34 65.6644 3.7250 67.3964 7.9636
Generation: 35 65.6805 3.7400 66.7565 8.8509
Generation: 36 65.6794 3.7400 66.3597 8.5553
Generation: 37 65.6805 3.7400 65.2460 8.7555
Generation: 38 65.6794 3.7400 65.7831 8.9332
Generation: 39 65.6096 3.6800 67.3120 7.9706
Generation: 40 65.6205 3.6800 68.4246 6.7511
Generation: 41 67.8708 3.6800 70.1843 4.8538
Generation: 42 65.5135 3.5750 67.7470 7.1574
Generation: 43 65.6494 3.7100 66.6398 7.6225
Generation: 44 67.8713 3.6800 66.3470 7.9867
Generation: 45 67.8708 3.6800 66.3398 8.3806
Generation: 46 65.6194 3.6800 67.8736 6.9471
Generation: 47 67.8708 3.6800 67.1726 7.9215
Generation: 48 59.1013 3.6050 67.0561 7.7707
Generation: 49 65.6194 3.6800 67.9307 7.2562
Generation: 50 67.8558 3.6650 68.2757 7.1448
Generation: 51 61.6697 3.8450 67.7805 7.5384
Generation: 52 66.2041 3.8600 63.3041 10.4013
Generation: 53 65.6194 3.6800 66.2058 9.0839
Generation: 54 65.6194 3.6800 65.5110 9.0114
Generation: 55 68.7695 4.3000 64.9688 9.2337
Generation: 56 57.1260 3.8700 66.0469 11.0659
Generation: 57 65.6205 3.6800 66.5685 7.9752
Generation: 58 63.7453 3.7800 66.8410 8.6282
Generation: 59 67.8684 3.6800 66.3710 8.5698
Generation: 60 65.6644 3.7250 65.0415 9.0786
Generation: 61 67.8708 3.6800 65.4436 8.6034
Generation: 62 55.0208 3.9950 64.1934 11.3286
Generation: 63 64.2305 4.0400 66.1720 8.9685
Generation: 64 57.3962 4.1850 65.9514 9.1169
Generation: 65 67.9099 3.6950 64.2305 13.5259
Generation: 66 65.6344 3.6950 64.5365 10.6861
Generation: 67 57.1836 3.9750 65.0407 13.3107
Generation: 68 59.7810 4.1050 64.7885 11.7645
Generation: 69 65.6194 3.6800 66.4564 11.2756
Generation: 70 65.6194 3.6800 65.2991 11.1480
Generation: 71 65.6601 3.6950 63.4873 16.0937
Generation: 72 78.7837 5.5500 52.3065 17.8488
Generation: 73 76.5232 5.5050 59.1706 20.0094
Generation: 74 63.8909 3.9600 59.5705 21.1407
Generation: 75 87.5634 5.4150 58.4552 20.3346
Generation: 76 69.2542 4.7850 65.0582 12.8955
Generation: 77 69.3839 4.7600 63.2420 13.7280
Generation: 78 66.6627 4.4100 64.4467 11.3208
Generation: 79 64.4461 4.1900 62.9417 12.3218
Generation: 80 66.4902 4.2600 62.6229 13.2272
Generation: 81 76.3395 5.3550 61.9274 12.7329
Generation: 82 69.1660 4.6250 63.7174 11.7743
Generation: 83 76.6098 5.6150 62.4403 12.9838
Generation: 84 66.8003 4.6100 61.0128 12.7326
Generation: 85 71.9427 5.3550 60.7007 14.9490
Generation: 86 76.6791 5.6850 62.8471 12.5003
Generation: 87 69.2331 4.6300 62.0173 14.1355
Generation: 88 73.9355 6.1669 62.5336 15.1665
Generation: 89 68.9250 6.4400 59.7758 14.7502
Generation: 90 81.1185 9.3578 61.7039 12.6812
Generation: 91 76.5957 10.4625 62.0766 13.4356
Generation: 92 90.3239 12.3217 62.6635 12.8349
Generation: 93 66.6273 9.8397 59.8044 14.2892
Generation: 94 67.3045 12.1753 61.7662 17.6309
Generation: 95 76.3395 14.7263 62.7039 13.5061
Generation: 96 78.5865 15.8977 60.9921 15.1331
Generation: 97 81.0950 17.7863 62.0884 12.6875
Generation: 98 68.1665 19.3986 64.0077 11.1330
Generation: 99 76.5451 20.1731 59.6426 13.7955
Generation: 100 76.8068 22.2169 63.1119 11.9724
Generation: 101 71.6229 20.2313 61.1977 12.6365
Generation: 102 72.0905 23.5683 61.5149 15.2865
Generation: 103 71.9416 24.0975 62.1806 13.9076
Generation: 104 69.2692 22.7916 59.2094 16.5327
Generation: 105 71.5370 24.4406 65.2374 11.4469
Generation: 106 66.6882 22.4297 64.7201 12.8711
Generation: 107 76.3395 28.7831 63.0028 14.1555
Generation: 108 72.3560 32.1081 61.9739 13.6207
Generation: 109 72.3260 33.1894 59.3857 12.9713
Generation: 110 76.3410 32.2973 59.7930 12.1327
Generation: 111 72.1508 34.7188 61.1928 15.3241
Generation: 112 76.7989 37.4541 62.5561 13.0015
Generation: 113 72.3973 38.7206 60.9961 11.3553
Generation: 114 66.6842 29.9731 58.0361 13.5227
Generation: 115 80.8417 38.1544 58.7045 12.9984
Generation: 116 72.4028 42.4102 61.7259 11.3956
Generation: 117 81.2595 43.4088 61.3577 11.7256
Generation: 118 66.8572 35.0156 61.9422 11.5027
Generation: 119 67.1410 37.4400 63.0037 11.1376
Generation: 120 72.4160 46.4000 60.4504 13.7240
Generation: 121 76.8787 45.9200 60.0402 12.6951
Generation: 122 67.0106 36.6000 59.3109 11.5906
Generation: 123 69.7601 40.6400 60.3559 10.9840
Generation: 124 76.8902 46.7200 60.3476 12.0317
Generation: 125 67.3346 38.7600 60.6696 12.0607
Generation: 126 67.5511 40.9200 60.4010 11.9754
Generation: 127 74.5057 45.9200 60.0500 11.4261
Generation: 128 72.3820 45.9200 60.5830 11.0149
Generation: 129 76.7799 45.9200 61.9637 11.4416
Generation: 130 71.5855 38.9200 61.6860 11.8357
Generation: 131 67.6225 43.0800 58.8301 11.8362
Generation: 132 72.1530 44.4400 60.6159 11.9019
Generation: 133 69.8714 41.9200 59.3229 11.7020
Generation: 134 72.3809 45.9200 56.6239 11.5945
Generation: 135 72.3787 45.9200 58.5238 10.6410
Generation: 136 67.8070 42.6800 59.7550 9.6552
Generation: 137 67.5541 40.7200 59.2676 11.9637
Generation: 138 72.4901 46.7200 57.7829 10.8618
Generation: 139 71.9127 42.6000 60.1801 12.1709
Generation: 140 81.4175 47.0400 60.6479 11.0506
Generation: 141 72.4222 46.3200 60.6043 10.0557
Generation: 142 72.3560 45.9200 62.3457 9.2562
Generation: 143 79.1380 46.7200 60.5085 10.2955
Generation: 144 72.4178 46.3200 60.6235 10.7949
Generation: 145 72.3831 45.9200 59.2034 12.6348
Generation: 146 77.2044 49.0400 60.7993 9.0823
Generation: 147 78.5880 42.8400 60.6798 11.8617
Generation: 148 67.7118 42.2400 58.6710 11.4006
Generation: 149 71.9405 42.8400 58.5392 11.1580
Generation: 150 69.6171 39.7200 59.5132 10.6925
Generation: 151 76.3410 42.8400 58.6978 11.9992
Generation: 152 76.6475 44.4400 60.5088 9.9631
Generation: 153 76.5633 44.5600 58.1325 10.3370
Generation: 154 69.5623 39.3200 60.2036 10.6979
Generation: 155 78.6023 42.9600 58.5202 13.4941
Generation: 156 72.1358 44.3200 58.7080 11.1270
Generation: 157 76.4636 43.9200 60.8701 10.4956
Generation: 158 90.3436 47.3600 59.6409 11.3393
Generation: 159 76.6808 44.6800 60.6108 10.1676
Generation: 160 76.5798 44.6800 62.8535 9.0258
Generation: 161 76.5513 44.4400 59.2419 12.8411
Generation: 162 78.6173 43.0800 61.0886 9.8958
Generation: 163 78.7991 44.4400 62.5601 10.2765
Generation: 164 76.6475 44.4400 60.5054 14.1490
Generation: 165 76.3695 43.0800 61.9054 12.8260
Generation: 166 76.3695 43.0800 64.2324 11.6309
Generation: 167 76.3537 42.9600 63.7004 10.7020
Generation: 168 76.3695 43.0800 63.1666 11.7594
Generation: 169 80.8687 43.0800 63.1595 12.5209
Generation: 170 76.3695 43.0800 64.1537 14.1279
Generation: 171 76.3695 43.0800 64.1141 17.3815
Generation: 172 72.0796 44.0400 65.8293 11.4457
Generation: 173 72.1519 44.4400 63.7910 12.2152
Generation: 174 76.3545 42.9600 62.0781 14.4606
Generation: 175 72.4740 46.6000 62.7598 15.8898
Generation: 176 76.3695 43.0800 65.4291 11.2591
Generation: 177 76.3695 43.0800 62.7468 17.4070
Generation: 178 76.3695 43.0800 63.2888 12.3630
Generation: 179 90.1257 45.6400 67.0726 12.3463
Generation: 180 76.3695 43.0800 69.3371 8.5244
Generation: 181 90.1183 45.6400 66.9233 10.0281
Generation: 182 76.3695 43.0800 68.1006 9.3999
Generation: 183 76.3695 43.0800 68.2039 10.1267
Generation: 184 76.3695 43.0800 67.0382 9.8933
Generation: 185 76.3695 43.0800 66.5009 15.0828
Generation: 186 90.1991 46.0400 67.7616 10.3008
Generation: 187 72.1519 44.4400 67.2912 12.0355
Generation: 188 76.3545 42.9600 66.4856 12.7475
Generation: 189 90.1257 45.6400 68.2348 8.7852
Generation: 190 76.3695 43.0800 64.6972 14.8738
Generation: 191 76.3695 43.0800 68.5993 10.0782
Generation: 192 72.0774 44.0400 69.1259 8.7891
Generation: 193 76.3695 41.6018 69.5370 9.0224
Generation: 194 72.1486 41.3902 68.1053 10.4380
Generation: 195 76.3695 38.6453 67.5260 11.0485
Generation: 196 76.3695 37.1671 69.0125 10.8070
Generation: 197 76.3695 35.6888 69.3111 8.2903
Generation: 198 90.1991 36.5612 69.6753 10.1497
Generation: 199 90.1991 34.9814 69.4189 7.9871
Generation: 200 90.2491 33.6918 68.5358 9.4370
Generation: 201 78.6173 29.7759 70.4557 8.0472
Generation: 202 76.3695 28.2976 70.1878 8.8728
Generation: 203 90.1257 28.4131 71.0826 7.9482
Generation: 204 90.2491 27.3176 71.7287 8.7903
Generation: 205 90.2491 25.7241 70.2671 9.3340
Generation: 206 90.1991 23.9227 69.8653 10.0811
Generation: 207 90.1991 22.3429 69.4743 10.9824
Generation: 208 90.0832 20.4024 70.2576 9.1510
Generation: 209 76.3695 17.9500 71.3404 7.3150
Generation: 210 90.2491 19.3500 72.2291 7.8352
Generation: 211 76.3695 17.9500 72.4364 6.8536
Generation: 212 76.3695 17.9500 70.2002 7.8114
Generation: 213 90.2491 19.3500 72.1890 7.2252
Generation: 214 72.1655 18.6000 69.5835 8.1066
Generation: 215 72.2555 18.9000 71.1087 8.2993
Generation: 216 72.1805 18.6500 70.2324 10.9636
Generation: 217 90.1991 19.1833 70.1983 8.7698
Generation: 218 90.1183 19.0167 70.9609 8.4394
Generation: 219 90.2491 19.3500 71.8207 9.3327
Generation: 220 90.2491 19.3500 67.8961 11.8614
Generation: 221 76.3695 17.9500 69.7041 8.3874
Generation: 222 90.2491 19.3500 70.6298 11.5833
Generation: 223 76.3695 17.9500 71.1431 7.8078
Generation: 224 90.0485 18.8500 70.9553 11.4488
Generation: 225 90.2491 19.3500 69.6411 10.0249
Generation: 226 76.3695 17.9500 69.3743 10.7113
Generation: 227 90.1991 19.1833 70.6350 9.2838
Generation: 228 90.1588 19.1833 70.4788 9.5895
Generation: 229 89.8991 18.1833 70.7899 8.4389
Generation: 230 81.0498 18.5167 68.2340 12.0053
Generation: 231 83.6621 19.6833 68.9732 12.8589
Generation: 232 90.2491 19.3500 72.0962 7.9825
Generation: 233 90.2491 19.3500 68.9615 10.4926
Generation: 234 90.2491 19.3500 69.8613 12.1089
Generation: 235 90.2491 19.3500 67.9668 14.6666
Generation: 236 90.1991 19.1833 68.6606 12.8816
Generation: 237 90.4595 20.0167 66.1375 15.1400
Generation: 238 76.5483 18.5167 68.7645 13.3759
Generation: 239 79.0226 19.2667 68.0402 10.7350
Generation: 240 90.2491 19.3500 68.1879 15.6769
Generation: 241 90.2491 19.3500 70.0592 12.2135
Generation: 242 90.3436 19.6833 69.3532 14.2030
Generation: 243 90.2360 19.3500 70.3051 9.4511
Generation: 244 90.3491 19.6833 68.7673 12.4968
Generation: 245 90.4595 20.0167 68.8388 10.1472
Generation: 246 76.5476 18.5167 70.0339 10.1355
Generation: 247 90.2491 19.3500 70.9835 9.8714
Generation: 248 90.4595 20.0167 69.1710 10.4959
Generation: 249 90.0911 18.8500 71.0870 10.6196
Generation: 250 90.1991 19.1833 70.4195 9.9732
Generation: 251 90.2491 19.3500 68.1844 10.2786
Generation: 252 90.4595 20.0167 67.8348 10.4575
Generation: 253 78.8141 18.5667 68.1875 10.5407
Generation: 254 90.4095 19.8500 66.5601 12.3886
Generation: 255 90.4595 20.0167 69.2461 11.8095
Generation: 256 90.1991 19.1833 65.0267 16.2689
Generation: 257 72.3057 19.1000 68.7303 14.3559
Generation: 258 90.1682 19.2333 68.2603 12.5237
Generation: 259 90.4595 20.0167 68.3816 10.8804
Generation: 260 85.7037 19.1333 68.3436 10.4955
Generation: 261 90.4595 20.0167 70.4200 10.3410
Generation: 262 81.0611 18.5667 69.4611 10.1063
Generation: 263 87.8044 18.9333 67.9481 12.3139
Generation: 264 90.4595 20.0167 66.7921 14.3575
Generation: 265 72.5769 19.9333 67.4903 14.9233
Generation: 266 90.4745 20.0667 65.2610 19.4219
Generation: 267 90.3491 19.6833 66.5082 15.3979
Generation: 268 72.6663 20.1333 66.8875 15.7405
Generation: 269 72.3519 19.1833 67.6284 12.8722
Generation: 270 90.2724 19.5667 65.7451 13.1664
Generation: 271 74.4187 18.9500 62.1199 18.2851
Generation: 272 83.5013 19.1833 63.5183 19.4103
Generation: 273 90.2641 19.4000 66.3421 16.2421
Generation: 274 90.4895 20.1167 65.3840 22.7887
Generation: 275 72.5758 19.9333 63.4836 20.5440
Generation: 276 72.6663 20.1333 61.5068 23.4352
Generation: 277 83.8190 20.1333 65.1466 17.4934
Generation: 278 72.4408 19.4833 67.0958 10.8862
Generation: 279 77.0200 19.6333 63.2267 18.9243
Generation: 280 72.6912 20.1333 64.8598 11.9936
Generation: 281 76.8205 19.3000 67.3267 9.2932
Generation: 282 83.8176 20.1333 67.1034 10.6514
Generation: 283 83.8410 20.1333 66.6169 13.1484
Generation: 284 77.0690 20.1333 64.1800 16.1000
Generation: 285 72.6279 19.9167 64.4989 8.9637
Generation: 286 72.6890 20.1333 65.8980 12.8287
Generation: 287 72.2859 19.1000 65.2002 11.9328
Generation: 288 72.4002 19.3000 64.5040 10.9680
Generation: 289 72.6890 20.1333 61.6839 18.7860
Generation: 290 72.6663 20.1333 62.7811 17.3465
Generation: 291 72.5736 19.9333 64.0024 18.6585
Generation: 292 72.4057 19.4333 56.1187 26.7394
Generation: 293 72.4013 19.3000 57.3590 26.1189
Generation: 294 72.4386 19.4833 61.4632 23.0076
Generation: 295 72.4046 19.4333 63.4872 19.8642
Generation: 296 72.3519 19.1833 62.3272 20.2213
Generation: 297 72.5758 19.9333 65.7554 16.6608
Generation: 298 72.4200 19.3000 66.5463 16.6636
Generation: 299 72.6686 20.1333 64.6474 18.3046
