-9.959043793837197844e-01
-1.157083325102957749e-01
2.524246098517780590e-01
1.808677890376996500e-01
-8.586831039414866140e-01
-9.617906879459905412e-01
6.799341745002538406e-01
1.780829191826198421e-01
-7.951415184473534792e-01
7.383219476387639091e-01
1.642976991133429654e-01
1.797892094324615719e-01
-2.643315591619926908e-01
9.606467638417349741e-01
5.221312826970316845e-01
-7.726841175773684345e-01
8.106297416252518095e-01
-7.150508061740150634e-01
-9.435754413910137917e-01
2.311961868048247049e-01
-2.505764132222385032e-01
-7.953522592015309645e-01
6.320648155395514056e-01
7.186693474663361503e-01
-9.077963780303800467e-01
3.550226023087027505e-01
-3.689698652640245879e-01
1.966458837843177432e-01
-4.215479747332620541e-01
1.595746873943707789e-01
-3.887674672194754710e-01
-7.327273263730435526e-02
-6.946588519644982807e-01
-6.308249257199869398e-01
-7.916113658883559001e-01
1.362317874080463675e-01
1.956644634289144702e-01
-4.092464663962708249e-01
1.746635370051473624e-01
-3.367428942312589157e-01
8.702067217062401383e-01
-1.346569607944662073e-01
4.828648486591405886e-01
-7.018277898705036488e-01
-6.644952105923233043e-01
-1.000000000000000000e+00
1.633634345207215510e-01
4.741377617328763061e-01
-7.770771685539250573e-01
5.276539324541814624e-01
8.194121988321338979e-01
-9.620614488469427794e-01
-1.000000000000000000e+00
1.000000000000000000e+00
8.046530258114494849e-01
4.038604048692281956e-02
-4.219299940805778526e-01
6.409037345375629968e-01
-7.091244330096853066e-01
5.730534275132519451e-01
7.667309174856756782e-01
1.153041659252018736e-02
-4.237371121147331943e-02
7.812105084176815817e-01
-7.751892175754320213e-01
-2.490623917894895789e-01
9.066057304945436268e-01
9.447625433320290256e-01
-7.411118247359657074e-01
-9.590425881474409220e-01
2.202576431136177570e-01
4.030923693786281348e-02
-1.447896545277496672e-01
-1.949683375474479674e-01
-2.034926349122556377e-01
-1.000000000000000000e+00
-1.000000000000000000e+00
9.278985606024758859e-01
2.538092306365672401e-01
5.368688719971776990e-01
0.000000000000000000e+00
-1.945746924854076243e-01
-7.011159338702923627e-01
-5.098003924510950691e-02
9.432604927568991604e-01
-1.000000000000000000e+00
-8.222265224051101828e-01
1.578715601263138979e-01
-1.665497189120459520e-01
1.333755611463185997e-01
9.165183162946720641e-01
2.554313488044986924e-01
8.827296215555384684e-01
5.565047504122466737e-01
-4.826426456468081438e-01
-5.356077208911146359e-01
4.060390775645568162e-01
-3.045905808612921484e-01
5.793289998216544223e-02
1.746558803496241208e-01
-3.241784077291607336e-01
5.023414176907520234e-01
2.225068430565939614e-01
3.285486194381486702e-01
0.000000000000000000e+00
9.766040711998870416e-02
9.862208086147910002e-01
6.313901670215428252e-01
-2.373414745140026705e-01
7.192764695627018590e-01
8.418768747688442078e-01
7.084300069174767067e-01
1.000000000000000000e+00
8.209160074607440016e-01
-3.464526250982774003e-01
1.279797369914469074e-02
7.217128924583169347e-01
-1.000000000000000000e+00
5.675918885832734739e-01
6.226415815085161176e-01
-8.277684226689314695e-01
-3.033369057824302772e-01
6.135666556564265406e-01
-7.007966743244717911e-01
-5.992973384471267373e-02
3.385083584700273041e-01
-4.397701645265084114e-01
-4.282409168192143345e-01
1.000000000000000000e+00
8.082273241556040544e-01
8.364616105557745040e-01
1.220890258731909955e-01
-2.753742873345674247e-02
9.023042217261989517e-01
-3.557491547549978539e-01
1.000000000000000000e+00
1.000000000000000000e+00
5.542164058672309768e-01
4.110925358546873576e-01
2.069101094695821597e-02
7.788802582009699549e-01
1.443310181207969611e-01
-8.094391950901834720e-01
-3.043488070659051692e-01
7.584725205080049548e-01
2.487750045687414369e-01
-2.390167115357362537e-01
9.780985081741117027e-01
-3.964932981920857857e-01
-2.473912678935467069e-01
-7.903607712861612233e-01
-4.825872911861406322e-01
5.017205728757466732e-01
-2.815468296939926951e-02
5.624792040252294401e-01
8.875429493659370284e-01
-3.893703746607756755e-01
1.423143572895176900e-01
-4.749125394787125920e-01
-6.688401250688080779e-01
2.347584187736728722e-02
-1.000000000000000000e+00
-8.062322365828353821e-01
-4.756613347503714784e-01
-2.097035506685712702e-01
3.083512684945539650e-01
-1.000000000000000000e+00
2.315925063581155130e-01
-4.002755288892662633e-01
-5.806441921319831501e-01
-4.599159686036876638e-01
-6.989476029745487207e-01
2.963884501982156361e-01
-9.691181973208080613e-01
-1.000000000000000000e+00
-1.212343145761380081e-01
-5.642197914546288606e-01
-4.832161334032036848e-02
-4.620239350789490107e-02
5.221541527723488896e-02
7.586235542389241360e-01
-4.057606338090162801e-01
8.327556133208999789e-01
-1.597521290233335223e-01
6.664110921852458569e-01
1.169005146086942171e-01
9.870023717012487152e-01
-6.208504413520419263e-01
1.000000000000000000e+00
-5.511716503703565362e-01
2.759309536498145143e-01
-1.000000000000000000e+00
2.356983354100641859e-02
7.670671921885557909e-03
-1.584274843274587896e-01
-7.705132057368980769e-01
9.087704236162025273e-01
-9.954754437518467114e-01
6.334844962662663503e-01
-6.198310677296272608e-01
-1.495668912270219919e-01
-6.697286290748979409e-01
-9.244104893482456564e-01
1.000000000000000000e+00
-7.699212775436800049e-01
5.833221747042759420e-01
5.457572907126342354e-01
5.418484856742123990e-01
3.351216480802226005e-01
7.821210239174071210e-01
6.866743159243562378e-01
6.645939636176187992e-01
-7.234989876612865078e-01
7.297070585549563226e-01
-2.986535718859422706e-01
-9.882213328953320941e-01
8.756232372882397641e-01
2.884907326008122053e-01
1.000000000000000000e+00
5.520556867016215841e-02
8.029329488764220812e-01
5.833765369712666793e-01
-7.972904936272873222e-01
-6.464219449497893288e-01
-4.132543283385122779e-01
4.226316207219933396e-01
9.507534160811266233e-01
7.149482760496843614e-01
2.743242330827011521e-01
8.830856906773436599e-01
-4.402198169045283549e-02
8.092978579605014655e-01
-5.822438746447862190e-01
2.818165585917945526e-01
-9.071011341292803953e-01
7.076658264819446487e-01
-2.420100576882082133e-01
-6.658662845684943932e-01
9.094181333490449770e-01
-9.547859999498286010e-01
-6.744780943283774644e-01
-4.324835133927047992e-01
2.885692630417260318e-01
-5.549277205541920388e-01
-6.205416893492441410e-01
-2.146788913434656276e-01
-5.628067293523109083e-01
2.525338595619931459e-01
-6.198477027620277746e-02
7.750139504131514645e-01
-7.582845598849705659e-01
-1.406721790901237501e-01
-9.384248091385798407e-01
3.604249416650776028e-01
-1.000000000000000000e+00
8.393057004809016952e-01
7.468714891415086932e-01
-1.287546688478831691e-01
-3.493098666580299327e-01
-8.561161462049678983e-01
-4.579022686213585214e-02
-3.296097698899585482e-01
-1.000000000000000000e+00
-6.024885355288537303e-01
1.726720122809158875e-01
2.523209902493774859e-01
8.965790958558212953e-01
6.407272866641128273e-01
4.542834838698974753e-01
3.539633354037167723e-01
3.322694597482087620e-01
5.111960277351087489e-01
1.799607937568618310e-01
3.250563222832876797e-01
4.856325848589846950e-01
3.775062636378461178e-01
4.864458727871714405e-01
4.371838277856311406e-01
4.611911085947705269e-01
3.070514756608216378e-01
2.818294858449535978e-01
4.289229382329691198e-01
8.600857710616256480e-01
3.151721951061766669e-01
4.023355848917127275e-01
3.935408906646513660e-01
2.969301066400972244e-01
3.763458349296442962e-01
4.516724074735196104e-01
6.304663357238460275e-01
8.201341408851168246e-01
4.611613189973592375e-01
2.598719559699636528e-01
4.028222229473462646e-01
3.896074090412612878e-01
6.130167793940900500e-01
4.524784234433683050e-01
3.479351819091768272e-01
5.009494245130357015e-01
5.518621515564656743e-01
4.268818528033401782e-01
6.938443581262960791e-01
8.277436633977299785e-01
8.701451327625471244e-01
4.807698869704575828e-01
3.690933628103549302e-01
6.221954650368026751e-01
4.396196516530377907e-01
3.947649795013732921e-01
7.746137637227126227e-01
4.880577550232527706e-01
3.745200873523842899e-01
2.548350700706106808e-01
7.316868748566445202e-01
4.972875190579180704e-01
4.582744347516791716e-01
3.576152409846809488e-01
7.917614814619051700e-01
2.353356116886083649e-01
3.705737501883886731e-01
5.517597937926008722e-01
6.074777571401499543e-01
2.464992920631044471e-01
2.624954458212158670e-01
4.595245625998211070e-01
9.294747542221643011e-01
6.322293622895156506e-01
3.687827806636005401e-01
8.606214865823132998e-01
2.650057153567823010e-01
7.016838892324812615e-01
5.973159748365094446e-01
6.018216239208822316e-01
5.233419538271707472e-01
3.327968174356337183e-01
5.418545836932083803e-01
3.723924760452352878e-01
8.890712301790782979e-01
5.290746219470257028e-01
4.300500797580085743e-01
4.878260453611386049e-01
4.851817283462844799e-01
5.808779374421282338e-01
7.330349917683508520e-01
5.510007619813881430e-01
8.475893572686938882e-01
3.661580405004032368e-01
5.218623249287811516e-01
3.855506421282972607e-01
1.872436540117360104e-01
4.356306048493814309e-01
2.622484477557853744e-01
7.790629642106259301e-01
7.754980200026384551e-01
6.073568199607541906e-01
5.711508833010371378e-01
5.051466655104721593e-01
7.399821379269764243e-01
3.999627883562322239e-01
4.773823538219708063e-01
3.559055449451913322e-01
5.373071489233716136e-01
7.092758276054921263e-01
2.037326249966267544e-01
5.514446747746389876e-01
7.992939140891232030e-01
7.201006691066701437e-01
7.193229624291217483e-01
2.663154811724940396e-01
6.445789491670068649e-01
3.058262246649161575e-01
3.629717952620331589e-01
4.468537043556726207e-01
4.056729521444816244e-01
3.551515002079050354e-01
7.868233741618532173e-01
6.433130865621283778e-01
7.828697930086803147e-01
5.798703907253308643e-01
2.763807892868520577e-01
2.366625200033725118e-01
6.108106468163704283e-01
4.399901247572856611e-01
2.922649273290980898e-01
6.431011663570946890e-01
4.498801066943663440e-01
4.339033653466549678e-01
4.615264655394560322e-01
4.458801129956168063e-01
4.162489500041570700e-01
2.640396571892246191e-01
7.561605798159231062e-01
8.908075068614813574e-01
8.780625689954184576e-01
7.155810385712360056e-01
3.400401295885068231e-01
4.903638598470693166e-01
3.611688295441411456e-01
6.415147696191443316e-01
5.075255775648326306e-01
3.204937561341391628e-01
5.533227642854281481e-01
6.067466434528594466e-01
3.751033451362696391e-01
7.005352361175587461e-01
7.435018043304497670e-01
5.594466330601834958e-01
4.185296550298933105e-01
2.530879271388339902e-01
1.335868207587600776e-01
2.356899067811034643e-01
4.718090473190342804e-01
4.518941624283111524e-01
5.777295281907255386e-01
7.047776665307248223e-01
3.674283634129235643e-01
8.500472564688643651e-01
5.090455735827899009e-01
9.007294802647369814e-01
5.342881094367036843e-01
3.876843032045427795e-01
7.649389207062914364e-01
8.109613816667410324e-01
5.214146219950497319e-01
4.662761960889483248e-01
4.602925322856736279e-01
3.616432473346139487e-01
3.612525535299122015e-01
7.865592684106046395e-01
5.279918650772160715e-01
3.508062205960390534e-01
4.983938724629020656e-01
3.773794630421359320e-01
5.651792706951375145e-01
3.865171910706610148e-01
3.728701340293270050e-01
2.765797697822851564e-01
8.524369044545522245e-01
2.635191446164370510e-01
5.588277980390454758e-01
4.352969815687611210e-01
5.059249751349478297e-01
3.184872005935031058e-01
3.225208138108763833e-01
4.528689388071843736e-01
8.532826036002482128e-01
6.075819855070416775e-01
2.980384245485269146e-01
5.232734501811395766e-01
3.739420398782878907e-01
4.857610403651345665e-01
5.572087585726175352e-01
3.484566160333879004e-01
8.839879084716495417e-01
7.246244523681781846e-01
6.331782499309985823e-01
5.021548270763063204e-01
6.858932172376766001e-01
7.461702763565219998e-01
8.057279456462245193e-01
5.316072636489133085e-01
8.609183177286967581e-01
2.513917081984833324e-01
4.698395013301351342e-01
5.064326397408167590e-01
9.921416168462128260e-01
5.376205369245208310e-01
2.410292733254716102e-01
3.358121393929618392e-01
8.216202654835127461e-01
8.892209517452551726e-01
5.868643765923442501e-01
5.064217774740554789e-01
4.071361700446590182e-01
3.801397569440173596e-01
6.692162199116659105e-01
3.871303254047877562e-01
4.347755241960579720e-01
3.870910698275175088e-01
5.096930988879571078e-01
3.204479272085399288e-01
4.208047482623324953e-01
3.460886592503902293e-01
6.986833537492969093e-01
4.969455476750025968e-01
8.767278037556537340e-01
3.091504716456812685e-01
3.304666311238402265e-01
4.463835090326040977e-01
4.599716921089078703e-01
3.692298029694686123e-01
3.372812527686628870e-01
5.085524234726996884e-01
3.882037639203594903e-01
4.210400443831379125e-01
2.707510664725367722e-01
2.454954446835489468e-01
4.628704048062907139e-01
5.514303018295874104e-01
5.569592490695750575e-01
2.898540895319328126e-01
2.790377252861001578e-01
4.553390857620795984e-01
8.492985815203628608e-01
6.175845903028418515e-01
2.129220790552175391e-01
1.852174211564001083e-01
2.462610345730182615e-01
6.858481682577577399e-01
5.996259039651733458e-01
7.703435215667082669e-01
2.679799342252885408e-01
5.657619491872729611e-01
4.717252337171654597e-01
2.710628968663247318e-01
3.074970129802924168e-01
6.819152072535978881e-01
3.660238824917526612e-01
4.166825782825610003e-01
5.138020241250298437e-01
4.769117327000439999e-01
6.287802568414957438e-01
5.803951733301075944e-01
7.046316160420087460e-01
4.814940953154925873e-01
7.950683978839666599e-01
5.164438240760386156e-01
9.944723225940523825e-01
2.755583884649511761e-01
7.083445033880819697e-01
