-1.914911058759731499e-01
-2.377425907991654874e-01
-9.526895979875478204e-01
1.107668287168774301e-01
-1.000000000000000000e+00
-3.427082712284867938e-01
2.518767202850280551e-01
-3.936127352056667528e-01
-8.053671082502926737e-01
-4.608742516458219085e-01
8.384916540945080987e-02
3.895603221002942873e-01
8.485012192143467358e-01
5.907677199293972503e-01
5.541706063540977611e-01
2.173466940192402552e-01
-5.784586072326944883e-01
1.000000000000000000e+00
-3.150211513701016708e-01
-1.000000000000000000e+00
-5.327894843043711193e-01
1.000000000000000000e+00
2.241904887449990835e-01
-8.471327801513299782e-01
2.392559870579333281e-02
-6.537452787100627161e-01
7.067208009626881893e-01
-4.454636000714353172e-01
1.000000000000000000e+00
-3.261794951045124957e-01
7.756601681221554356e-01
3.603017155584216646e-01
-8.451246603383888445e-01
-9.494790498164726866e-01
7.359191196220520315e-01
-1.449019612050017614e-03
-3.218269878379748095e-02
7.742141864261947726e-01
9.804085690914600137e-01
-9.476394099714607888e-01
1.017117655291747413e-01
7.915762472269822769e-01
8.403094461701587914e-01
3.876968562674377727e-01
-1.801290640477546390e-01
-5.519288808362863286e-01
5.356735761202549018e-01
-7.068555192238704654e-01
1.125692174539303370e-01
-8.257230684174108326e-01
-2.724001682460372997e-01
6.143899759991147125e-01
1.000000000000000000e+00
2.773065566490434675e-01
-1.000000000000000000e+00
1.000000000000000000e+00
5.928359971469529532e-02
9.845228784521254939e-01
-1.000000000000000000e+00
-1.000000000000000000e+00
-7.234984212013495508e-02
-1.000000000000000000e+00
-4.752971732890757250e-01
-1.000000000000000000e+00
-4.844281115585737929e-01
1.413998540984011676e-01
-2.346914594613597749e-01
-1.589685216262443079e-01
-7.701008453972550960e-01
6.971971372283458646e-01
-1.570970871644546407e-01
3.164891469838054250e-01
3.335711101945640911e-01
-6.950169343862659943e-01
1.000000000000000000e+00
6.476307985153947344e-01
-1.000000000000000000e+00
-8.666938239140435929e-01
-1.311327139020465882e-01
-7.662437115036132562e-01
-8.569909315076670309e-01
2.206015245358469157e-01
1.000000000000000000e+00
2.279611508349402849e-01
3.503984676316739266e-01
9.801185111674459716e-01
2.671243481261517672e-02
1.000000000000000000e+00
9.891247194560439659e-01
4.249540271338469455e-01
-2.358277184560862716e-01
4.863286973351088616e-01
7.067969434564300713e-01
1.000000000000000000e+00
-3.396616174217320649e-02
-9.278506485698763129e-01
-9.282820964082207915e-01
2.390164626942825610e-02
6.067696472664571017e-01
-6.706812100937952215e-01
3.737963540589759326e-01
7.808511333819723177e-01
2.340727790952045195e-01
-2.403016477050668939e-02
-1.000000000000000000e+00
-5.943990356920971774e-01
-9.642837663550897220e-01
-7.977026286833734936e-01
4.988677671795183066e-01
-6.821807138847963969e-01
1.000000000000000000e+00
3.927933869191539973e-01
-1.000000000000000000e+00
5.684535852821652746e-01
4.739280052287808687e-01
3.069249187946739843e-01
1.000000000000000000e+00
-1.616258921210177724e-01
6.601997158079122574e-01
-3.673326251439340551e-01
6.311473133754298415e-01
-1.000000000000000000e+00
-1.000000000000000000e+00
-7.721830030035216064e-01
-1.000000000000000000e+00
4.360864753256425974e-01
9.589884101794451388e-01
9.659379578248842302e-01
-5.491684591975464214e-01
1.000000000000000000e+00
5.765448846646276104e-01
-3.712120283775985352e-02
4.499391284839292515e-01
-1.962509130143632041e-01
-6.528859688982791010e-01
-2.453058744631765320e-01
3.701284464623152415e-01
3.742244498524401886e-01
2.634881690477134941e-01
-1.000000000000000000e+00
-4.779738608313426340e-01
-1.000000000000000000e+00
6.680280881725607356e-02
1.000000000000000000e+00
-4.089049129341354449e-01
-6.136152515004755781e-01
-3.483560811560314496e-01
-2.124506543870076092e-01
-1.000000000000000000e+00
-1.000000000000000000e+00
-8.317300241179516052e-01
-3.627636811648816684e-01
-4.750811775333045883e-01
1.556995270003697640e-01
-6.502560052760062437e-01
3.455310138604563708e-01
3.532092994610476766e-01
4.714655449682496613e-01
-1.000000000000000000e+00
2.060528577769304981e-01
2.849683821702872488e-01
3.128679290889492259e-01
8.463351695756415882e-02
-8.546942756486810566e-01
-3.551156207374175366e-01
1.000000000000000000e+00
-4.364565727987603228e-01
2.190914693327966067e-01
-6.045877931214916901e-01
-7.334044537347967907e-01
-2.176918565183626475e-01
7.454519644485126939e-01
1.000000000000000000e+00
-2.250378976386641083e-02
-9.628091932622762084e-01
-4.116455469872914441e-01
-6.258351203968619547e-01
-8.774172983202972453e-01
-5.139458054877670268e-01
2.032950322075245397e-01
3.383837690676183563e-03
-1.000000000000000000e+00
3.537420706372121915e-01
-3.885228572621335363e-01
1.000000000000000000e+00
-1.000000000000000000e+00
6.893421050752576718e-02
-1.149315414374511568e-01
-1.000000000000000000e+00
-1.000000000000000000e+00
1.000000000000000000e+00
1.000000000000000000e+00
8.602239766053088044e-01
6.970403291789672995e-01
7.566257964753050347e-01
4.666983188968655549e-02
2.485988964453548777e-01
5.417651100140324916e-01
4.155964230152153771e-01
-3.262568701026343221e-01
1.000000000000000000e+00
4.577935425532676517e-01
8.273655698601062314e-01
1.000000000000000000e+00
3.683950733889806983e-01
-3.328572963800088824e-01
-4.104095394072274638e-01
-1.000000000000000000e+00
-1.325796299811435874e-01
7.888553904638531122e-01
-5.729029624774479856e-01
1.000000000000000000e+00
4.002308865216170491e-02
-9.146443967499712224e-01
6.249443855301151096e-02
1.300262634667630479e-01
-1.000000000000000000e+00
7.236934919192044013e-01
1.567869450014303667e-01
1.000000000000000000e+00
-1.000000000000000000e+00
1.000000000000000000e+00
1.480263071833760602e-01
1.000000000000000000e+00
1.541177889655955258e-01
2.371376682316411189e-01
-4.348644685678195176e-01
-2.390534623889655763e-01
8.874143856016105669e-01
3.519720500754051629e-01
-1.000000000000000000e+00
-3.112803950397319830e-01
-5.909280406742651870e-01
-2.775700927468212620e-01
5.160504585005915024e-01
-6.279254719483471359e-01
-2.589176386784032835e-01
-5.619902432949116511e-01
-1.270304920539877536e-01
-1.804029848478143350e-01
-8.729688266729148660e-01
6.983710285322107802e-01
1.000000000000000000e+00
3.316197593771054719e-01
1.000000000000000000e+00
-6.676262811648068229e-01
-1.000000000000000000e+00
-1.636760945367271014e-01
-1.000000000000000000e+00
-1.457312509639918652e-02
3.529870313687540895e-01
3.224049819383479898e-01
6.788351987522762698e-01
-4.440458191696585732e-01
-1.750829226790814319e-01
-4.296721555836150452e-01
-4.633699984367018465e-01
-7.330810673185091941e-01
3.991724596053610741e-01
-1.000000000000000000e+00
3.271404083876568447e-01
1.846441562210910381e-01
-7.897092314566380722e-01
5.254605236799880785e-02
-4.797147151935807208e-01
5.303195842839032448e-01
1.951678410856718116e-01
6.241672856178701601e-01
4.759226815313050696e-01
2.773128614866396391e-01
8.925454633395096815e-01
9.381846359341757813e-01
2.892877960315272112e-01
3.776729951550658604e-01
6.436937288917914390e-01
6.165756449331474265e-01
7.284914739734905664e-01
4.876350835155998098e-01
7.685524307570639202e-01
1.074466050135845924e-01
7.780884420577655058e-02
3.650253535574670694e-01
3.871878179572521561e-01
2.477177306467255313e-01
4.199150262242527520e-01
7.095430103820052903e-01
2.016699067637809928e-01
1.913653843075024119e-01
4.230878044925968917e-02
3.209282804948458412e-01
2.935702748652641025e-01
4.294040099045893788e-01
7.275183369841961567e-02
1.583951833926106612e-01
5.513409759546344935e-01
8.504551322336258989e-01
1.737188969373797687e-01
9.289819715061796435e-02
4.026291261858366832e-01
4.712059525693461648e-01
5.332656162228738284e-01
3.109442801550240110e-01
1.000000000000000000e+00
1.959536725150950176e-01
7.785448404140821177e-01
1.000000000000000000e+00
4.051357291983975761e-01
7.367058122339699144e-01
5.720982224319004494e-01
6.588337692343817498e-01
9.108094064755182240e-01
5.394193578325848781e-01
8.432947230617160450e-02
2.986025039936812675e-01
2.658322130957826435e-01
9.134237392594063421e-02
3.340234028574796676e-01
4.583227858179860226e-01
2.669863240083401590e-01
4.528997686295456182e-01
6.084121837880095418e-01
7.370767128877072638e-01
7.207244959379077720e-01
9.866014374795581965e-01
1.047250767150168932e-01
5.348383917560073364e-01
2.893104462025935519e-01
1.196322204645469123e-01
7.844514092198179300e-01
1.839682955725258917e-01
9.238662576179961228e-01
4.790541759368023289e-01
9.200619209260331444e-02
1.658684015069733508e-01
7.112249753835625521e-01
2.697362614904548761e-01
6.615031804741755561e-01
7.090239612081408183e-01
7.516689865004774207e-01
6.042990664616350038e-01
1.586167933629825111e-01
1.646130999145152263e-01
3.850224736134161274e-01
7.264572183641374026e-02
1.211723509776197194e-01
6.732021229300116927e-02
6.298217957959645341e-01
1.000000000000000000e+00
5.172963317698711094e-01
1.000000000000000000e+00
4.765370594012152683e-01
3.993126920494126653e-01
2.803855312952889256e-01
4.549645972348755341e-01
5.160194144790303250e-01
3.341138260575088892e-01
3.598177002401078961e-01
2.638869252234127827e-01
6.283360786045398827e-01
1.857477441163355170e-01
3.031168351141566575e-01
1.129540115129037403e-01
8.468558544445965452e-01
4.076266156482946657e-01
2.526417455202326079e-01
8.425719947994674275e-01
7.361377381182618307e-02
9.502207269231391917e-01
7.711529608238061329e-01
3.331242578762769191e-01
3.078893588830703965e-01
2.413052401943396041e-01
8.078238829875395988e-01
9.140490706507445884e-01
6.414535039857102161e-01
6.014779493933726240e-01
4.353081834597464228e-01
8.180438241910023001e-01
7.145827925965783090e-01
4.445460545410823694e-01
4.324680069589815212e-01
5.851071235386343661e-01
3.540943642852922291e-01
5.388441666669863128e-01
2.691994106858752733e-01
1.196037491939070802e-01
6.580137901661586852e-01
7.915062042927937247e-01
4.127441797388423650e-01
7.372872496209108562e-01
4.779958761587957961e-01
9.077626635138937861e-01
6.180197883200856668e-02
6.933103395430587623e-01
8.812894467373599827e-01
2.863204923108790267e-01
1.000000000000000000e+00
6.006351500215533212e-01
3.463765193679607668e-01
1.000000000000000000e+00
9.441793276693231096e-01
7.695011429556669613e-02
3.938953118894195082e-01
2.199058458042826292e-01
4.885065186051454345e-01
6.886408623905523330e-01
4.798520586239733432e-01
3.414526030564281611e-01
5.926652741354498932e-01
1.446504749140471724e-01
6.987020962644499011e-01
7.210055195999147681e-01
2.604775000089662451e-01
6.797956579225332696e-01
3.314132303088300202e-01
4.126653254227164447e-01
1.893432498480523141e-01
7.288147465027757788e-01
7.351792657505119843e-02
1.813957062745010507e-01
3.491113734790812773e-01
2.652392352606505188e-01
5.267169835081516593e-01
4.312004130580766037e-01
3.531391553144677120e-01
4.219203101388419030e-01
2.956923458197108778e-01
9.436122436837933725e-01
1.344499407169802430e-01
2.404382429275544741e-01
1.498269768664158841e-01
1.099563435559675617e-01
2.047532773823289021e-01
3.963780030738885962e-01
1.640707138642671925e-01
3.779776720480835794e-01
3.157009437174712607e-01
6.660429490380547213e-01
3.197162205104261412e-01
3.822467367580334452e-01
2.618427496093865825e-01
1.000000000000000000e+00
1.843520551307943622e-01
3.034554658647532488e-01
4.670591726236412722e-01
8.754832175090374591e-01
3.900527839583819989e-01
1.000000000000000000e+00
1.173578080573216137e-01
3.909367615958772024e-01
5.254135414401589488e-01
5.515933460648060338e-01
8.602945077852187927e-02
3.163416834345442186e-01
8.838865980718287885e-01
2.026089317069397766e-01
5.318903904617073852e-01
6.316686659710121221e-01
6.825160348768809504e-01
4.351855390943961677e-01
3.043249190251209879e-01
6.401827270221005506e-01
7.800165076301261990e-01
2.046962942155228782e-01
8.871562607284798341e-02
8.138438731059401965e-01
8.203611235017028713e-01
3.320314863312086584e-01
2.056160702883626512e-01
6.171549164823771916e-01
1.869753952677455644e-01
1.972397951117862702e-01
2.774751452037345634e-01
5.871834051138581645e-02
2.800193403129138670e-01
4.091875903277231719e-01
1.000000000000000000e+00
3.664227776261402836e-01
4.425928626361330664e-01
1.000000000000000000e+00
5.677720655677004347e-01
1.000000000000000000e+00
1.000000000000000000e+00
8.654420957284062466e-01
2.607639606051432857e-01
3.608970663505290388e-01
1.785925328471013596e-01
7.883505394802452493e-01
4.953254138950955454e-01
3.522090561570696554e-01
5.737287385249517646e-01
2.424381913976703107e-01
7.513481720443890843e-01
8.548403166850140900e-03
1.014480214591476082e-01
1.046024311802343648e-01
5.785187000617957320e-01
3.021303235165315737e-01
4.945239836575646142e-02
1.465617802084032695e-01
1.801552435326336521e-01
3.675052925088732048e-01
3.616542474822332515e-02
4.599556583415576050e-01
1.612102406496930540e-01
1.587677939136005467e-01
3.230098088454676497e-01
6.753242431621281350e-01
1.937404554310344362e-01
8.359407583634685945e-01
4.519973055017588170e-01
3.045524760745568216e-01
4.220406800683874082e-01
1.000000000000000000e+00
5.575412872125294905e-01
4.220888455938215933e-01
9.752645317534904823e-01
7.016084629292949904e-02
1.753251868184219353e-01
1.000000000000000000e+00
2.263331282231537955e-01
6.575975233311973644e-01
3.014125705340657269e-01
3.227549595396007609e-01
2.199941351509515086e-01
5.360013302824958581e-01
7.311953599311222796e-01
1.338665124202369494e-01
1.000000000000000000e+00
7.064785271203888328e-01
