9.982478561818730611e-01
-9.947202119323497183e-01
-8.809917655614353249e-01
-9.612202943986105641e-01
-9.953789833078456883e-01
7.299243441628777695e-01
8.894184615541423922e-01
-9.329847770846702026e-01
-9.499342712467383487e-01
8.982889588165279271e-01
9.606894716161283876e-01
-9.872093782612243462e-01
9.930846734458191882e-01
-8.730155699800844493e-01
-8.331937970276708239e-01
9.926923455145009179e-01
9.517332996219483032e-01
9.610802720852608116e-01
9.959055939887060394e-01
-9.165577017124827419e-01
9.523222503392114735e-01
-9.755894644286573492e-01
-8.399839263491195585e-01
-7.142498462966178074e-01
-9.896858417332854430e-01
-1.430965433132768139e-01
-9.893467549350475343e-01
9.797891301189094460e-01
-9.700078852918276873e-01
9.731253461011662997e-01
9.901431323239037186e-01
-8.167467656402083165e-01
-9.872186907825026836e-01
-9.602418876997762531e-01
9.652024483232238827e-01
9.867261441951955536e-01
-8.581447780234466860e-01
8.295614010286009865e-01
-7.549402509655691595e-01
-9.656565223735102954e-01
-9.536928085397415877e-01
-9.979237754104918201e-01
8.457721964045181728e-01
9.926616765105328311e-01
-9.964563045506720229e-01
9.422613641595213307e-01
9.954766620089081641e-01
9.971039912578193443e-01
9.067184734796756018e-01
9.554568552445312779e-01
-9.981588742281941595e-01
-9.986211281387954442e-01
9.204823316828216750e-01
7.871069417601652685e-01
6.908663715102790759e-01
-9.615457510194802548e-01
-9.615311373026083075e-01
-9.552042159505336194e-01
9.993691884508445478e-01
-9.939005647777663377e-01
8.181476677223036287e-01
9.281705099513042345e-01
7.838254515945481948e-01
9.945532897684694618e-01
-9.204436381927205701e-01
9.063819996224194986e-01
9.878824505037121506e-01
-7.422330824658414095e-01
9.658438737225989446e-01
-9.950818166916183261e-01
9.898222602489786803e-01
9.734183585454267984e-01
9.937263148956119174e-01
-9.499855310881927251e-01
9.961994172424131211e-01
9.493584883767433036e-01
-9.921970307092649044e-01
-9.835828187049002747e-01
-9.750454340354396399e-01
-9.727793568714263595e-01
-9.942150862553541524e-01
-9.864821734488672389e-01
9.913037039816041673e-01
-9.590224848950078540e-01
9.697800320190537171e-01
7.415865147933797807e-01
8.335931838778188885e-01
-8.272556608363867969e-02
-9.381221546657176891e-01
-9.265651748056712433e-01
-9.405119039335837483e-01
9.796389048536595645e-01
-7.878875118927040067e-01
9.895591339540632525e-01
-9.555542168443873496e-01
9.615281417022168986e-01
9.993762185696641875e-01
-9.427690012659835084e-01
9.899364945777725522e-01
9.978286489348766608e-01
8.200240673931751267e-01
9.902450429980469426e-01
9.905808824654129818e-01
-9.556724031926454588e-01
-9.576503472323489863e-01
8.308791236614783138e-01
9.969955368186863565e-01
-9.978238892610056254e-01
-9.678688251823523991e-01
8.974380101631380668e-01
-9.929354572362233400e-01
-9.663673525750432480e-01
9.988213459944260686e-01
9.898062314589902710e-01
9.891202869793844776e-01
9.978942848233616214e-01
-8.769616063206605583e-01
-9.906091290994631926e-01
9.284876803230649456e-01
-8.928458203858128384e-01
-9.461557255543158185e-01
7.361935170850897325e-01
8.655073023100680052e-01
9.849626951861020219e-01
-9.387526370395838926e-01
-8.902347162547472603e-01
9.878692563041877595e-01
-9.266482496100123534e-01
-9.861359823260830160e-01
-9.372425348703454784e-01
8.154472590648059738e-01
-9.838434857281492807e-01
2.161207225638369644e-01
9.378025240165508425e-01
8.350567600821952041e-01
-9.929133506322047609e-01
8.277979604620466780e-01
-8.647333471314021525e-01
8.989487732475685000e-01
9.916165734550262956e-01
-9.737113696932651052e-01
9.089564784106795026e-01
9.112962609799365454e-01
9.821555091516642744e-01
-8.616609064745774926e-01
9.910719451320407769e-01
-7.356503378864448495e-01
9.411595083395402073e-01
-7.216008971933012273e-01
9.314760386543439186e-01
-7.167504612315569457e-01
9.904328562330431129e-01
-9.827764971258432514e-01
7.865028973489351927e-01
-9.948382803906477001e-01
-8.578393934059969084e-01
-9.899848449815353835e-01
9.330541609207283482e-01
9.905617060972629062e-01
9.825956627762753026e-01
9.336049976151525875e-01
-9.902044434671628537e-01
8.912260861781249321e-01
-9.768468412602631101e-01
-9.960603987058461728e-01
8.884281360540483563e-01
-9.904210681921166159e-01
-9.373700605060136803e-01
-8.658949006541262206e-01
-9.381314213615836728e-01
-9.356185295367529520e-01
-7.752181772519013414e-01
9.269356339857979243e-01
-9.856637993457190161e-01
9.879883086421842320e-01
-8.956859542379088657e-01
-8.143789860572421269e-01
-9.836374111759319527e-01
5.653321621864746405e-01
-9.842488505824353862e-01
9.610794953885296588e-01
9.289564051977363679e-01
-9.908848703037612671e-01
-9.359392965285571186e-01
9.325570781848421253e-01
8.250555463403507206e-01
8.812874459754050926e-01
-9.994539281732630620e-01
-9.876285082776884439e-01
9.425779342870466149e-01
-9.383256152956964691e-01
-9.835316687732704732e-01
-9.949609660081729645e-01
9.964773376581349540e-01
-9.198178246831887339e-01
9.919838101963699417e-01
-9.904864376082219701e-01
-9.571605482894964823e-01
9.820918886118250590e-01
9.326818414685611458e-01
-9.251050054838982906e-01
9.476222416016767403e-01
-9.811946788608842951e-01
9.918576745794394078e-01
9.776032124083949837e-01
9.594893285331356214e-01
-7.435054156993528007e-01
9.018069083303713596e-01
9.737939222690616958e-01
-8.553163826094623001e-01
9.911370710328533118e-01
9.956592208243151276e-01
-9.517438241733674475e-01
5.917897894194676933e-01
-9.982776172716754104e-01
9.502339244484223624e-01
-7.904449080265598671e-01
9.157360651996374612e-01
-8.593398041091422357e-01
9.864654996167139256e-01
8.599900497507856345e-01
7.506830476712806899e-01
-6.292052998979098533e-01
9.838758039312591741e-01
9.651492899254190405e-01
9.865708272302585735e-01
-9.579472170211591475e-01
9.887259096196301389e-01
-9.857521972139873245e-01
9.900512164112180713e-01
-9.476359615457380370e-01
1.569673169443314698e-01
9.849245929451215797e-01
9.840000507709972810e-01
9.513448930481251953e-01
-8.144337929689857702e-01
-9.773835629360019261e-01
8.590697403978009294e-01
-9.926960902764638828e-01
9.438307361597573220e-01
-9.901154395828273280e-01
9.253095317830990485e-01
9.983343698326898608e-01
9.944835039213550942e-01
-9.559027763920502352e-01
9.941108104577180971e-01
-8.746183395797382243e-01
9.919213508212012531e-01
9.928004140505566344e-01
-6.564756008907018936e-01
-9.111125222444506067e-01
-9.024480401894129367e-01
9.857949895014868069e-01
-9.813441757095080487e-01
-9.871681321977616719e-01
-9.902532500361433954e-01
8.695013634979098516e-01
-7.163724921001602963e-01
-6.644855260978341782e-01
-8.221501814899838667e-01
-9.729973618998314366e-01
9.902393284347058566e-01
-9.946962540999408908e-01
9.391481207924676777e-01
9.847866575234103248e-01
