-9.769929496445017847e-01
8.831245078026350726e-01
1.000000000000000000e+00
-9.311822927282986662e-02
-2.039235130157326659e-01
1.000000000000000000e+00
1.000000000000000000e+00
9.954530823658271910e-01
1.000000000000000000e+00
-3.738882630072020569e-02
4.375846812140442299e-02
3.746566325963011090e-01
-1.000000000000000000e+00
-5.569435337924169005e-01
1.000000000000000000e+00
1.317870913620660944e-01
8.037455065617071792e-01
-1.000000000000000000e+00
-1.000000000000000000e+00
8.082931840113483091e-02
4.526956262870979186e-01
-4.859640333796373390e-01
1.000000000000000000e+00
7.756763023831965143e-01
-1.000000000000000000e+00
-1.355854756889071089e-01
-9.223355162743744895e-01
-2.864199038330316749e-01
-3.196176625695603124e-01
-5.763504573150990407e-01
-2.439361500882944733e-01
1.000000000000000000e+00
4.162761345216020592e-02
1.000000000000000000e+00
-5.563104037365542709e-01
-3.270641431006059974e-01
-3.508253859176408973e-01
-3.970866480278962274e-01
6.416848843573248473e-01
-2.529190016862460366e-01
-4.889371638914055129e-01
2.037076522247472377e-01
1.000000000000000000e+00
2.966191772373516500e-01
1.000000000000000000e+00
1.372242970683624774e-01
7.067371883918861508e-01
-8.100739478548018013e-01
1.000000000000000000e+00
-1.806874682990631253e-01
-1.000000000000000000e+00
4.474749968333779360e-01
1.565082675083896979e-01
-3.502351484329593867e-01
-5.246434127656911528e-01
5.407485633620867649e-01
-9.639841375259184941e-01
-5.200812083447629852e-02
-8.099886859366222103e-01
7.836814596783212572e-01
7.051785425929208984e-01
-9.167758967644705492e-02
-1.000000000000000000e+00
2.597198386720375729e-01
-7.082003187665072419e-01
-6.853035423363922352e-01
-2.190761052376639928e-01
-6.293575429263508214e-01
2.811588958777890279e-01
-1.387961614933515553e-01
-3.337334539878030193e-01
4.104620063516791206e-01
-2.284051785872912022e-02
-6.151284224592521443e-01
-2.375707034310423071e-01
-2.237280990271321435e-01
1.000000000000000000e+00
4.035078398986235992e-02
-6.097427228184404413e-01
5.295462425553095764e-01
2.573244328443892170e-01
6.835217435150100496e-01
-8.982565356348384267e-01
7.347058413229593521e-01
-3.798699942891103354e-01
-7.442282735274567962e-01
3.962153387321442066e-01
6.296971128388647587e-01
7.634475272608787222e-02
1.000000000000000000e+00
-3.812574200931284629e-02
3.438879337768129263e-01
-8.972373424422861454e-01
-1.000000000000000000e+00
-8.346500247770887171e-01
-1.000000000000000000e+00
-4.366356534103837950e-01
8.327371686918715321e-01
-5.275040663629220195e-01
4.042011069378800281e-01
7.407305218916718781e-01
-4.068213922670156357e-01
-9.141811018573420267e-01
-9.509679501270550395e-01
8.287989497512768811e-01
-1.000000000000000000e+00
1.484208915598269063e-01
-4.135058059269379749e-01
1.000000000000000000e+00
-7.170842673432713532e-01
1.000000000000000000e+00
8.707217555361366212e-01
-5.230435240028907112e-02
-3.663111216484807864e-01
7.441626736506412598e-01
1.875669552657966699e-01
8.454576629475197835e-01
-1.000000000000000000e+00
-2.185388655435666905e-01
-9.338550648561817769e-02
3.785034965861869827e-01
7.844160757017654140e-01
-4.409952176873157548e-01
3.710047176956121628e-01
-6.267065122110698772e-01
-8.778507786342842900e-02
2.766955149459817687e-01
2.348220871972091506e-01
6.520808744942069302e-01
2.089228216798515170e-01
2.973865917661481229e-01
1.000000000000000000e+00
1.805492526336921477e-01
4.776947919265749354e-01
6.728953277443355807e-01
8.287644332627432942e-01
-5.289336716166104235e-03
-4.676089965556360362e-01
-1.000000000000000000e+00
3.649022235341581322e-02
-7.004968074584986271e-01
7.206448018828865987e-01
1.404514770795743384e-01
-1.000000000000000000e+00
-6.448115141046850685e-01
-4.583160099798533893e-01
7.356053529590862450e-01
-1.000000000000000000e+00
-2.464822830259100761e-01
4.472744380027846578e-01
-5.720687259876775510e-01
1.000000000000000000e+00
-2.510708163984022856e-01
-1.000000000000000000e+00
1.000000000000000000e+00
-7.265197265573589691e-01
7.495914545656564565e-01
3.145443058424440275e-01
2.902446676557349781e-01
5.079848482510069818e-01
-1.000000000000000000e+00
8.361777763274698128e-01
-7.531299577903999287e-02
2.032647398694696905e-01
-5.804900804686391469e-02
1.000000000000000000e+00
-8.487143019087113327e-01
-1.558527193774674469e-01
8.611480629708996304e-01
-2.641850074636826196e-01
1.535076549993715234e-01
8.060833301222255498e-01
-3.606561529036437230e-01
-1.607943054202126965e-01
3.447128577447754472e-01
3.109714769549603575e-01
3.717219694537566843e-01
3.924741197424441164e-01
1.000000000000000000e+00
1.000000000000000000e+00
3.904964172591680605e-01
-2.775302702491875273e-01
7.360758837978491620e-01
8.956575513692651702e-01
-3.630167312404261049e-01
5.439693821406279550e-01
7.840693331049369830e-02
5.345968960628787459e-01
3.280472971937629656e-01
8.911069677972043301e-01
2.443580719791247913e-01
-8.539986304974621634e-01
6.135133973933115659e-01
-3.946571217164987488e-01
1.576145120760131801e-01
-4.431281178966805512e-01
-6.891677068589491251e-01
2.341255406310167597e-01
-9.209703452116368982e-02
-1.890127156450840118e-01
1.000000000000000000e+00
-4.574316689859843632e-01
9.757471982750278716e-01
-1.246665169446796728e-01
-5.082771521086948407e-01
-4.970265588345023078e-01
-1.000000000000000000e+00
2.899560009973031205e-01
9.355257766263641583e-02
-9.154707114065394058e-04
6.243467014061271358e-01
-4.541259097981813486e-01
1.000000000000000000e+00
6.807074604283813724e-01
-3.140299385204181060e-01
-2.514368005347262791e-01
5.962829531464193256e-01
-8.060005759741928344e-01
-8.116895624565643175e-01
6.053589466140327224e-02
-5.382995294508188255e-01
-2.574837635933119317e-01
9.593296209348163295e-01
3.817585496501127995e-01
4.474097102317600161e-01
1.318682892166187504e-01
-1.000000000000000000e+00
9.425330319652788225e-01
9.360259948291000942e-01
-7.878439668975720789e-01
-4.929598488869171846e-01
8.755494412897646406e-02
-1.762632529081975263e-01
1.000000000000000000e+00
-1.000000000000000000e+00
1.000000000000000000e+00
6.807917418906626050e-01
6.052608248514936840e-01
-5.036916519394243341e-01
-1.000000000000000000e+00
6.149138313569202374e-01
6.528080655227352924e-01
1.000000000000000000e+00
-9.541225671451987467e-02
-3.435797051070591523e-01
-6.453952857808094024e-01
2.653912928596520726e-01
-6.949164528837799004e-01
-1.000000000000000000e+00
1.000000000000000000e+00
1.000000000000000000e+00
-3.770326691816705544e-02
1.000000000000000000e+00
4.953086099940355314e-01
-1.000000000000000000e+00
-7.298498328004421332e-01
-4.134832438043477554e-01
1.000000000000000000e+00
6.892724623817878538e-01
-2.900213297672318280e-01
-3.910819752141058148e-01
6.037389645920433479e-01
-1.342774820481763554e-01
4.917728227896278614e-01
4.782060295466993294e-01
4.404316218579844566e-01
3.699148597326678001e-01
7.744180870264508743e-01
5.793070491143509360e-01
4.786653782857461792e-01
5.001609811841299935e-01
5.608978016945650458e-01
6.243094312749549735e-01
8.966625706033101162e-01
2.673996667171217867e-01
3.975713348358687060e-01
3.314008836325740837e-01
5.878751764177907457e-01
4.516692797673441118e-01
6.101133212969688246e-01
2.464412183977234549e-01
4.414247548538209887e-01
6.064582486437350983e-01
4.140532505860531343e-01
6.127943502036736767e-01
3.148743075766591848e-01
3.839080272107810998e-01
6.603926770756082254e-01
5.253559256477715600e-01
6.735686993919548504e-01
5.207357801568860411e-01
5.816436619320355383e-01
5.418761926305157850e-01
5.993377631374139369e-01
4.153722829801413385e-01
4.026421317319618942e-01
3.453744240164662860e-01
3.547680581183573212e-01
6.489795940817493225e-01
3.292646560616386275e-01
3.745009579640094510e-01
4.743471649300721737e-01
3.598385174336717895e-01
5.084449894427981453e-01
7.555811055963657097e-01
3.884778229284298612e-01
3.791793109135668804e-01
8.338107688656342109e-01
6.462376599006400824e-01
5.100413970558154153e-01
3.815468402350796207e-01
4.074074799947717263e-01
5.289599060040152123e-01
5.075562623653187000e-01
5.185092202401212491e-01
6.265527573444404918e-01
8.681185556371124878e-01
6.071420369705097242e-01
4.305841806381282555e-01
3.985253077877824457e-01
6.854875824488764202e-01
3.365906387267815769e-01
5.227684270247393572e-01
4.111740010626017128e-01
3.647677157589742647e-01
3.613567364794281755e-01
3.238918854527629843e-01
5.376270109666738684e-01
5.417090115032234809e-01
4.533043349563297131e-01
3.087981914230708558e-01
4.029451665298203755e-01
4.999985455017330604e-01
4.805504118679830849e-01
6.420584805827399544e-01
5.498915504091612672e-01
7.053657796129919610e-01
7.125846096404446772e-01
4.306899320588596924e-01
7.388561710846053288e-01
3.768720405911307747e-01
4.097559796523055353e-01
4.488195836117035431e-01
2.781855868209746063e-01
7.483812241919753916e-01
4.492284740337644799e-01
3.556223092696796373e-01
6.104684142395044866e-01
5.942403368171085276e-01
5.639179158854320528e-01
4.131690090317741149e-01
6.605933173034969075e-01
4.126412390248934137e-01
7.588165585737588481e-01
5.655441930446540866e-01
3.704204206464933868e-01
3.546373538685566040e-01
5.895190707304609479e-01
6.082903160778728724e-01
6.334343488874741857e-01
6.489546996473501972e-01
6.757877383912869185e-01
8.875257708503109244e-01
4.472264619840454758e-01
5.086857006497175204e-01
4.676019947662883869e-01
4.997399317453667944e-01
4.242648494680228977e-01
6.218093546065850408e-01
4.147050613428481802e-01
5.628495754258983075e-01
4.393240522104762680e-01
5.011185668133160132e-01
3.673911814577114909e-01
8.454190645168730978e-01
4.442673742698413641e-01
4.318927413414004324e-01
2.836889264213666717e-01
9.238946958404917753e-01
5.152773541468748109e-01
5.270760856576759412e-01
6.364905283144243198e-01
7.917952429561648797e-01
5.374755972278619787e-01
3.842255873712104308e-01
4.628568599193719213e-01
3.816651370788140540e-01
4.864163241718006403e-01
5.627397354015349906e-01
6.040558568404628126e-01
5.190821028618067823e-01
6.018449891825037312e-01
4.519811992778204890e-01
6.807685512718175680e-01
3.678914584722099423e-01
4.838457636692955477e-01
6.079421010380392509e-01
5.475757667735778877e-01
5.479448301955605061e-01
3.957763310399485257e-01
3.140316189274955372e-01
4.975945125400514923e-01
4.473687764526088628e-01
5.968938391918729991e-01
5.505156582828671930e-01
5.999555816242577722e-01
4.870909986044981710e-01
4.728170400889543101e-01
5.620766446214785494e-01
3.256111695612150525e-01
4.762781444520974294e-01
5.400499473878752621e-01
5.482475630557611668e-01
3.712046736591126384e-01
6.406743194135557928e-01
4.137074523627687350e-01
3.954425861084802651e-01
3.937482093375233583e-01
4.484344924810061972e-01
6.173452435913112657e-01
3.049965520942150565e-01
5.317763064956175789e-01
5.771604040770080823e-01
4.869549981704777708e-01
5.245895852423689831e-01
5.116788658642155152e-01
5.134301916094619056e-01
6.163759619365265507e-01
6.750290162670886662e-01
4.824259147992328578e-01
6.980607706678876312e-01
5.419700966872393888e-01
5.947959035653611615e-01
3.873719103022311705e-01
5.397580910954904443e-01
4.822734314894435159e-01
5.717502498290752966e-01
4.231587887813029747e-01
2.728554067329482247e-01
3.128052382177350932e-01
6.349556460231040589e-01
6.072908658094194889e-01
8.459776108376464432e-01
5.043520733349478036e-01
7.090911967525839188e-01
5.829247215596690124e-01
6.477659545017722120e-01
5.277461824437622573e-01
4.907521105573314779e-01
4.450289180678242418e-01
4.865601526310785463e-01
4.608585048045473198e-01
5.927371718179371696e-01
5.728076116800152606e-01
8.135646063429320396e-01
3.559378469081708185e-01
5.104102034828804646e-01
5.011853623126379942e-01
4.851516841779581202e-01
6.243397554471767918e-01
3.642692602717375605e-01
4.534808411086931890e-01
5.580034256712186336e-01
5.139670023921373287e-01
3.650003495331732850e-01
4.149419661609961563e-01
5.808444768594722696e-01
5.138851357967725297e-01
4.062306421815349289e-01
6.555712752714586422e-01
4.720849912975207396e-01
6.767699799756717871e-01
3.156248727676215782e-01
5.652176644339722555e-01
4.150755672008364927e-01
6.650638816857686875e-01
5.333330204936407304e-01
7.317966962233675154e-01
6.444574502892471690e-01
4.972416840144268102e-01
5.074365834242364759e-01
4.757141933149831026e-01
3.325140358011459685e-01
4.348136694369708066e-01
3.611348961065954377e-01
7.796650768139559151e-01
5.324153929241087768e-01
4.790840005992412221e-01
5.534795633678092353e-01
5.217782440173797109e-01
3.142382626422024483e-01
6.042883180602548476e-01
5.831813269258664389e-01
6.349061076603010889e-01
3.769478831628451654e-01
3.688142376035246084e-01
5.391143283435564371e-01
6.824772542753788640e-01
4.495815970608854628e-01
5.132043798540878443e-01
6.152441048540718826e-01
6.471090565029014030e-01
7.207161945171802753e-01
6.255576257861853451e-01
5.013364283047967440e-01
4.134789604501259430e-01
4.877178770976280386e-01
8.864019554616664465e-01
5.038086334655227372e-01
4.284396388548094570e-01
3.476231857422957261e-01
4.176544770653252137e-01
4.830997242915427425e-01
3.300282047154835530e-01
5.211965508220683940e-01
6.360794932088675857e-01
4.337825257420351299e-01
6.541687515252186946e-01
5.446271483943350145e-01
4.958971592225435709e-01
5.390902776690704723e-01
4.544990027862217952e-01
4.171073973623725673e-01
6.401658733520086964e-01
4.200817339326299860e-01
4.961729296677923617e-01
3.849632701882146346e-01
5.289932135049391082e-01
4.308741462932059729e-01
4.676241726577268776e-01
