-2.062297065075789360e-01
6.788184549527813416e-02
-2.199573005090693922e-01
3.254158072074496422e-02
6.709765476532239536e-02
2.480703123929782761e-01
-1.189241197200058622e-02
-5.888993405827387395e-01
-4.164721056299544588e-03
-2.249815924467604145e-01
8.810023575325476308e-02
2.592889117156029766e-01
1.202141979374413416e-01
-1.990051336676417759e-01
-2.635503140373447462e-01
-4.160024492775398763e-01
6.087764411976670509e-03
1.153446328945232219e-01
1.137887383804172953e-01
-1.156775865866019049e-01
-7.345208067659600992e-01
-2.841858631263541879e-01
-2.860885703364173804e-01
-3.938276959188788395e-01
-2.816425915512706379e-01
1.239872931444994109e-01
-1.067364711845579517e-01
-1.333481371775472601e-01
2.073094338072830334e-01
2.191710669090902175e-01
8.246032629777508283e-02
1.964383163889073247e-02
9.520447497200243414e-02
6.470795314829380640e-02
1.987078737769357520e-02
-2.917647533513829661e-01
3.527990411561668371e-02
8.688215380766728391e-02
-2.027255256783727089e-01
-1.215958293552968639e-01
-3.219637365565263254e-01
1.441625460462663821e-01
2.011258786835999901e-01
4.459203532287662336e-02
-2.318820206254667560e-01
-1.447983034384504597e-01
-3.173111687780477697e-01
2.066794407234934239e-01
-7.375591684667642811e-03
-3.618804670738797608e-03
-5.653712206785315164e-01
-5.525257007478039800e-02
-1.243876858817863362e-01
-4.926216382107020952e-02
6.664314254519419778e-02
-3.656939208566614141e-01
-6.111248521890983998e-01
3.957806124697283989e-01
2.659845894863216986e-01
-3.637733593984583402e-01
-6.447918497012174871e-03
8.970982987215618543e-02
3.309019167774097936e-02
-3.993763901741176348e-02
3.330320601934851354e-01
3.887653097195876706e-01
-2.180643285435382439e-01
-3.377311231298035787e-01
-9.598078195032455628e-02
-1.224024555712201201e-01
-2.453475845188179960e-02
-1.586899176897601793e-01
2.741201586194315087e-01
-1.946336861550525543e-01
2.991281397360454064e-01
5.656615936652917287e-02
-3.000384660940268178e-02
-2.818874645943453272e-01
-3.376488373925784492e-02
-3.871407446334104024e-02
-1.816557758312971338e-01
3.664602342937094415e-01
-4.073461862314713133e-02
-3.134480069932435997e-01
-1.566252974939821851e-01
3.691400419944121380e-01
-3.333624697398981374e-01
-3.988134284644237471e-02
1.996544743855173110e-01
2.335037534879742110e-02
1.573946655940272332e-01
2.303955233098716263e-02
4.819365858110206124e-01
3.824286691570737973e-01
2.761939652626779762e-01
6.501263695327073044e-01
2.360236664225980330e-01
-2.075576522344808883e-03
2.179499433641484962e-01
-1.288320805848479356e-01
4.796157539056926378e-03
-4.968627412509655367e-02
-1.756409871365117725e-01
1.328828868148218545e-01
-2.232024829814330952e-02
5.185983176533469630e-01
3.475053655327171032e-01
-2.305962819393583274e-01
3.053929375244089361e-01
-3.333633085139040553e-01
-6.768139017127139390e-03
-5.041555398101595920e-01
4.300305227364330241e-02
-1.301127603643240094e-02
3.636134851906590304e-02
5.225559157612255645e-02
3.628444470054407178e-01
-9.690385774071767766e-02
-4.042620362878947271e-02
-2.641568678172775408e-01
1.269588070015689740e-01
6.421804467083308543e-02
-2.379453514489351853e-03
1.133292193469589426e-01
9.746433980765509264e-03
-2.314228368263251956e-01
6.666831791805626073e-02
-5.603973702932914941e-03
3.725628999768503674e-02
-3.262250941237001545e-01
-7.575934716100897470e-02
-5.260931823206992375e-01
-1.138637603677861848e-01
1.895627842973245381e-01
2.137777150435832274e-01
-1.727381719389528003e-01
-1.844215495059678411e-01
-4.546635790392847265e-02
-7.606296119713511217e-02
-1.213950397700894052e-01
-2.892099368288949535e-01
1.215387967194762608e-01
3.406569441307039092e-02
-1.436375450496784334e-01
1.057838272860368578e-01
-1.833079654071314013e-01
7.892442081496586770e-04
-2.338788724509676120e-01
-2.614624371765993938e-01
-1.857719153486502295e-01
-1.084407347348962103e-01
-5.754316646068897284e-02
-1.960318939946605887e-01
-1.653635672877203922e-01
-7.679374046451432206e-03
8.088286862570141789e-02
-1.591671743697507524e-01
1.863951356048065833e-02
-1.538769266914974398e-01
-5.611465683664227377e-01
-1.477900865616547099e-01
4.222512252385723364e-01
-1.510561038453809013e-01
-3.615935761048024166e-01
2.974869609299553019e-01
-1.621352052140422051e-02
-3.486332446351485537e-01
2.073559877233118742e-01
-1.920722122828779632e-01
-2.599983259584329187e-02
2.421134255869130947e-01
1.254029301307026112e-02
-1.265017246229762360e-01
1.244420222406923959e-01
-3.188645640841455409e-01
1.621664390621496421e-01
-2.954773932132098158e-01
-3.859343249118420416e-01
2.170377780188115502e-01
-2.477490827971415288e-02
3.949383401385859749e-01
-4.740986343012983106e-02
4.465919335302927229e-02
-1.671082868516055586e-01
1.794083856975300373e-01
-1.961930343370475449e-01
-3.232703459706995908e-01
-3.993865982359005584e-01
-3.259560386932032761e-01
-2.418399718423661915e-01
3.804934710360816097e-01
-3.548577117181941354e-01
4.126811371354539570e-01
7.800963755003757771e-02
-1.512438838394511709e-01
-2.657844426901565527e-01
-1.715899576053883657e-01
2.050394497293224760e-01
-8.926575372709205647e-02
-2.047563320369631679e-02
6.576081884074409800e-02
9.407292669561873044e-02
2.466597277884268191e-01
-1.801481277812727044e-01
-1.098385606453176899e-01
-3.673523017819116943e-01
-1.749771517655687447e-01
2.058833456139602114e-01
-1.463173978851509127e-01
4.572619078650639324e-01
-2.777748396757304672e-01
2.795992973370566848e-01
2.474543340576658146e-01
9.365365538287900860e-03
-2.791606947401669564e-02
-9.100965844973404884e-02
1.378452167639296899e-01
1.603700371501360911e-01
1.302887628699536116e-01
-1.300187022263772918e-01
-4.415965015481274070e-02
-1.718592369414833343e-01
-2.479025314493231436e-02
-7.243699257046035123e-02
-1.769716573654020464e-01
9.529342299321709453e-02
1.440071023389878357e-01
1.737273767362892407e-01
1.613851421092342975e-01
2.624217804258099918e-01
5.814151433187367962e-02
1.487245746128641743e-02
-8.849336249129005627e-02
5.009448049398971259e-01
1.143746103934066560e-02
8.624049170244452167e-03
-2.783401396338905931e-01
2.684248513054178498e-02
-3.059436064063059679e-01
2.244461423286830681e-01
-1.254926555910294006e-01
-5.503142785735521958e-01
1.271259986020611410e-01
1.334637316205612156e-01
-5.105189616812738640e-02
-1.652512469705564035e-01
-4.378884890051978895e-02
1.173442668025565794e-01
2.465476042907765175e-01
2.563470242399092935e-01
-2.850182675234316232e-01
5.259597241973890114e-04
3.775585048982556535e-01
-2.325843380818829464e-01
-6.208191209357671880e-03
-9.306402638387609172e-02
1.740936738663576011e-02
-9.579169170097326380e-02
4.595114276879131432e-01
-7.939388985196796367e-02
-1.400452703509265651e-01
1.323245275522035580e-01
1.803953368729571127e-01
1.070507535095561041e-01
-3.224723267186603293e-01
