Generation: 0 32.9878 1.4650 3.2218 14.3131
Generation: 1 45.6239 1.6825 6.6467 16.5771
Generation: 2 50.0604 1.6825 8.4111 17.3325
Generation: 3 50.0554 1.6825 11.6942 18.2005
Generation: 4 57.0768 1.8650 24.9820 18.4855
Generation: 5 58.2206 1.9100 33.0840 15.8322
Generation: 6 57.2011 1.9900 37.3542 16.1645
Generation: 7 48.0140 2.8350 37.0320 15.0901
Generation: 8 45.6239 1.6825 40.1630 12.8458
Generation: 9 40.3699 1.9750 40.4973 14.1180
Generation: 10 45.6239 1.6825 41.3720 12.4404
Generation: 11 34.7267 2.1900 38.3853 15.8420
Generation: 12 52.3068 1.7475 42.9759 9.2820
Generation: 13 58.0066 1.7625 42.3565 8.5712
Generation: 14 45.6239 1.6825 43.4011 7.0148
Generation: 15 56.7745 1.7475 42.7724 9.5350
Generation: 16 42.5876 1.7650 42.7618 8.2562
Generation: 17 54.9008 3.0700 43.8427 8.3354
Generation: 18 62.4080 1.7175 43.8759 6.9251
Generation: 19 49.5432 2.3350 42.4605 8.5559
Generation: 20 54.6075 1.7625 41.8277 11.2784
Generation: 21 28.7249 1.7125 42.7903 7.8258
Generation: 22 44.6737 1.9600 42.6497 9.7546
Generation: 23 45.6239 1.6825 40.9504 13.2590
Generation: 24 47.8852 1.8325 41.0048 13.3843
Generation: 25 45.6239 1.6825 42.4062 10.9076
Generation: 26 45.6239 1.6825 40.4288 14.0932
Generation: 27 45.6239 1.6825 42.8664 10.6073
Generation: 28 43.4045 1.7900 43.8381 7.7771
Generation: 29 45.6239 1.6825 44.2064 7.4032
Generation: 30 45.6239 1.6825 40.3909 14.5696
Generation: 31 45.6239 1.6825 44.4517 7.2819
Generation: 32 45.6239 1.6825 45.2086 3.6803
Generation: 33 45.6239 1.6825 45.0749 2.9497
Generation: 34 45.6239 1.6825 44.4028 7.3703
Generation: 35 45.6239 1.6825 44.4618 6.0795
Generation: 36 45.6239 1.6825 44.7183 5.5951
Generation: 37 45.6239 1.6825 44.0080 8.4432
Generation: 38 45.6239 1.6825 41.5058 12.6240
Generation: 39 45.6239 1.6825 41.8413 12.3113
Generation: 40 45.6239 1.6825 44.5859 7.0933
Generation: 41 45.6239 1.6825 43.3713 10.1519
Generation: 42 45.6239 1.6825 43.2032 9.9157
Generation: 43 54.4898 1.7625 43.5371 10.0165
Generation: 44 45.6239 1.6825 44.7359 5.5036
Generation: 45 54.5619 1.7475 45.5639 1.5637
Generation: 46 45.6319 1.6900 42.8043 10.8932
Generation: 47 45.6239 1.6825 43.7083 8.9486
Generation: 48 54.4919 1.7325 44.9206 5.4084
Generation: 49 45.6239 1.6825 44.7421 5.3535
Generation: 50 36.5973 1.7200 44.6448 5.6534
Generation: 51 45.6239 1.6825 44.5910 3.8554
Generation: 52 37.8394 1.7125 45.0805 2.7130
Generation: 53 45.6239 1.6825 44.2352 6.1025
Generation: 54 45.6239 1.6825 43.6087 9.9362
Generation: 55 45.6239 1.6825 44.9526 5.3690
Generation: 56 37.0873 2.3575 45.2745 2.1546
Generation: 57 56.9612 1.7500 44.7286 5.9676
Generation: 58 53.7192 1.9750 44.7694 5.6510
Generation: 59 42.5551 2.1200 43.3525 9.0636
Generation: 60 43.5826 1.8325 44.4823 5.9532
Generation: 61 44.6583 1.7600 43.3262 9.2622
Generation: 62 54.6000 1.7550 44.5739 4.7839
Generation: 63 47.9313 2.7975 44.5785 8.0972
Generation: 64 34.4850 1.8400 43.5927 8.2057
Generation: 65 54.6075 1.7625 45.1869 5.4073
Generation: 66 35.4851 1.9425 42.9370 7.8890
Generation: 67 38.7773 1.9200 43.0206 8.2076
Generation: 68 35.9506 2.2825 43.3694 7.4479
Generation: 69 59.0415 1.7625 42.4578 9.6538
Generation: 70 52.7037 2.0575 44.9447 6.4781
Generation: 71 48.0977 2.0400 43.0401 7.4753
Generation: 72 54.4968 1.7625 41.5165 9.6218
Generation: 73 35.4567 1.8750 42.3810 8.9365
Generation: 74 35.9636 2.2400 43.6641 8.7525
Generation: 75 53.3668 1.7625 42.1628 9.6030
Generation: 76 37.6368 1.9050 43.8957 8.1923
Generation: 77 35.3925 1.9425 42.4589 8.4445
Generation: 78 39.0113 2.1200 42.0414 7.9092
Generation: 79 36.5137 1.9350 44.2886 8.0931
Generation: 80 33.8581 2.3575 43.7197 9.1128
Generation: 81 35.5135 1.9575 43.3900 10.2280
Generation: 82 38.2621 2.2675 43.9320 8.1322
Generation: 83 38.4736 2.4525 44.8195 9.1821
Generation: 84 49.2210 2.0000 42.5411 12.2877
Generation: 85 34.7904 2.3600 44.2261 9.1817
Generation: 86 39.9783 1.9200 44.1219 9.5712
Generation: 87 37.7168 1.9900 44.4171 9.2651
Generation: 88 36.6423 2.4863 44.3681 9.0615
Generation: 89 35.0274 3.4356 43.5613 9.5618
Generation: 90 32.1895 3.3663 40.6732 11.6687
Generation: 91 34.4982 3.8109 45.5588 9.0482
Generation: 92 35.9307 4.8837 43.2667 10.3736
Generation: 93 36.6197 4.7175 43.0897 10.7268
Generation: 94 34.9974 5.9738 42.4168 10.6236
Generation: 95 32.2553 5.7544 43.3496 10.1309
Generation: 96 36.1267 7.0211 44.6894 10.1299
Generation: 97 36.1933 7.5942 43.4633 9.3818
Generation: 98 38.6864 8.8648 43.6098 10.0500
Generation: 99 28.0224 8.1925 42.4861 9.8097
Generation: 100 35.0897 9.3788 44.8683 10.0070
Generation: 101 50.6976 9.1406 43.2781 11.0998
Generation: 102 38.4608 10.9921 43.9111 11.4476
Generation: 103 33.9276 10.7550 46.4336 9.0290
Generation: 104 37.0756 11.1598 44.3013 9.2095
Generation: 105 34.9871 11.6772 41.4314 10.4460
Generation: 106 52.2361 14.2957 44.3781 10.4316
Generation: 107 38.5587 13.2359 43.5082 11.7552
Generation: 108 29.7591 14.7116 43.6237 10.0097
Generation: 109 38.3955 14.3423 43.7310 11.2906
Generation: 110 61.6730 19.1040 43.8353 10.3796
Generation: 111 37.4383 15.5625 42.7789 11.4482
Generation: 112 38.5386 17.2554 40.9836 10.6765
Generation: 113 38.7195 17.5213 42.0480 10.8756
Generation: 114 59.7621 17.1620 44.3687 9.9801
Generation: 115 49.1450 20.5913 43.3624 12.2689
Generation: 116 36.1632 17.5516 45.2075 11.2802
Generation: 117 57.4378 18.6605 41.9591 12.7053
Generation: 118 37.3077 18.9863 44.3777 12.6130
Generation: 119 38.5707 19.9000 43.9226 10.3129
Generation: 120 64.3069 20.5000 44.1903 11.9430
Generation: 121 40.5872 19.2600 44.7236 10.9752
Generation: 122 53.3773 22.4600 43.7858 12.8560
Generation: 123 65.0360 25.2400 44.4345 11.1123
Generation: 124 37.5288 20.5800 44.4353 11.6674
Generation: 125 38.8162 21.7600 44.1152 11.0821
Generation: 126 37.6801 21.9400 43.0509 11.0848
Generation: 127 38.7324 21.2200 39.7225 11.8827
Generation: 128 36.0639 19.3200 42.6707 10.3666
Generation: 129 38.5338 19.6400 42.4141 9.8302
Generation: 130 37.3731 19.5400 43.6056 9.8455
Generation: 131 57.7429 22.3200 43.1109 11.2842
Generation: 132 38.5378 19.4600 43.6639 11.4904
Generation: 133 38.7864 21.6200 43.4016 9.1697
Generation: 134 37.7089 22.1200 44.0954 9.7982
Generation: 135 38.5857 20.0200 43.7745 10.3584
Generation: 136 37.4243 19.7000 45.8816 9.4112
Generation: 137 38.5823 19.8200 43.4026 10.2886
Generation: 138 38.7545 21.3800 41.7009 11.5171
Generation: 139 37.4198 19.7800 43.7006 9.5688
Generation: 140 40.8286 22.0400 42.3360 11.5628
Generation: 141 37.6553 21.6000 42.6452 10.2291
Generation: 142 38.6111 20.0600 45.0834 10.5520
Generation: 143 38.7460 21.3400 45.0708 10.1144
Generation: 144 38.8080 21.7200 44.0095 11.8671
Generation: 145 38.8290 22.0200 41.8946 10.5626
Generation: 146 39.7302 20.2000 41.2742 11.1341
Generation: 147 40.7967 20.5800 40.1139 12.0984
Generation: 148 38.8182 21.8800 41.2796 9.7412
Generation: 149 58.0648 23.6000 42.6095 9.9765
Generation: 150 41.0128 22.3600 41.2476 11.9038
Generation: 151 37.6584 21.6200 42.4787 10.4057
Generation: 152 38.7865 21.6200 42.0004 11.3121
Generation: 153 38.9449 22.9200 41.8771 9.5846
Generation: 154 37.7184 21.9600 42.9881 10.2827
Generation: 155 38.8280 21.9800 42.9223 11.9029
Generation: 156 38.8404 22.0600 42.9104 9.4713
Generation: 157 40.9550 21.9800 40.3709 7.9845
Generation: 158 37.6884 21.8600 40.8877 9.5332
Generation: 159 38.6818 21.5000 43.1190 9.1817
Generation: 160 38.7851 21.6800 40.8936 8.5236
Generation: 161 38.8406 22.5000 41.2475 8.3597
Generation: 162 38.6910 20.9000 41.8851 9.7568
Generation: 163 36.5713 22.1400 40.7007 9.2317
Generation: 164 37.7203 22.1200 41.3520 9.3385
Generation: 165 38.7880 21.5000 40.6508 9.0071
Generation: 166 37.6845 22.0000 39.2042 7.4627
Generation: 167 40.9887 21.3800 40.1652 8.6497
Generation: 168 38.7756 22.1000 40.4835 8.6251
Generation: 169 38.8316 22.0000 39.7748 7.9576
Generation: 170 38.7045 21.0200 39.8874 7.9808
Generation: 171 38.8755 22.2000 41.9084 8.3307
Generation: 172 37.5968 21.2000 42.2004 8.0391
Generation: 173 37.7215 21.9800 40.4387 8.4491
Generation: 174 38.8228 22.5800 42.1111 8.9718
Generation: 175 41.1889 22.8000 39.1720 6.8643
Generation: 176 38.9390 22.7400 38.7573 6.7709
Generation: 177 38.8419 22.1200 37.8441 8.1695
Generation: 178 38.8639 22.3000 41.0924 9.6806
Generation: 179 38.8293 22.0000 39.9150 7.4760
Generation: 180 37.7459 22.3200 38.9916 8.6066
Generation: 181 38.9309 22.7400 39.6231 6.8735
Generation: 182 38.9313 23.2200 39.8163 9.5492
Generation: 183 38.8757 22.2400 38.6783 6.2281
Generation: 184 38.8003 21.7400 39.0335 8.5738
Generation: 185 38.9365 22.8000 39.4024 7.8730
Generation: 186 38.8700 22.2800 40.3516 9.5192
Generation: 187 39.9800 22.0400 39.6809 7.3431
Generation: 188 38.9380 22.8200 38.9753 6.9241
Generation: 189 43.4031 22.9800 41.2668 7.1544
Generation: 190 41.2179 23.1000 40.9574 7.9957
Generation: 191 36.6462 22.3600 40.4676 9.2670
Generation: 192 38.9225 22.7000 37.3546 8.1021
Generation: 193 43.4641 22.4232 39.7868 7.6799
Generation: 194 42.3063 21.2539 40.8487 7.5795
Generation: 195 41.2095 20.5606 40.5649 9.1608
Generation: 196 38.9271 19.5325 40.0607 7.1237
Generation: 197 43.3883 18.9876 40.8653 8.0765
Generation: 198 38.9018 17.8994 39.2530 6.9414
Generation: 199 38.9637 17.5059 39.4292 6.2421
Generation: 200 41.1972 16.6282 39.9545 6.4861
Generation: 201 38.9294 15.6621 39.4065 6.0260
Generation: 202 38.9725 15.1735 41.9799 7.8212
Generation: 203 38.9458 14.2688 39.8095 7.0895
Generation: 204 38.9376 13.4235 39.2974 5.5920
Generation: 205 40.1024 12.7956 40.2427 6.9600
Generation: 206 40.0996 11.9614 40.7180 8.8276
Generation: 207 38.9861 11.2685 38.7250 6.7843
Generation: 208 38.9469 10.3094 40.6534 7.5296
Generation: 209 41.1989 9.5333 38.7020 5.5569
Generation: 210 41.2354 9.6500 38.1393 5.6214
Generation: 211 38.9772 9.6500 38.9307 4.5814
Generation: 212 38.9740 9.6250 40.1325 6.7966
Generation: 213 41.2111 9.5667 40.4797 7.1609
Generation: 214 43.4791 9.6500 40.2280 6.4677
Generation: 215 40.1477 9.6750 39.8467 5.6108
Generation: 216 41.2470 9.6750 40.8643 6.9133
Generation: 217 40.0581 9.5750 39.3549 6.6888
Generation: 218 43.4275 9.6500 38.5942 5.3125
Generation: 219 38.9764 9.6500 40.4479 7.4016
Generation: 220 40.0948 9.6500 40.9157 6.6846
Generation: 221 41.1845 9.6583 41.6980 7.9900
Generation: 222 40.1010 9.6000 39.7431 6.2098
Generation: 223 38.9423 9.5083 39.6663 6.9021
Generation: 224 38.9641 9.6000 39.7344 7.4900
Generation: 225 38.9790 9.6500 38.8456 6.5279
Generation: 226 39.0002 9.6750 39.8829 6.7739
Generation: 227 43.4309 9.6750 41.3514 8.0755
Generation: 228 42.3527 9.6750 40.4415 7.3455
Generation: 229 38.9238 9.6500 39.8649 7.1672
Generation: 230 40.0446 9.6500 40.3453 7.4995
Generation: 231 41.1834 9.6750 41.9617 7.7807
Generation: 232 41.2580 9.6750 39.8532 6.3747
Generation: 233 43.4712 9.6500 39.3141 5.8967
Generation: 234 40.1063 9.6750 40.0006 6.9380
Generation: 235 41.0672 9.6250 40.6208 6.7743
Generation: 236 38.9832 9.6750 39.6838 7.0827
Generation: 237 38.9960 9.7083 40.9496 7.1811
Generation: 238 38.9860 9.6750 40.6303 7.3339
Generation: 239 38.9448 9.6750 41.0286 6.9145
Generation: 240 37.8588 9.6750 42.3099 8.0851
Generation: 241 38.9916 9.7083 41.1735 7.4206
Generation: 242 38.9860 9.6750 41.3800 10.3736
Generation: 243 38.9878 9.6333 41.8919 8.1630
Generation: 244 41.1336 9.6750 40.5178 6.7596
Generation: 245 38.9810 9.6500 42.2278 7.7112
Generation: 246 38.9981 9.6750 40.3132 5.8030
Generation: 247 42.3166 9.6750 40.9598 6.5711
Generation: 248 38.9774 9.6500 41.3109 6.9883
Generation: 249 38.9982 9.7083 40.1391 6.8086
Generation: 250 38.9711 9.6250 41.2019 6.7108
Generation: 251 38.9275 9.6500 41.1215 6.6577
Generation: 252 42.2939 9.6750 40.1485 5.9111
Generation: 253 41.2324 9.6750 39.7978 5.1834
Generation: 254 43.4898 9.6750 40.6149 6.6179
Generation: 255 38.9995 9.7083 40.6271 6.1257
Generation: 256 43.4890 9.6750 40.4011 7.8596
Generation: 257 38.9814 9.6500 40.2638 5.7505
Generation: 258 39.0014 9.6500 41.0075 6.8842
Generation: 259 40.1322 9.7083 40.1936 6.0506
Generation: 260 41.2215 9.6500 41.3884 6.6703
Generation: 261 38.9975 9.6500 40.1228 7.8251
Generation: 262 38.9803 9.6500 39.7976 6.1926
Generation: 263 38.9971 9.7083 39.4101 4.3707
Generation: 264 38.9885 9.6750 39.9644 6.4143
Generation: 265 38.9971 9.7083 39.3773 4.6549
Generation: 266 39.0002 9.6750 41.1487 6.2293
Generation: 267 39.0017 9.6750 41.1961 8.1949
Generation: 268 38.9974 9.6750 41.3118 6.6055
Generation: 269 39.0138 9.7083 40.7343 6.5810
Generation: 270 38.9301 9.6750 39.2710 6.5648
Generation: 271 38.9730 9.6250 40.7896 7.3134
Generation: 272 38.9995 9.7083 40.2298 7.5524
Generation: 273 41.1903 9.7083 41.6224 7.1777
Generation: 274 43.4215 9.6750 41.2336 6.3130
Generation: 275 43.4935 9.7083 41.6486 7.0451
Generation: 276 38.9957 9.7083 41.2615 6.0478
Generation: 277 43.4776 9.6750 39.8407 7.3895
Generation: 278 38.9992 9.7083 40.7087 5.2193
Generation: 279 43.7723 10.5250 41.6619 7.2998
Generation: 280 42.3681 9.7083 40.8590 5.9241
Generation: 281 39.0015 9.7083 40.7522 5.8804
Generation: 282 38.9966 9.7083 40.0439 4.5049
Generation: 283 39.0121 9.7583 41.0057 6.6890
Generation: 284 39.0053 9.7333 40.0488 5.5757
Generation: 285 38.9978 9.7083 40.3080 5.1181
Generation: 286 38.9908 9.6750 40.1267 5.5610
Generation: 287 39.0216 9.7583 41.9926 7.1421
Generation: 288 40.1478 9.7333 40.1249 5.5933
Generation: 289 38.9976 9.7083 40.9931 5.6864
Generation: 290 38.9971 9.7083 40.6424 5.6686
Generation: 291 43.5033 9.7583 41.0827 5.6732
Generation: 292 38.9978 9.7083 41.1033 6.2784
Generation: 293 40.1527 9.7583 41.9198 7.2980
Generation: 294 38.9938 9.7083 40.9841 5.3363
Generation: 295 38.9971 9.7083 41.0091 6.2880
Generation: 296 39.0077 9.7333 42.0316 6.2846
Generation: 297 39.0199 9.7333 41.6106 6.6891
Generation: 298 42.3770 9.7333 42.2946 6.9341
Generation: 299 38.9940 9.7083 40.7599 6.0971
