9.889290997912811854e-01
9.695248100519736623e-01
9.899345928484832857e-01
9.580681976694533919e-01
-9.158310800256259654e-01
-9.271619588375847876e-01
9.920624035731104851e-01
9.278951019654294585e-01
-8.663223524244005880e-01
-9.865464073278134016e-01
-8.729203914461278746e-01
9.390897148712777920e-01
-8.847937926346408632e-01
-8.096999681723409115e-01
9.966575450575168027e-01
9.661620796109972042e-01
9.960380474984880106e-01
-9.302509471613491510e-01
-9.902491428113437966e-01
9.961489477778023849e-01
9.634799541317677907e-01
-8.895572451036272144e-01
9.101737033663969134e-01
-9.931459101263339084e-01
9.621716641510347223e-01
6.351310243322947358e-01
9.365789138962131721e-01
-9.941013903811146690e-01
-9.953349621656502055e-01
9.110573836551127958e-01
-9.478308083427957609e-01
9.360289234522535251e-01
-9.345540217093611934e-01
8.697294810519353714e-01
7.866528608192189242e-01
-9.888067202555793633e-01
8.285137160889874952e-01
8.828050475618455240e-01
-8.754276116156343157e-01
-8.978724073573033371e-01
-9.341843501771425196e-01
-6.947122513115423503e-01
-8.126163987246400877e-01
-9.729228026949972019e-01
-8.976714893437749421e-01
-9.944206138612898815e-01
9.963873794879950507e-01
-6.281000372575690216e-01
9.938338293694550796e-01
-9.937266420143151535e-01
-8.046137681791636354e-01
8.855131745308842950e-01
-7.115690826191289897e-01
-8.272281041881621722e-01
-9.036736484801577429e-01
-9.930656913908169070e-01
-9.996229149773768752e-01
-8.171327770468683749e-01
7.962366872288930697e-01
-8.858078175155801315e-01
-9.787312616442047641e-01
-9.971909971191857958e-01
-6.724381384873403533e-01
-7.157955407484530852e-01
9.741822596075002672e-01
-9.943173386858501495e-01
9.958135900114961636e-01
-9.858343375385805185e-01
9.813853408800866651e-01
9.149021235704851707e-01
6.890496904478183859e-01
-7.937240416247073327e-01
-8.686885260654513274e-01
9.506549407013640263e-01
-8.782334477982036702e-01
9.916352321523036473e-01
-9.296367175895369206e-01
9.932137409366765812e-01
-9.355191703785975532e-01
9.596998078183337499e-01
8.225578912261011233e-01
8.535269782232891567e-01
-9.680031606186465520e-01
-9.516190394105249473e-01
9.323913727434841592e-01
7.786029496359839763e-01
9.484625755249438406e-01
8.612307938766446958e-01
-6.977293251921841133e-01
-8.903052024563790079e-01
6.809307602883591937e-01
-7.207386857947440939e-01
-9.430556862719816635e-01
-8.032533958285943410e-01
9.936212003154389905e-01
8.171435876135332288e-01
-8.497491836370366647e-01
-9.958956791113448004e-01
-8.819437134699956715e-01
-7.812836561019064208e-01
-8.577490603269648517e-01
-9.976998548031119629e-01
8.671650583697928516e-01
9.969829627840678388e-01
-7.579678197700319142e-01
7.530524251195481744e-01
9.990969543010606024e-01
9.345465306218208035e-01
9.161837856375052436e-01
-9.771007261920454656e-01
8.842825449866420495e-01
9.895872048501176410e-01
9.876665701477778114e-01
9.192635010637166815e-01
-7.981223349147285040e-01
9.915430921363788119e-01
9.728197038313797229e-01
9.125171946260431932e-01
-6.444126906664378041e-01
-9.897273062849338832e-01
-8.634597179047356352e-01
-9.532360571786743231e-01
9.715453718027062813e-01
9.678369703091891374e-01
8.801233566025221666e-01
-7.667619813279508145e-01
9.008880793523765806e-01
-9.977160936641122913e-01
-7.357109767921836685e-01
-8.052848926304061461e-01
-6.451387403391957154e-01
-9.918216384361655535e-01
9.988961072014591602e-01
9.138596370212470621e-01
-8.402242945833386933e-01
-8.749213465050498240e-01
9.312866837386043484e-01
-9.997965235839764153e-01
-6.824204612001434356e-01
9.929004359216289100e-01
7.805501985770059159e-01
-9.930532030473334659e-01
8.709164492527747825e-01
8.310050465956297927e-01
8.685359371093357428e-01
-9.729431612780252703e-01
9.259325377400398072e-01
-8.869539589487706044e-01
9.244775531743418817e-01
-8.987165762343050091e-01
8.599598068698177666e-01
-7.979568702804071822e-01
8.595398302172561067e-01
8.594055841095746828e-01
9.251666664163136211e-01
-9.033263110897842285e-01
6.753122162337750201e-01
-8.567925955311210817e-01
9.909236179107340226e-01
-8.619107818856397429e-01
-8.986948801598644287e-01
9.933594015434468183e-01
9.334359038948224496e-01
9.553194309217487579e-01
9.355704426041822064e-01
9.929607851661641504e-01
-7.340511721247892085e-01
9.967580566015057375e-01
7.658444270585791358e-01
7.653055724938153670e-01
-7.305973605535895921e-01
9.252507258390272327e-01
9.474871599252483456e-01
9.542544466572331352e-01
-9.920682304716176292e-01
9.289342620515873561e-01
-8.317027821408666810e-01
9.176607681101334180e-01
9.033132139008862582e-01
8.619545754653492597e-01
9.935933633123356090e-01
-8.118938702632930715e-01
-9.988193846995094827e-01
9.061098143801955551e-01
-9.964525981567320390e-01
-8.449007764180784807e-01
9.309749007444907409e-01
9.912649205877436254e-01
9.302500846353827235e-01
-8.014316216690320349e-01
-9.950419727236619050e-01
9.927626953306771806e-01
-9.324455797723872896e-01
-9.891488887169872513e-01
-7.878677698131214546e-01
-8.608647478139963560e-01
9.178363436334221470e-01
8.752246614554654025e-01
-8.645685027957799029e-01
9.983934658910751381e-01
-7.367581544351491374e-01
-9.142134857456329922e-01
9.978215974314077474e-01
-8.759240905029341828e-01
-9.208472804866179029e-01
-8.889781818084303566e-01
-9.990075471442617649e-01
-9.282593054356940154e-01
9.981329955584608005e-01
8.967563888564531460e-01
-9.956714428116397730e-01
-9.996182025654669623e-01
-8.862286154924772230e-01
8.967672470672578555e-01
-8.382718441441450175e-01
9.927992511955021637e-01
9.673366035645681871e-01
9.778254911124468762e-01
-9.283753920627779710e-01
-9.835087005963856210e-01
-8.270707337427026795e-01
9.868714389752109017e-01
-9.774977169161158663e-01
7.698656550233797802e-01
-8.121636620265488826e-01
-7.400988953326103070e-01
-7.187230846616498026e-01
9.853237990720582484e-01
-9.790735110078383485e-01
-8.823637276907314586e-01
9.690150966371287033e-01
-9.986162915345417890e-01
7.486037295365794986e-01
7.862981496102063872e-01
9.266587385015203626e-01
7.971764654599502453e-01
-9.978200240143586530e-01
9.628326465783487720e-01
9.577353766769864940e-01
-8.812066151048540963e-01
-9.948377292399350758e-01
-7.443256463574073889e-01
-9.482072586788800050e-01
-8.622922298217324810e-01
-9.933210731756034750e-01
-9.038797615186966450e-01
9.795774684832396773e-01
9.927392831143446728e-01
-9.948283889056879215e-01
-9.975802137461111663e-01
-9.939688027311366358e-01
9.934818595677084030e-01
9.432054280250149469e-01
-9.649089223725998421e-01
-8.604680027166309308e-01
-9.232696709386414291e-01
-9.222750054809610853e-01
-7.113941921037496563e-01
9.881556890096718782e-01
-6.488139453608365859e-01
-9.923964344529040416e-01
9.934620138317087346e-01
8.310666021200308062e-01
8.264306962982330695e-01
9.921960000049653283e-01
