1.000000000000000000e+00
-1.000000000000000000e+00
1.511820024838911869e-01
-1.638189424109484649e-02
-2.370432574492149502e-01
-5.226351810400701181e-01
-2.328710520355445901e-01
2.127250577585931834e-01
2.157840798822992789e-01
-9.552900687712823080e-02
-1.000000000000000000e+00
1.309458133733865104e-02
-5.726880666476792392e-01
4.101513690578388327e-01
2.141054460908242696e-01
9.439031865378847419e-01
-1.000000000000000000e+00
-3.365765896446549776e-01
-4.200536244010137643e-02
1.000000000000000000e+00
-5.439291352758242049e-01
-3.632758557471861272e-01
-6.958414530818721744e-01
-6.516370595202761740e-01
1.300760800092215508e-02
-8.139845821211066923e-01
1.502023951387744249e-01
-8.305361941548941029e-01
-1.474080199831053206e-01
-1.000000000000000000e+00
-3.492605965302299498e-01
1.000000000000000000e+00
-9.269281949312302427e-01
-7.460389512236342835e-01
-7.285252766736066699e-02
3.304431311837995044e-02
-2.957687389964970825e-01
-4.406487082306610459e-01
7.988750828710228236e-03
-2.434246940946734744e-02
2.561371542697155057e-01
-6.855421879003044117e-01
1.388848495565298269e-01
-5.713415980960888652e-01
6.606334259158195277e-01
-1.000000000000000000e+00
-2.826119594768261578e-01
5.786187515947444071e-02
3.768708028746413086e-01
-8.276016602872278138e-01
-2.376322070156134947e-01
-7.017490025652751706e-01
-1.000000000000000000e+00
5.011628838616487558e-01
-2.223935940970873659e-01
1.804102799478592700e-01
1.953823386993891464e-01
-4.078522071801732318e-01
4.067859829703727725e-01
3.996983462396569986e-01
8.294070161715197953e-01
-7.336328806570991956e-01
-2.006234517788316740e-01
6.963334304435113697e-01
9.783121132534324804e-01
-3.891305756481614475e-01
-2.235559785615887640e-01
-7.885144568802496812e-01
1.000000000000000000e+00
9.875992786282299374e-01
-4.823727840302116654e-02
6.073100752301998639e-01
4.375360401169470781e-01
4.753734352651998174e-01
-2.608691410228777818e-01
6.944349417221621357e-01
1.522122736270115628e-01
9.050135824574403465e-01
1.000000000000000000e+00
-3.311658826405330380e-01
4.100943953040417367e-01
1.000000000000000000e+00
1.806591281824864170e-01
-4.992720910564052428e-01
9.715071129032752939e-01
8.758528218235552831e-01
1.000000000000000000e+00
-6.921885486027707923e-01
5.472848370116983885e-01
2.703189098907596843e-01
-1.000000000000000000e+00
-6.994637344667824497e-01
1.000000000000000000e+00
2.222085269579788802e-01
3.873230862876989034e-01
-5.858945060594733523e-01
-1.000000000000000000e+00
-9.685647596604299858e-01
-6.881604342583157452e-01
-9.713264177732039428e-01
-1.801358297153015098e-01
-4.739899933889190620e-01
5.746392865791424276e-01
-1.000000000000000000e+00
-1.000000000000000000e+00
1.000000000000000000e+00
-2.555750102014591740e-01
3.585457183591235220e-01
-9.195111420796719948e-02
-1.000000000000000000e+00
7.016725387610975861e-01
9.786813599105290695e-01
4.738096687033410692e-01
-2.270690570190774249e-01
4.155830393122799116e-01
-2.954043461291805395e-01
4.756627073795404170e-01
-8.541441810494925235e-01
5.356397728677088077e-01
6.304064928004572410e-01
3.292220947435474110e-01
-2.001235772585376882e-01
4.377898838941353121e-01
1.000000000000000000e+00
4.069030783794915784e-01
7.432345863395739549e-01
-5.894641658457051570e-01
6.888151672428772798e-01
-1.172850358186554032e-01
-1.000000000000000000e+00
1.419592030519061243e-01
6.994145936589690749e-01
-6.844957913729962096e-01
-4.004366979501959856e-01
-1.000000000000000000e+00
-1.000000000000000000e+00
-1.000000000000000000e+00
-8.414557057978752086e-01
4.334209219835171156e-01
7.208488980819620640e-01
1.000000000000000000e+00
-1.049419607499292306e-01
-4.621824036666518642e-01
-1.978704860098513540e-01
-1.000000000000000000e+00
-3.629341319225721230e-01
-1.000000000000000000e+00
-8.310592202843162246e-01
7.693808526831907857e-02
5.067855502838486403e-01
1.407256028492214484e-01
1.000000000000000000e+00
-7.749176126040130397e-02
2.828765218552320437e-01
-1.000000000000000000e+00
3.901853384261556590e-01
3.923773415900194128e-01
1.000000000000000000e+00
7.777775383487559591e-01
4.608115374980329415e-01
2.657660455512511066e-01
1.312073792344042589e-01
-9.340050881950459627e-02
1.000000000000000000e+00
-7.220423305444865214e-01
-8.463404072698216263e-01
-1.664789622753004572e-01
-6.719251422644404448e-01
-5.325030299557519387e-01
1.138062866051492428e-02
-6.465139056482128721e-01
-2.366887999908814100e-01
3.139619892762363085e-02
-4.994686038063522737e-02
5.298697226635576407e-02
3.818215299823965458e-01
3.317551823694493418e-01
8.009071626536108379e-01
-2.178825271025374710e-01
-2.073465786347602480e-01
-8.297567775485487074e-03
3.839589708191516459e-01
-8.418407234048337351e-01
-2.635038710044706467e-01
-1.000000000000000000e+00
1.000000000000000000e+00
-7.273913670219084304e-02
-3.566225477946250999e-01
-3.950050266405980004e-02
1.928631057645338043e-01
2.848533144211424784e-01
7.174426513911968950e-01
-4.413642147808953808e-01
-5.357121180885734413e-01
-1.000000000000000000e+00
6.414067634339144508e-01
-8.866709596560866657e-01
4.635370686675885921e-01
-3.161136625395755684e-01
8.608266510271537220e-01
-4.490091895646471931e-01
4.389933542192999694e-01
-1.656342531992117395e-01
2.266038523572549979e-01
8.674592199128677850e-01
-3.710090066765228123e-01
2.570784189220897686e-01
5.731879438512905711e-01
-1.099103316402446906e-01
-9.901058947460328330e-01
-1.000000000000000000e+00
5.103921165348535016e-01
1.000000000000000000e+00
5.067543392127900059e-01
1.305470360115832673e-01
-7.115239402572497429e-01
-6.664983961375698929e-01
-7.198140224749576266e-01
2.135525384476683053e-02
-1.000000000000000000e+00
5.128227882420273165e-01
-1.000000000000000000e+00
4.753060869954421896e-01
8.704623175812029046e-02
-7.021951021038903840e-02
2.622465896203574065e-02
6.303662005473794627e-01
8.147150542735857037e-01
-1.000000000000000000e+00
-2.766207907640810815e-02
9.019080121906126735e-01
-1.055469868905535846e-01
-3.302071726914705962e-01
-1.000000000000000000e+00
1.000000000000000000e+00
-1.000000000000000000e+00
4.634308595497440564e-01
2.745885902034919668e-01
-8.508450222234593685e-01
-1.000000000000000000e+00
-5.827569038952314928e-01
-4.205242941104399557e-01
-1.975489647924008052e-01
-7.807532032642716668e-01
4.735076474314365846e-01
7.851954795594506820e-02
5.060488972449133094e-01
-5.012337993513578116e-01
1.394849571913719943e-01
-7.481623033972668591e-01
-1.000000000000000000e+00
-2.696968620799827104e-02
-9.899143564777308502e-01
-1.000000000000000000e+00
-1.713871151164876039e-01
5.122327744959598306e-02
-1.816470491977616453e-01
9.291300292036417385e-01
1.166939001651202679e-01
7.366612129899147154e-02
4.701117326660633200e-01
-8.459009355443305456e-01
2.574148710659599493e-01
9.577305579081549780e-01
-3.261400665148597722e-01
3.265175623446990860e-01
5.216807729456450771e-01
5.070771852759398124e-01
6.088633957576522482e-01
4.753746447510919793e-01
3.565945175631387576e-01
6.746289103971042644e-01
4.842864405524419102e-01
7.967520294171814843e-01
3.054540543693931021e-01
8.340299305267400154e-01
6.871929756968309100e-01
4.174235441442018524e-01
4.260319192850025027e-01
3.876212679779528769e-01
5.016276285805195689e-01
5.725073401453609767e-01
5.469848223151958511e-01
5.198886967894907896e-01
9.617130264723066091e-01
7.499757199998053903e-01
3.854968438759970306e-01
4.605510426116104505e-01
4.991679552236003015e-01
5.193755497794042553e-01
6.782043247183149326e-01
5.885435468232698142e-01
5.993239331994614227e-01
6.669026302632211634e-01
4.891841366764893562e-01
6.738032810883840540e-01
8.272020700588208486e-01
7.707756594719031851e-01
5.035568318525825982e-01
3.235746544371938538e-01
4.420845540580909394e-01
2.879356513512332238e-01
5.360638919760043475e-01
3.076369996331288492e-01
3.629466345281907591e-01
6.421539451814812782e-01
8.298489058608506941e-01
4.807179743879994027e-01
6.608704761275332462e-01
4.509611436479900592e-01
3.266352166705606686e-01
5.764810842986375361e-01
3.589137321534024427e-01
8.970913416715133870e-01
7.456757134063963788e-01
3.991396738997408655e-01
4.877163952689428927e-01
4.711095173777827272e-01
5.960957267244023638e-01
3.455762855637488640e-01
3.979953134532581149e-01
3.883881765772804195e-01
5.574106397784452938e-01
6.460406217248064742e-01
6.031526653831527085e-01
6.801658577029373598e-01
5.100652831580680946e-01
3.164014586375344384e-01
5.464932258191403935e-01
5.061484161310376706e-01
3.999544214624830563e-01
5.644130367908879453e-01
8.633971914022131600e-01
7.912388113311020765e-01
5.638815113190858153e-01
3.610457315751169904e-01
7.753023598236243874e-01
3.599636083350523097e-01
5.043346082842885547e-01
6.656325938122639174e-01
6.653621488839119857e-01
6.046216940629124403e-01
8.494185271774895574e-01
4.518185257520629383e-01
6.839079451139516985e-01
3.937459926144400435e-01
6.050314601195976305e-01
6.414452968657184950e-01
3.227392033338039035e-01
3.915821136587475659e-01
5.609642916443593474e-01
4.662727762173370927e-01
4.863215736347118456e-01
5.413721112653824274e-01
5.220604499905967533e-01
4.627245101747771705e-01
4.817880368881273245e-01
5.990702487840049439e-01
4.833842923367138722e-01
5.785707298177623636e-01
5.620033279510358026e-01
5.698172960872078807e-01
6.770326355591048673e-01
3.042007264932907185e-01
4.845282687891561690e-01
6.690377737779101830e-01
4.607276118845712864e-01
5.276281291768677439e-01
3.749932749088485950e-01
6.636689546892025060e-01
5.141985282307286464e-01
6.429123441223902891e-01
3.688157181985888267e-01
4.815228527048951435e-01
4.074999520506759620e-01
3.234142397981097927e-01
4.820973000598871572e-01
9.091495046078724718e-01
4.989367557780515772e-01
6.860996929087508356e-01
4.426573067350891288e-01
5.339774214544406039e-01
4.247222840935898636e-01
6.164685030871203120e-01
4.054237726870757452e-01
4.470434814316524008e-01
7.867667466264370857e-01
8.709918849471957047e-01
4.681365351542842723e-01
3.849726708803193898e-01
7.733837178420590597e-01
7.030479331160588430e-01
4.719769312723557930e-01
5.133106140496310754e-01
6.712478046481124005e-01
6.300471168950161349e-01
6.452432267885802597e-01
8.081561019514845734e-01
4.227682545444746420e-01
6.132738083607874868e-01
4.632133664210491553e-01
5.505186062914013689e-01
4.299294345085867830e-01
4.134053852961668274e-01
6.338777117289382534e-01
4.883514469580728101e-01
6.274198194297760933e-01
6.084960773441125959e-01
3.658512634763149141e-01
5.488125152437551835e-01
4.071752036729157642e-01
7.207783892296468764e-01
3.644452052148652310e-01
4.213777531544418142e-01
4.722452009698077102e-01
3.342837079555502355e-01
6.589312521206056594e-01
4.409071826957494111e-01
3.564919373612205344e-01
6.154881657240406367e-01
5.471770428907668515e-01
4.441535707164165903e-01
4.864644841057031432e-01
4.442834150229900136e-01
3.428174694631790920e-01
4.842849186368498593e-01
3.338547513619392615e-01
4.925738853892657199e-01
5.083478406877033340e-01
6.775903656652936258e-01
2.717908019203532644e-01
4.768966600688368529e-01
6.747771136987645857e-01
5.568138642603442934e-01
5.791472908339363457e-01
3.638876120801133873e-01
3.893637674427561368e-01
7.728392836655777476e-01
8.695170043526432302e-01
5.034596213280598809e-01
6.376853581455563802e-01
3.367370426572748876e-01
4.594752934145993062e-01
4.173554412590085305e-01
5.699054579898285011e-01
5.988721866017026052e-01
4.305070601127417018e-01
4.156399229623652936e-01
6.131612134563090288e-01
6.423261875110544139e-01
7.675364554323297339e-01
6.201599229499907828e-01
3.859779989482246543e-01
4.484828482368569680e-01
3.459790735417603291e-01
4.270052422715922003e-01
3.534853338944239365e-01
5.748513703494583238e-01
5.103256619699492180e-01
4.504452605892005912e-01
3.678370170668830430e-01
5.692869248205788546e-01
6.642047863077495951e-01
4.566392898729022543e-01
4.452452067158257365e-01
6.106015056535269991e-01
3.964641552083368325e-01
5.670665211872967237e-01
6.218305228322338341e-01
5.417826065482612696e-01
4.988112346494885108e-01
3.412269396343339256e-01
3.391174648916961409e-01
4.722046405210711395e-01
4.541275330393115817e-01
3.883546636036065980e-01
7.914656717491583837e-01
7.048072015458966000e-01
3.968508987296215373e-01
4.892625739755249725e-01
5.247640931294560440e-01
3.947153769247589428e-01
4.392277151607916208e-01
4.618545158557169072e-01
9.454253379906816246e-01
4.692295715098045994e-01
8.423356805211118514e-01
4.762003365647003994e-01
4.838458782847923634e-01
3.363520795349799752e-01
5.458423551268908325e-01
3.942341735969547845e-01
4.117183101926946143e-01
5.785377495218768651e-01
4.758173276584192757e-01
5.409591239855927602e-01
5.690647366083081415e-01
5.559530230547975460e-01
5.325473798544932968e-01
7.459842181102791514e-01
3.802638173344257688e-01
4.294581233607572268e-01
6.085889407998179568e-01
6.446498009867532852e-01
2.557293886672335481e-01
6.293537331343923569e-01
4.777477569082215769e-01
5.671123548865792952e-01
7.351714242713717207e-01
3.992935081961407340e-01
5.769442969988451964e-01
5.097421335232463768e-01
4.197009235855604370e-01
7.660568218387525663e-01
6.292549747955697992e-01
6.582256297152516700e-01
6.438250169135055767e-01
5.839081531255787549e-01
4.835492104960189552e-01
4.345016675553337593e-01
5.159878166338839334e-01
4.916836315381510336e-01
5.764633392569574744e-01
6.971660579803871105e-01
3.855260042532349662e-01
5.668133963287084187e-01
5.360690400191644445e-01
5.864043356949660835e-01
3.146486052119049637e-01
5.603260274115161588e-01
