-7.852580798138383278e-01
-1.000000000000000000e+00
-4.685088746169862040e-01
7.362049465318123431e-01
3.171902554098707805e-01
-1.644033914729115531e-01
4.987714723341970524e-01
2.896923918089813199e-01
-2.103474290463659413e-01
6.626011295948972535e-01
-6.036740980384163180e-01
-2.120163321545206481e-01
-1.755619208783146812e-01
7.573818041862220296e-01
-1.000000000000000000e+00
-1.000000000000000000e+00
5.398488291634668812e-01
3.475406596921976066e-02
-1.000000000000000000e+00
-7.007295561055683075e-01
1.375135763133364941e-01
5.400700733748352300e-02
-6.757280030573871166e-01
2.899724959811970093e-01
-1.000000000000000000e+00
-3.181345723694767313e-02
4.636510782930703956e-01
-1.000000000000000000e+00
1.000000000000000000e+00
-1.000000000000000000e+00
-5.762403930762987070e-01
-1.414094481584473872e-01
-1.000000000000000000e+00
7.526214729952087623e-01
4.318454065210605153e-01
1.626053877758708577e-01
-4.322369798663629470e-01
-1.000000000000000000e+00
-2.605258560115110145e-01
-1.188268976560185597e-01
2.112819418386902293e-01
1.000000000000000000e+00
-4.632759329376899826e-01
1.000000000000000000e+00
-2.275648752695075272e-01
-3.800278278624769079e-01
-4.610120601561980558e-01
4.625772009594036893e-01
8.461338811390405334e-01
-3.583449041999617335e-01
-3.127236006515895506e-01
1.000000000000000000e+00
-1.142972854630365104e-01
-1.120913501431072268e-01
-5.400056691614234516e-01
7.459576973467232364e-01
1.000000000000000000e+00
2.843284924580400941e-01
-7.782368348982416917e-01
-8.032388516183187610e-01
-6.450477716201205025e-01
-5.232326479745049719e-01
1.442928252427767843e-01
4.441266719516385741e-01
2.843747734806111316e-01
-4.998332214877396762e-01
-1.000000000000000000e+00
-4.425449857677052345e-02
7.050162599832021648e-01
-1.000000000000000000e+00
-7.386784546586300237e-01
-2.511217792681469940e-01
-9.156932530249836111e-01
-2.297031316577351767e-01
-1.616522699996337520e-01
-9.576062438793500053e-01
3.742468529712364989e-01
-5.819732579659840643e-02
4.653745038086483654e-01
1.000000000000000000e+00
9.319695992277667873e-01
-1.032758729607361203e-01
-5.398220643852276179e-01
-8.007972484933612023e-01
7.401908058213099162e-01
-1.848693058971154768e-01
1.000000000000000000e+00
5.501670281080127678e-01
4.927920012333252275e-01
2.818677963075935100e-01
-5.681272456349293343e-01
4.287242474621116295e-01
-4.096165524738326624e-01
-1.000000000000000000e+00
1.000000000000000000e+00
-3.271955864881462839e-01
3.441471918795470097e-01
-4.304356328733843773e-01
-1.364478025769931269e-01
-6.757281873002710659e-01
-3.490908508345691996e-01
1.096883413727365586e-01
5.768754943141527480e-01
-1.000000000000000000e+00
4.498545888069890308e-01
-8.841625119339032723e-01
-7.421974575480645431e-01
1.157557290209391410e-01
-1.889106794722534843e-01
-4.517176672900673484e-01
-1.994062856995056365e-01
1.088034263883187469e-01
1.000000000000000000e+00
-5.849229201184316107e-01
-1.000000000000000000e+00
-5.842034770583648395e-01
5.201886695427895280e-01
2.364686057760198024e-01
-1.527130910637477246e-01
7.351223666762110032e-01
4.813406709381731763e-02
-5.513636615161143784e-01
-4.083028730846996468e-02
-7.570882728589086730e-01
5.449112782228269225e-01
-6.146368060563113245e-01
-1.196798038255269259e-01
-3.261752833462943646e-01
3.224691925912545609e-01
-2.160197605419029998e-01
-1.000000000000000000e+00
1.000000000000000000e+00
4.009301671760524544e-01
-1.000000000000000000e+00
1.000000000000000000e+00
5.953575724230708577e-02
-8.954216106680943366e-01
4.683087554695194443e-01
-3.369558371207188596e-01
6.409378436298823756e-01
-4.145159549157412249e-01
2.544659119013557014e-01
-1.000000000000000000e+00
-1.000000000000000000e+00
-4.761523516992631211e-01
-1.000000000000000000e+00
6.187444127166638053e-01
-1.000000000000000000e+00
-6.788389050583624185e-01
-5.639623651113410130e-01
1.221286866862810738e-01
2.672261362241975524e-01
-1.000000000000000000e+00
5.583567420170268414e-02
6.552025385022480775e-01
7.895742336800130878e-02
1.982369516956906663e-01
3.490805641311508500e-01
-2.625606834644820808e-01
3.021887908847801785e-01
3.355474609424120014e-01
-1.000000000000000000e+00
4.769889460405064008e-01
2.965244123903384432e-01
6.072172954647077070e-01
7.721422501531292060e-01
5.070571248803656950e-02
-1.000000000000000000e+00
1.000000000000000000e+00
1.000000000000000000e+00
8.579984634279878009e-01
3.759528543598549266e-01
8.040268750367425277e-01
1.000000000000000000e+00
-3.871285851636655506e-01
-4.406679714647883106e-01
8.361840009223113768e-01
-1.000000000000000000e+00
1.000000000000000000e+00
-1.000000000000000000e+00
3.519394053107951503e-01
-6.356558543527153216e-01
5.403148630955246778e-01
-3.587200217177793915e-01
-2.602265802843179987e-01
-4.693600495148102514e-01
5.751391745636478259e-01
-1.000000000000000000e+00
1.000000000000000000e+00
-1.000000000000000000e+00
-5.048437464512335326e-01
-1.000000000000000000e+00
3.329442977821733263e-01
3.829878073050757559e-01
-4.363426043707504531e-01
3.014596884817783429e-01
-1.000000000000000000e+00
-1.000000000000000000e+00
-9.183038530903230301e-01
-2.311297931030883435e-01
3.065909452276460723e-02
1.250521644714487624e-03
1.990810797208137917e-01
3.748054549206768504e-01
6.841064126670245438e-01
3.439796017147677687e-01
3.789589158793759127e-01
1.000000000000000000e+00
-7.667083163968311244e-01
-6.542238488911691352e-01
-1.000000000000000000e+00
2.006037844817029625e-01
3.237344297569344498e-01
-8.344849554520845647e-01
-8.118538915388109345e-01
5.604630648753057276e-01
-4.258235167802995047e-01
5.328697557278111452e-01
-5.619270821597477372e-01
7.409747137959241670e-01
1.000000000000000000e+00
-3.657982842080190755e-01
-1.599781146051567349e-01
-4.271906673460912907e-01
-3.498762881686459658e-01
-1.000000000000000000e+00
-3.062329185724044223e-01
5.872461155079874429e-01
-2.051096959488281635e-01
-4.371492447684892646e-01
-1.000000000000000000e+00
-3.188404965844072736e-01
6.467198148625454834e-01
-1.149986823525560864e-01
-3.830174125187005285e-01
-2.240875090034819550e-01
-4.026181004219385184e-01
6.624811499189281472e-02
-1.133454907523976374e-01
7.946291678027974648e-01
1.880247133249803304e-01
1.087425561242316707e-02
-2.183728651991724834e-01
5.494149280407116809e-01
-1.000000000000000000e+00
-1.000000000000000000e+00
-7.684875451130503965e-01
1.000000000000000000e+00
7.236791851436639167e-01
-2.190915711661335363e-01
-7.579041662194611062e-01
-2.821664067018325173e-01
-2.016513068639985695e-02
1.000000000000000000e+00
-8.605453340377779980e-01
6.393119496770217625e-01
1.000000000000000000e+00
-7.581091249810205657e-01
9.798269206496603712e-01
6.292938930045701706e-01
-4.350521971537242294e-01
-8.261468891977004070e-01
2.212627148086126483e-01
8.802615098762194279e-01
-8.820850433653197875e-01
4.391933706582568653e-01
6.946020183146504046e-01
3.807762967997125325e-01
3.829824956975636518e-01
7.179729077837397888e-01
4.087577487470615556e-01
5.138358081266917177e-01
6.512121964977842792e-01
2.921796417937229107e-01
4.263833385278654742e-01
6.067381590235688682e-01
5.741143293511695722e-01
5.755603140757026281e-01
4.048777544146269225e-01
4.057287326107077985e-01
6.181102595148375567e-01
3.637028329404980997e-01
5.016550658337284307e-01
4.767636244323643635e-01
7.119134877711048581e-01
4.396743990575383565e-01
5.186129981297676883e-01
4.269385681610267103e-01
5.586989135770212833e-01
4.726914125427870150e-01
4.076496126790034591e-01
4.485425849240475826e-01
3.463562411294827670e-01
6.664317665440834260e-01
6.075343962630709305e-01
3.868614254532019014e-01
3.712434387242626310e-01
3.200037470746291968e-01
5.681869829652195225e-01
3.209703189433785742e-01
6.336778558256828120e-01
4.234519802468076910e-01
5.456072473444217863e-01
4.433496991131436471e-01
4.114793553942567850e-01
3.693996434666194095e-01
4.815350187877390220e-01
3.084819038480838271e-01
3.973478541374095285e-01
7.168176370103128692e-01
5.840371568586563145e-01
4.969849462230442327e-01
3.733139400212003856e-01
5.871576533825061395e-01
5.450598419818158957e-01
3.644596840286890016e-01
5.098084760881631539e-01
3.387468463374951333e-01
6.017584122949850567e-01
3.999169027871630200e-01
4.562320753654324212e-01
5.071950032370624584e-01
4.901741210795254600e-01
4.006972488622582707e-01
3.227865159373337622e-01
4.632718352776350468e-01
3.583612810529914761e-01
5.084010437286445860e-01
4.225843272909011183e-01
5.380422977853930311e-01
5.068851148724701217e-01
2.762810322540023011e-01
6.028984933865291218e-01
6.694676020909224867e-01
4.726031438472330093e-01
4.868082335367831526e-01
5.856167557075995234e-01
4.918397708384152356e-01
4.831138892875120328e-01
6.345326065574455887e-01
5.430869076325015588e-01
4.392205506619847322e-01
4.406620383752686831e-01
3.042951735247171885e-01
4.577492432977965930e-01
5.460542788690209148e-01
6.665047717775424152e-01
3.861552355836697092e-01
4.335837124771002582e-01
3.429465990980746781e-01
5.176204371735789733e-01
5.199115488769047166e-01
3.493408422679787906e-01
5.012437731488246229e-01
3.982816555614358545e-01
5.695671029901714366e-01
5.696829175694442249e-01
4.147557132125824220e-01
6.253900295054855007e-01
2.949170654274255732e-01
4.948599636648409739e-01
4.146047195685934050e-01
6.107565985192285885e-01
5.300561464047843785e-01
4.428327205365871766e-01
4.159519362482605453e-01
4.157862477985075356e-01
5.151804649195642627e-01
5.171708066668992965e-01
5.161894554788525324e-01
6.800410696871042049e-01
4.122880317151131901e-01
5.642427509114981143e-01
4.576918351209404712e-01
3.250003947507893454e-01
4.057543179652198240e-01
4.334318381703274325e-01
4.622034983290354004e-01
4.014115833603292272e-01
4.415921029046752100e-01
4.177645722702292841e-01
3.257502418476923567e-01
4.201664619442754822e-01
3.379133725526219378e-01
5.808310183785617697e-01
4.163281822023144341e-01
3.587178843474635448e-01
2.465546168224679036e-01
6.645030336407234950e-01
4.926331046894505961e-01
3.773655415059896656e-01
3.562187035107394761e-01
5.668870997587721616e-01
4.336308851566406108e-01
4.316179280785951144e-01
4.502011170693338005e-01
6.235962979991472865e-01
7.288964350291734506e-01
5.111437165463165178e-01
4.741557920569187679e-01
6.816419242281901436e-01
4.657591212427228955e-01
4.273031609031903155e-01
4.303780798282125786e-01
5.851887138608142802e-01
6.599830084105419159e-01
3.627161815610563944e-01
6.003510220748206061e-01
6.500135283642179962e-01
7.072243838473696309e-01
7.392563938569997051e-01
4.314821447066005677e-01
5.279130869729787845e-01
3.651370349770822199e-01
3.777558055583501995e-01
6.478322353338891171e-01
5.529171901818142887e-01
5.878879227511505379e-01
5.190627312960709450e-01
3.642822962099924178e-01
3.457968527706300477e-01
4.828569433132888777e-01
6.176951238290182555e-01
3.437555854903216468e-01
3.886266103017738671e-01
6.471025787304161003e-01
5.489835221812814359e-01
4.526022788571301692e-01
5.540489253569921280e-01
3.754223857041224521e-01
4.760711085779740226e-01
5.179733736722356152e-01
7.274325334632851803e-01
4.732190974145609741e-01
4.019775064196496883e-01
4.717641723361860051e-01
4.108284864546275506e-01
5.592575456527448807e-01
6.872463620043521848e-01
4.420003442081900102e-01
4.583836602748534439e-01
3.848633068294305404e-01
5.875940349976943589e-01
3.641850675939160564e-01
5.063596988780478814e-01
4.806727876516230791e-01
3.782003696471500920e-01
5.626218706034555872e-01
3.294929557146788479e-01
2.875251679994264564e-01
4.832630541255711898e-01
4.443813950375535837e-01
6.032477722805623666e-01
5.914139512985250313e-01
4.668684112013078424e-01
2.821352637473440450e-01
3.849761214942664656e-01
3.284117006052949539e-01
3.206160077236282491e-01
3.548159230975168610e-01
4.457891257023452458e-01
3.943545993173029895e-01
4.009309296909554510e-01
3.470852140653079010e-01
4.202514503716288097e-01
4.049613473064583302e-01
4.084520409023340015e-01
3.901291287848848155e-01
3.750217826920909658e-01
3.839619862308425446e-01
3.516899139601628033e-01
5.946514881885045511e-01
5.074886175814445899e-01
4.120852644504681139e-01
2.770143851232704235e-01
4.613447485969845441e-01
3.499610587281357099e-01
3.177382850755960386e-01
3.696842756277010644e-01
7.245393790603317230e-01
4.162969913087901097e-01
4.505089643935391575e-01
4.917156117148023808e-01
4.991522910425110759e-01
3.381250331542459131e-01
3.407737206414178099e-01
3.768873994642563119e-01
3.442644079737958163e-01
4.693725122849347065e-01
3.974778855003904821e-01
4.237159190942660913e-01
5.393412968091211290e-01
4.811743162417013719e-01
4.654340103164967268e-01
4.353577373705839748e-01
5.425644104350980657e-01
3.774406770393840538e-01
6.962196939035536492e-01
5.733358819492964109e-01
5.000568204420339224e-01
4.140231359370771802e-01
5.473803954748325262e-01
3.261265179437733419e-01
3.465209113367542226e-01
4.430151298594746101e-01
5.634264619629046900e-01
6.396780834926509840e-01
4.162143642894752804e-01
4.328251417331098194e-01
4.211801414865121718e-01
7.507847864354498801e-01
5.473873359096692592e-01
5.227260798697592747e-01
3.386319598058178948e-01
6.615285107470414427e-01
5.252644983554146663e-01
4.998871745310783377e-01
7.489473033404180358e-01
5.761540703428681409e-01
3.790933146893688543e-01
4.487889544799738561e-01
5.591984306165332930e-01
5.172693034516347987e-01
2.917730743770365898e-01
3.936266835537711728e-01
3.585636665028414938e-01
4.577359669704234579e-01
5.272061746541368832e-01
3.517520136254311258e-01
5.444484510428069246e-01
