2.354772128704955669e+00
-2.153040091751486917e-01
-1.358329250590100568e+00
2.691839448916155120e-01
-3.775499880185069768e-01
4.787247845808000335e-01
2.387003204985755023e+00
2.964310279799878267e-02
6.158321586091795030e-01
9.615589000212398929e-01
-1.044350304493571802e+00
-9.790425641220170672e-01
2.292793072528703124e+00
-1.236880822793217788e-01
-5.481373282662740376e-01
5.270226828472446279e-02
4.413112239116034896e-02
-5.375017631523654887e-02
-3.888018800593113777e-01
-1.829096596096891902e-01
1.876743416395456610e+00
-1.671790899438202471e+00
5.029798627411448120e-01
-2.268315459297014502e+00
4.184954827149018897e-01
-8.638407590394119318e-01
-1.450119546300196127e+00
9.727841972064157350e-01
-2.073080890746437921e-01
-9.246832092111724188e-01
-7.301618559024105615e-01
-2.764033791006702545e-01
3.384226906980480343e-01
5.361850520229231032e-01
-7.953808486261546573e-01
-1.820394266690913976e-02
-4.356270602601807762e-01
9.357485232794849894e-01
-7.679911434984689755e-01
-8.643786431539786375e-02
1.015784773490862047e+00
-3.933401010876390602e-01
-1.357868104101400242e+00
6.103475911834550516e-01
-8.543104422556653255e-01
-2.518129372642301078e+00
-3.049841913722169284e+00
-6.581135748854916034e-01
-2.761943906181931752e+00
2.138078402884167506e+00
8.892128198108252279e-01
-7.612491789302293643e-01
-2.772877841941310706e+00
-2.734959980595509377e-01
-3.745835092157109858e-01
2.201557243120275675e+00
4.287809511207961166e-01
7.512192358132618875e-02
-2.651249756367747290e-01
-1.515806368888155786e+00
-2.454532167634857931e+00
-1.019577724111555117e+00
1.551543540695315526e+00
-1.723361433440529833e+00
-1.628567809554282597e+00
3.474982045660731655e-01
-7.512044770466441701e-01
6.371205929575975979e-01
-3.297058881182424184e-01
-4.465411306063872265e-01
-1.362135208137591702e+00
1.696592615571952178e+00
-2.152949256328042793e+00
4.928565246040290670e-01
-5.709940087680487331e-01
-7.192584270766633203e-03
4.520875471032384518e-01
-9.067151589397915989e-01
2.565644122428266449e+00
8.572671020527342645e-01
-1.685290443026788543e+00
-1.088625292833114822e+00
4.860315382458270661e-01
1.039171708295198338e+00
5.838343513478261304e-01
7.571736129080989253e-01
-1.393707229561471417e+00
4.199681396486709128e-01
-2.244719733264042727e+00
8.478896982639444468e-01
-5.595572982424383834e-01
1.004010314786633606e-01
-1.760992506466751983e+00
1.403395318811578862e-02
-2.018841824397528129e-01
1.211542666814263702e+00
1.140360412696251879e+00
4.130083322448285799e-01
1.997920780407661967e+00
-4.927192984943072895e-01
1.195082146221512487e-01
8.992802364434596685e-01
-7.039383385628877887e-01
-1.394460503555137842e+00
-6.721291945789142908e-01
1.540524035664441627e+00
-1.309884529855243285e+00
1.004182372840249249e+00
-1.045424874639829138e+00
-2.010399681218787704e-01
8.695865435640144359e-01
5.544051316770214344e-01
-4.106691503160003753e-01
1.292942560586755274e+00
-2.168546483191165386e+00
-6.020637468168382744e-02
-2.405794522588777795e-01
2.362699513786405969e-01
-5.943298980402221821e-01
-9.626871383711994579e-01
-2.295024623430697575e-01
9.150963930398299251e-01
-4.700008649801597493e-01
-1.171741246951278459e+00
-1.533826954055857561e+00
-5.536012475559911605e-01
7.704989486682582989e-01
1.890435206772279886e-01
-1.423616562566728083e+00
1.752972191544945213e+00
-4.335572338692093020e-01
-1.044980699333323049e+00
1.461844175487362341e+00
1.587977490474052011e+00
-2.139690266940386942e-01
1.858896370377620455e+00
-8.454063009213224067e-01
-1.398327624507980649e-01
1.948638492917913245e+00
-8.545964782538573168e-01
-9.581499417976285793e-02
-2.211899928337361487e+00
7.327584841417956740e-01
-2.017986303124973180e+00
6.543003631354233907e-01
-8.429748943108130721e-01
-1.041335528117637965e+00
9.726289192601303979e-01
7.144747250965655105e-01
-9.145327834120000610e-01
-8.059843796096823887e-01
-2.654649920470321112e-01
-7.739177484013298747e-01
-7.814802582420639077e-01
-1.253338605099175940e+00
2.547187296441942195e+00
9.752724803671006804e-01
-2.702594959675576058e-01
1.491612259652516315e+00
-3.724213678942650541e-01
-1.612012121287544342e-01
6.568196649422211042e-01
-5.735186101274201143e-01
1.333351352975314263e+00
9.347602362693506750e-01
-9.964000794884615431e-01
2.522714563853896585e+00
2.095565583882670890e-01
-1.468082849497645836e-01
8.494479798684145821e-01
-9.487063514499596284e-01
-2.331613103168488077e-01
-2.016362038982607796e+00
2.646124744063253598e+00
1.726519683954852447e-02
1.611907838684829009e-01
6.488573048444987723e-01
-1.170676809107685568e+00
2.059445816187579936e+00
-5.495287470201939417e-01
-1.046255017634479811e+00
-6.109769043590729254e-02
3.863093412784859293e-01
6.898234162923122526e-02
-3.881887703373978482e-01
-1.781909900942400204e+00
-8.150679139255478933e-01
1.126476771520840803e+00
2.163095525807476605e-01
6.719581701673555951e-01
-6.458866821834746696e-01
-3.701250001913377385e+00
1.559677759284980314e-01
-1.847933340083697029e+00
3.045749580713352778e-02
1.303988330747670510e+00
5.383088932863429044e-01
-3.119203212947404547e-01
1.674180751375506371e-01
1.127941456897723960e+00
-1.069207216798721882e+00
-3.335142030565485527e-01
4.479330201568708425e+00
5.835957228764363514e-01
-1.421823830276146783e+00
4.357640101178597569e-01
-1.995064985053603968e-01
-1.001575957449669207e+00
-6.511123784197153652e-02
-7.484391072913483267e-01
-1.953152925262895190e+00
1.510751068593164381e-01
8.080669369472506247e-01
2.150425700763413384e-01
1.993137577362886104e+00
1.502573295168993184e+00
2.562524390232706617e-01
-9.893792947352264555e-01
1.363595909961629049e+00
-9.167818137341261497e-01
1.195620658492403329e-02
-2.793637390607583537e+00
-1.300610425278065696e+00
-1.186374562637182217e+00
-7.403195370296621336e-01
-2.612801032751780328e-01
2.005277035682917930e+00
-1.974657266777767983e+00
7.627356226186476906e-01
2.181344540143884125e-01
-3.101551731987914340e-01
7.653118687961348865e-01
2.459948387231335243e+00
9.079573927754750473e-01
-1.365252470782720162e-01
-1.039176221133139677e+00
-2.136722821507945902e+00
-4.452038658742237809e-01
-1.248407337919713811e+00
1.095037946864480860e+00
-1.555151861737010366e+00
-1.417989468634759387e+00
2.121122802016031983e+00
3.697894418822955109e-01
-8.893258801562687887e-01
-8.761027965781095217e-01
-2.057255056173202590e+00
2.841777513461035687e-01
-1.160569545581656703e-01
-4.210162379704687763e-03
-9.737351536839353727e-01
2.888163927087451288e+00
-8.278756039405795741e-01
1.782617620591190777e+00
-8.515892965176566909e-01
1.710100114762049595e+00
-4.217799695282856476e+00
1.923819531767540614e+00
-5.419532682449009764e-01
1.157438469477511056e+00
1.467960612452542168e+00
-2.316173337657064790e-01
7.500183886793398980e-02
1.186987729208105913e+00
1.761162601057301824e+00
