Generation: 0 68.4125 122.4171 5.7468 21.0382
Generation: 1 71.9872 102.8438 21.3104 26.8207
Generation: 2 85.4515 155.0051 34.9233 31.6646
Generation: 3 75.2035 128.5981 42.6173 29.9143
Generation: 4 71.9532 102.8126 50.8695 29.6425
Generation: 5 83.1281 112.8848 57.7174 26.2174
Generation: 6 71.9548 102.8143 57.6766 24.4327
Generation: 7 76.5952 130.0047 59.8580 21.1869
Generation: 8 74.9124 128.3210 64.0165 17.7966
Generation: 9 71.9532 102.8126 66.3672 15.5283
Generation: 10 72.6729 126.3010 65.5414 17.0505
Generation: 11 71.9532 102.8126 62.8473 17.5015
Generation: 12 73.5351 127.1721 64.2616 18.7897
Generation: 13 73.7096 127.3350 66.0447 16.8935
Generation: 14 78.7337 108.9378 63.6372 21.6142
Generation: 15 70.8883 123.6850 69.4747 9.8515
Generation: 16 80.5361 110.5324 67.7382 14.7101
Generation: 17 72.8211 126.4522 69.0124 10.0296
Generation: 18 83.1049 112.8719 70.2242 7.9753
Generation: 19 69.7865 140.8609 68.4251 13.3904
Generation: 20 76.5394 129.9574 69.3208 10.8345
Generation: 21 71.9581 102.8178 67.4286 13.3430
Generation: 22 68.2199 139.3408 64.4572 17.3534
Generation: 23 74.0676 127.7039 65.2466 14.6719
Generation: 24 58.1265 111.8472 65.3193 16.6606
Generation: 25 75.2931 128.9306 68.3625 13.4731
Generation: 26 81.6342 134.6231 67.0419 13.5044
Generation: 27 74.2904 144.9164 60.4089 20.1372
Generation: 28 83.3980 136.1643 61.9125 17.1742
Generation: 29 77.0620 130.4844 65.0217 13.8831
Generation: 30 81.8247 134.8159 64.0813 16.4503
Generation: 31 77.1173 130.5387 66.1072 11.9835
Generation: 32 77.0729 130.4876 64.3433 14.8599
Generation: 33 76.7852 130.2014 66.0296 11.3657
Generation: 34 80.4444 133.4327 62.1106 16.3069
Generation: 35 83.9777 136.7504 64.4334 17.5294
Generation: 36 81.5923 134.5838 65.2688 13.7010
Generation: 37 83.2888 136.0614 67.4141 10.8275
Generation: 38 81.4935 134.4831 67.3431 10.5691
Generation: 39 85.4231 154.9898 63.4043 16.8761
Generation: 40 83.4260 136.1992 64.5843 15.5613
Generation: 41 83.8460 136.6203 62.6378 18.1636
Generation: 42 84.6626 137.2199 65.9456 13.2509
Generation: 43 83.8725 136.6443 67.9590 10.2081
Generation: 44 81.6419 134.6266 63.9093 19.0199
Generation: 45 83.6248 136.3971 64.5112 14.6801
Generation: 46 83.0568 135.8291 63.3380 16.9740
Generation: 47 83.4493 136.2211 63.5331 15.3670
Generation: 48 83.4933 136.2651 66.3116 13.7855
Generation: 49 83.7619 136.5334 65.2483 16.8645
Generation: 50 85.4785 138.0352 67.4061 14.2760
Generation: 51 85.2501 137.8074 67.4437 15.9044
Generation: 52 83.8390 136.6115 63.7953 19.6959
Generation: 53 83.2726 136.0454 66.8719 14.3789
Generation: 54 85.5043 155.0698 67.4763 14.5618
Generation: 55 83.8044 136.5763 68.9297 13.0793
Generation: 56 83.3421 153.1227 69.6020 12.3461
Generation: 57 88.1023 180.4426 68.4085 12.0064
Generation: 58 85.6025 138.1601 69.0745 10.5480
Generation: 59 85.7064 138.2640 69.7351 11.3105
Generation: 60 83.6732 136.4449 71.0924 9.0836
Generation: 61 85.6343 138.1874 69.9278 12.3300
Generation: 62 85.7357 138.2930 71.0594 11.5919
Generation: 63 83.8371 136.6088 73.2521 6.5215
Generation: 64 85.4970 138.0540 72.4458 9.8919
Generation: 65 88.1247 180.4659 70.1719 12.5786
Generation: 66 85.4403 137.9968 71.4989 10.1728
Generation: 67 83.7950 136.5671 70.9304 9.5816
Generation: 68 85.5084 138.0647 69.4732 13.3294
Generation: 69 85.9355 138.4947 69.8624 12.6659
Generation: 70 83.5103 136.2820 70.4179 12.4885
Generation: 71 87.7985 180.1397 70.7233 12.9486
Generation: 72 83.5186 136.2904 70.7225 13.5034
Generation: 73 87.7533 180.0936 72.9797 9.3662
Generation: 74 85.4034 137.9597 71.9529 10.9827
Generation: 75 88.2157 180.5569 73.5754 9.1832
Generation: 76 87.6955 180.0368 72.7098 9.8705
Generation: 77 75.2297 150.5704 70.5329 14.4082
Generation: 78 87.8033 180.1444 74.3866 7.0120
Generation: 79 85.6591 138.2157 73.7934 8.1820
Generation: 80 88.2516 180.5918 75.3500 5.3677
Generation: 81 88.2146 180.5631 75.0909 5.6369
Generation: 82 85.7276 138.2837 75.1437 6.7326
Generation: 83 88.2323 180.5812 74.5516 7.4262
Generation: 84 85.6423 138.1988 74.2412 5.7906
Generation: 85 88.0866 180.4268 75.6102 5.2409
Generation: 86 87.7448 180.0860 73.9639 10.0040
Generation: 87 85.4100 137.9677 71.9764 12.7930
Generation: 88 85.8730 138.4319 75.0418 5.6306
Generation: 89 85.7613 138.3178 74.3821 10.2766
Generation: 90 88.1557 180.4969 72.7042 12.6872
Generation: 91 85.4274 137.9912 74.7666 7.0974
Generation: 92 85.7190 138.2761 74.6649 6.2680
Generation: 93 87.7635 180.1047 75.3634 7.2576
Generation: 94 87.8489 180.1901 75.9575 7.2441
Generation: 95 88.1825 180.5302 74.6644 5.2025
Generation: 96 85.7640 138.3211 73.8053 7.1102
Generation: 97 85.7799 138.3371 74.2610 8.4003
Generation: 98 87.9234 180.2636 74.6089 6.4816
Generation: 99 88.4440 180.7921 75.2807 10.2004
Generation: 100 85.7073 138.2680 75.9543 7.9320
Generation: 101 85.5466 155.1018 75.6715 7.8876
Generation: 102 88.0716 180.4118 73.6836 10.1939
Generation: 103 87.6792 180.0203 74.7556 8.1580
Generation: 104 85.6658 138.2220 75.3321 5.9192
Generation: 105 88.3840 180.7321 75.8328 8.1548
Generation: 106 87.9383 180.2786 74.3248 9.0080
Generation: 107 88.2059 180.5540 74.5787 10.8056
Generation: 108 85.5876 138.1449 76.0101 6.2563
Generation: 109 88.3347 180.6759 75.5831 6.6724
Generation: 110 87.8934 180.2336 75.9433 6.3957
Generation: 111 88.2423 180.5826 76.1273 6.7776
Generation: 112 88.2263 180.5666 76.0894 6.3735
Generation: 113 87.9426 180.2837 74.7923 10.7560
Generation: 114 85.8009 138.3595 75.7981 8.1059
Generation: 115 88.3506 180.6992 77.3756 6.1446
Generation: 116 88.4799 180.8257 76.9688 6.9406
Generation: 117 87.9734 180.3211 75.0623 10.8158
Generation: 118 88.3956 180.7442 76.4474 7.2945
Generation: 119 87.8934 180.2336 75.8361 8.5796
Generation: 120 87.7533 180.0936 74.6746 11.4519
Generation: 121 88.9451 181.2875 74.2907 12.4261
Generation: 122 85.8651 155.4276 74.4854 13.3168
Generation: 123 87.8081 180.1490 75.8230 8.8284
Generation: 124 88.3817 180.7302 76.5011 6.8156
Generation: 125 88.0580 180.4050 77.0703 6.1686
Generation: 126 88.2325 180.5727 76.9649 6.9925
Generation: 127 88.3838 180.7307 77.3430 6.1895
Generation: 128 87.8703 180.2150 75.9397 6.9439
Generation: 129 84.7396 154.3032 76.0975 6.6288
Generation: 130 88.0556 180.3934 76.2269 6.5018
Generation: 131 87.7434 180.0836 75.7513 6.7869
Generation: 132 88.0934 180.4336 75.7381 7.7027
Generation: 133 88.3067 180.6552 76.0136 6.5936
Generation: 134 87.8207 180.1619 77.0036 7.0073
Generation: 135 87.9987 180.3385 77.2747 6.9673
Generation: 136 85.8540 138.4111 77.7203 6.4382
Generation: 137 87.8323 180.1726 77.4163 5.9879
Generation: 138 88.3796 180.7281 77.5906 5.5984
Generation: 139 88.3067 180.6552 77.4709 6.7172
Generation: 140 88.1749 180.5231 78.0532 5.7647
Generation: 141 88.3067 180.6552 78.7774 5.1782
Generation: 142 87.9975 180.3403 77.8691 6.6070
Generation: 143 88.6080 180.9561 78.5777 5.7185
Generation: 144 88.2446 180.5931 78.0146 6.1765
Generation: 145 88.6279 180.9735 79.2064 5.5100
Generation: 146 88.5468 180.8950 78.8671 5.2129
Generation: 147 87.8585 180.1997 77.9075 5.4871
Generation: 148 88.0950 180.4382 78.6446 6.3439
Generation: 149 88.2570 180.6040 77.7698 6.9668
Generation: 150 88.2032 180.5440 77.5268 5.6161
Generation: 151 88.3470 180.6940 76.8081 7.5723
Generation: 152 88.3990 180.7471 78.9363 5.1675
Generation: 153 88.3351 180.6813 77.6330 7.1064
Generation: 154 88.5167 180.8631 77.9619 7.1525
Generation: 155 88.6767 181.0252 79.2023 6.6978
Generation: 156 88.7767 181.1252 78.1114 6.4779
Generation: 157 88.3897 180.7294 76.7779 7.3470
Generation: 158 88.1681 180.5141 77.5516 6.8931
Generation: 159 88.3197 180.6609 78.4312 5.7371
Generation: 160 88.3209 180.6690 77.6944 7.3066
Generation: 161 88.3644 180.7012 78.1948 6.3661
Generation: 162 88.1938 180.5394 77.6885 6.3134
Generation: 163 88.3711 180.7012 78.8143 6.4669
Generation: 164 88.5539 180.9003 78.2593 6.8789
Generation: 165 88.8683 181.2141 78.9699 6.1630
Generation: 166 88.5377 180.8875 79.3880 5.6670
Generation: 167 88.9740 181.3221 78.7955 6.8915
Generation: 168 88.7856 181.1342 79.0135 6.7320
Generation: 169 88.5417 180.8902 79.1967 6.4830
Generation: 170 88.4840 180.8321 78.8894 5.9578
Generation: 171 88.6100 180.9550 80.3256 6.2442
Generation: 172 88.6159 180.9640 78.9119 6.6151
Generation: 173 88.3324 180.6772 78.5414 5.5695
Generation: 174 88.5740 180.9221 78.3783 6.3556
Generation: 175 88.4882 180.8319 79.1885 5.4954
Generation: 176 88.8049 181.1507 78.4047 6.9233
Generation: 177 88.7497 181.0850 80.2155 6.3128
Generation: 178 88.8157 181.1569 79.3818 5.9344
Generation: 179 88.9049 181.2507 79.7985 6.2226
Generation: 180 88.8256 181.1742 80.7707 6.8637
Generation: 181 88.6727 181.0185 79.5060 7.0797
Generation: 182 88.7573 181.1009 80.4293 6.1977
Generation: 183 88.8470 181.1940 80.5187 6.8910
Generation: 184 88.7517 181.1002 79.3488 8.6479
Generation: 185 88.5967 180.9452 80.1694 5.8582
Generation: 186 88.8567 181.2052 79.8090 6.6233
Generation: 187 88.5030 180.8511 80.4379 7.9480
Generation: 188 88.8147 181.1513 81.2689 6.4519
Generation: 189 88.7077 181.0535 80.7322 7.0257
Generation: 190 88.9449 181.2907 80.3853 6.3894
Generation: 191 88.8841 181.2290 81.2297 5.5762
Generation: 192 88.5106 180.8592 81.3040 4.8642
Generation: 193 88.8606 181.2092 80.8981 4.9994
Generation: 194 89.2290 181.5740 82.0832 4.5901
Generation: 195 89.1109 181.4560 80.9152 5.3036
Generation: 196 88.7401 181.0842 81.0759 4.9358
Generation: 197 89.3500 181.6950 81.1981 5.8778
Generation: 198 89.0367 181.3852 80.6556 5.3636
Generation: 199 88.7017 181.0502 81.8017 4.7598
Generation: 200 88.6699 181.0157 80.4680 6.1474
Generation: 201 89.7911 182.1321 81.6385 5.2199
Generation: 202 88.9426 181.2870 81.0400 4.8102
Generation: 203 89.0590 181.4031 81.1420 7.2581
Generation: 204 89.1525 181.4961 81.4259 6.2536
Generation: 205 88.7906 181.1392 81.3564 5.8983
Generation: 206 88.8406 181.1892 80.8831 6.0653
Generation: 207 88.6642 181.0121 80.8425 5.4651
Generation: 208 88.8817 181.2302 80.9845 7.1993
Generation: 209 88.7657 181.1116 81.2389 6.1630
Generation: 210 89.0167 181.3652 81.4863 4.6746
Generation: 211 88.9107 181.2566 80.6993 7.0337
Generation: 212 88.8017 181.1502 80.6013 5.0136
Generation: 213 89.5297 181.8720 81.0254 6.0468
Generation: 214 88.4617 180.8102 80.6242 8.9931
Generation: 215 88.9267 181.2752 81.8180 6.0486
Generation: 216 89.7287 182.0710 81.9567 6.2952
Generation: 217 89.2797 181.6220 80.4797 6.7303
Generation: 218 88.8367 181.1852 81.9239 5.9805
Generation: 219 89.4270 181.7681 81.4512 6.0694
Generation: 220 88.9096 181.2581 82.2410 5.4207
Generation: 221 88.8170 181.1640 82.1885 5.6474
Generation: 222 88.9406 181.2892 81.8455 4.7676
Generation: 223 89.2016 181.5475 81.7037 4.6228
Generation: 224 89.0980 181.4461 81.8222 5.4983
Generation: 225 89.2037 181.5366 83.0822 4.8732
Generation: 226 89.4788 181.8171 82.4691 4.8221
Generation: 227 88.8364 181.1690 81.6031 5.8089
Generation: 228 89.2909 181.6360 83.4399 4.3831
Generation: 229 88.8880 181.2361 82.5807 4.3385
Generation: 230 89.1288 181.4671 83.0909 4.5751
Generation: 231 89.1377 181.4835 82.6093 5.1523
Generation: 232 89.4298 181.7712 81.5923 5.9964
Generation: 233 89.3409 181.6860 82.6489 5.1435
Generation: 234 89.1540 181.4990 81.9602 5.1610
Generation: 235 89.3927 181.7385 82.6916 4.1506
Generation: 236 89.6311 181.9713 82.3153 4.7395
Generation: 237 88.9155 181.2607 81.6258 6.2420
Generation: 238 88.8480 181.1950 81.3523 5.7484
Generation: 239 88.8817 181.2302 81.7946 6.6424
Generation: 240 89.1856 181.5342 82.7602 4.3070
Generation: 241 89.4638 181.8021 82.7132 4.2177
Generation: 242 89.3416 181.6875 82.3050 4.4725
Generation: 243 89.7547 182.0970 82.0194 5.5654
Generation: 244 89.3727 181.7185 82.5206 5.0557
Generation: 245 89.8747 182.2170 82.1602 5.6213
Generation: 246 89.3077 181.6535 82.8646 4.7875
Generation: 247 89.2367 181.5793 82.1809 5.0463
Generation: 248 88.9367 181.2852 82.7479 4.8000
Generation: 249 89.0671 181.4125 83.0130 4.1157
Generation: 250 89.0188 181.3571 82.4639 4.7771
Generation: 251 89.3966 181.7425 82.9055 3.7010
Generation: 252 89.2566 181.6025 82.3174 5.5835
Generation: 253 89.4727 181.8185 82.7188 4.6193
Generation: 254 89.1920 181.5390 82.5779 4.9028
Generation: 255 89.0579 181.3961 83.2026 4.7834
Generation: 256 89.0977 181.4435 82.1691 5.5767
Generation: 257 89.6147 181.9570 82.5871 5.0245
Generation: 258 89.1791 181.5192 83.2403 4.0227
Generation: 259 89.3368 181.6820 82.6701 5.4983
Generation: 260 89.4021 181.7425 83.5113 4.6888
Generation: 261 88.9057 181.2516 82.7888 5.0346
Generation: 262 89.6270 181.9681 83.2116 5.1701
Generation: 263 89.9237 182.2660 83.5359 4.2806
Generation: 264 89.1566 181.5025 83.2335 4.7276
Generation: 265 88.9230 181.2700 82.1879 6.1451
Generation: 266 89.1800 181.5250 83.2241 3.9345
Generation: 267 89.0166 181.3625 84.1863 4.5218
Generation: 268 89.0055 181.3450 83.4669 4.2222
Generation: 269 89.3596 181.6981 83.2746 4.6975
Generation: 270 88.8561 181.2002 82.3992 4.9663
Generation: 271 89.3177 181.6635 82.6238 5.1591
Generation: 272 89.3197 181.6620 82.8847 4.5824
Generation: 273 89.2697 181.6120 83.8039 3.9696
Generation: 274 89.5116 181.8564 83.5770 4.3909
Generation: 275 89.2416 181.5875 83.5234 4.5040
Generation: 276 89.3027 181.6485 83.4341 4.2261
Generation: 277 89.1527 181.4985 83.2506 4.4287
Generation: 278 89.0477 181.3935 83.4245 5.0240
Generation: 279 88.9742 181.3201 83.1816 4.5060
Generation: 280 89.2526 181.5953 83.0348 4.3785
Generation: 281 89.1947 181.5370 84.0733 4.6418
Generation: 282 88.8677 181.2135 83.1083 4.7726
Generation: 283 89.3859 181.7296 84.1871 4.1111
Generation: 284 89.2417 181.5843 83.9374 4.4356
Generation: 285 88.8616 181.2075 83.9271 4.4729
Generation: 286 89.0367 181.3852 83.4077 4.0973
Generation: 287 89.6288 181.9671 83.2171 4.9580
Generation: 288 88.9430 181.2900 82.1600 5.5057
Generation: 289 89.3927 181.7385 83.7007 4.8766
Generation: 290 89.0640 181.4060 84.2146 3.8237
Generation: 291 89.2727 181.6185 83.8196 5.0674
Generation: 292 89.0767 181.4252 84.1207 4.3411
Generation: 293 89.1577 181.5035 83.9147 4.4710
Generation: 294 89.8597 182.2020 83.0702 5.2544
Generation: 295 89.8161 182.1571 84.2259 4.4902
Generation: 296 89.2490 181.5940 83.4239 5.2128
Generation: 297 89.3727 181.7185 83.8153 3.9359
Generation: 298 89.3916 181.7375 83.7529 4.8428
Generation: 299 89.3027 181.6485 83.2799 5.1737
Generation: 300 89.4109 181.7546 84.0954 4.8039
Generation: 301 89.3487 181.6910 83.0551 4.7761
Generation: 302 89.3161 181.6542 83.1918 5.1659
Generation: 303 89.6820 182.0231 83.4048 5.0559
Generation: 304 89.2977 181.6435 83.6576 4.7647
Generation: 305 89.3777 181.7235 83.5561 4.6853
Generation: 306 89.2968 181.6420 84.2776 3.5227
Generation: 307 89.2317 181.5743 83.7397 4.6924
Generation: 308 89.5782 181.9185 83.6276 4.1626
Generation: 309 89.5897 181.9320 83.0036 5.4226
Generation: 310 89.0748 181.4220 83.2299 4.8760
Generation: 311 89.7029 182.0411 83.5820 4.7838
Generation: 312 89.0650 181.4100 84.4025 3.9607
Generation: 313 89.6597 182.0020 83.6693 4.7068
Generation: 314 89.0120 181.3590 83.3477 4.5799
Generation: 315 89.1566 181.5025 84.4101 4.2331
Generation: 316 89.3464 181.6871 84.0261 3.7877
Generation: 317 89.5747 181.9170 83.4220 4.4533
Generation: 318 89.5988 181.9371 84.3004 4.2562
Generation: 319 89.3317 181.6743 83.8460 4.3887
Generation: 320 89.2667 181.6093 83.8747 4.8331
Generation: 321 89.3287 181.6710 83.9072 4.6250
Generation: 322 89.1466 181.4925 82.7685 5.0365
Generation: 323 89.4274 181.7670 84.0120 4.7686
Generation: 324 89.2217 181.5643 83.2283 4.8829
Generation: 325 88.9959 181.3383 83.6378 4.4045
Generation: 326 89.2200 181.5650 82.9779 5.4062
Generation: 327 89.7029 182.0411 83.7360 4.6457
Generation: 328 89.3150 181.6600 83.3163 4.4492
Generation: 329 89.3616 181.7075 84.3775 4.2066
Generation: 330 89.5761 181.9142 84.3595 4.0743
Generation: 331 89.2091 181.5492 83.5871 4.8674
Generation: 332 89.3304 181.6711 83.6890 4.6597
Generation: 333 89.7120 182.0531 84.3642 4.6175
Generation: 334 89.1971 181.5352 84.3428 4.6035
Generation: 335 89.0491 181.3880 82.7990 5.0253
Generation: 336 89.6137 181.9560 84.9536 3.8879
Generation: 337 89.3316 181.6775 84.3510 4.1653
Generation: 338 89.0538 181.3971 84.5323 4.1328
Generation: 339 89.7444 182.0821 84.0414 5.1924
Generation: 340 89.5045 181.8440 83.9230 4.5066
Generation: 341 89.3616 181.7075 83.9139 4.7037
Generation: 342 89.2512 181.5866 83.7434 5.0023
Generation: 343 89.5911 181.9321 83.5276 4.9538
Generation: 344 89.2083 181.5482 85.0391 3.9699
Generation: 345 89.7087 182.0510 83.9321 4.7618
Generation: 346 89.2914 181.6283 84.7864 4.0984
Generation: 347 89.1209 181.4633 84.6361 4.2393
Generation: 348 89.2178 181.5507 84.2567 3.8712
Generation: 349 89.7688 182.1071 84.8731 4.0374
Generation: 350 89.6787 182.0210 85.1261 3.5942
Generation: 351 89.2161 181.5571 84.2698 3.9246
Generation: 352 89.2154 181.5481 84.0754 4.5722
Generation: 353 89.5771 181.9175 83.7076 4.5570
Generation: 354 89.1921 181.5325 83.9309 4.3539
Generation: 355 89.3240 181.6690 84.3660 4.0741
Generation: 356 89.1620 181.5031 84.3724 4.3461
Generation: 357 89.4571 181.7975 84.2523 4.0647
Generation: 358 89.4061 181.7471 84.2140 5.1034
Generation: 359 89.4288 181.7671 83.6393 5.1587
Generation: 360 89.5747 181.9170 84.0884 4.9304
Generation: 361 89.9087 182.2510 84.5490 4.5538
Generation: 362 89.3000 181.6450 83.9648 4.9507
Generation: 363 89.1366 181.4825 84.1344 4.4000
Generation: 364 89.3487 181.6910 83.7175 5.0258
Generation: 365 89.5404 181.8757 84.8957 3.7841
Generation: 366 89.3737 181.7160 84.0901 4.4907
Generation: 367 89.1320 181.4790 83.6321 4.8781
Generation: 368 89.1262 181.4616 83.9428 5.0528
Generation: 369 89.2040 181.5490 83.8975 4.6518
Generation: 370 89.2512 181.5926 84.1904 4.4909
Generation: 371 88.9703 181.3175 84.5450 4.5424
Generation: 372 89.5297 181.8720 84.3626 4.7597
Generation: 373 89.2266 181.5725 82.7725 7.3882
Generation: 374 89.0238 181.3621 84.0991 4.8808
Generation: 375 89.5597 181.9020 85.3132 3.3438
Generation: 376 89.0454 181.3861 84.6138 4.4717
Generation: 377 89.2737 181.6160 84.5357 4.7878
Generation: 378 89.1947 181.5370 84.3041 4.3136
Generation: 379 89.0579 181.4021 84.3712 4.5640
Generation: 380 89.2379 181.5761 83.3691 5.7148
Generation: 381 89.1248 181.4686 83.8022 5.1945
Generation: 382 89.2500 181.5950 84.0057 4.7855
Generation: 383 89.5447 181.8870 84.8578 4.3886
Generation: 384 89.2921 181.6325 84.9375 4.4463
Generation: 385 89.2980 181.6392 84.0360 6.6557
Generation: 386 89.2800 181.6190 84.2010 4.6082
Generation: 387 89.3837 181.7260 84.5123 4.6859
Generation: 388 89.1219 181.4622 83.7354 4.6398
Generation: 389 89.2047 181.5470 84.1100 4.3823
Generation: 390 89.0504 181.3831 84.2090 4.6032
Generation: 391 89.2033 181.5453 84.3582 5.0015
Generation: 392 89.5737 181.9160 83.9543 5.4407
Generation: 393 89.7087 182.0510 84.5204 4.5206
Generation: 394 89.2611 181.6013 84.0269 4.7909
Generation: 395 89.5550 181.8953 84.3804 4.4607
Generation: 396 89.0740 181.4190 84.0912 4.6672
Generation: 397 89.4787 181.8210 84.0160 4.8450
Generation: 398 89.5061 181.8463 84.3492 4.4992
Generation: 399 89.2154 181.5481 83.1948 5.8979
Generation: 400 89.2454 181.5781 84.1556 4.7484
Generation: 401 89.5908 181.9275 84.4083 4.5500
Generation: 402 89.4540 181.7981 83.6148 6.6642
Generation: 403 89.3079 181.6461 84.2295 4.8822
Generation: 404 89.0809 181.4246 83.6036 5.4900
Generation: 405 89.4137 181.7560 84.4565 5.0895
Generation: 406 89.5261 181.8663 83.4927 5.1524
Generation: 407 89.5111 181.8492 84.2510 4.9788
Generation: 408 89.3916 181.7375 85.0268 3.9967
Generation: 409 89.6401 181.9775 84.6808 5.5008
Generation: 410 89.6911 182.0313 84.1670 4.9470
Generation: 411 89.4388 181.7771 83.0887 5.2544
Generation: 412 89.6087 181.9510 84.8725 4.3091
Generation: 413 89.7229 182.0611 83.2334 7.9924
Generation: 414 89.8600 182.2003 83.2691 8.6955
Generation: 415 89.5043 181.8415 83.1973 8.2476
Generation: 416 89.7038 182.0421 82.9425 9.2801
Generation: 417 89.2174 181.5540 82.5888 8.4929
Generation: 418 89.9347 182.2770 83.3374 9.7804
Generation: 419 89.3472 181.6887 83.0175 6.3517
Generation: 420 89.5747 181.9170 83.2973 8.5309
Generation: 421 89.7250 182.0653 82.7643 8.7375
Generation: 422 89.2121 181.5581 82.3592 6.1567
Generation: 423 89.2263 181.5702 81.6153 9.7033
Generation: 424 89.7211 182.0613 83.1924 6.0334
Generation: 425 89.3791 181.7220 83.0408 7.1290
Generation: 426 89.6587 182.0010 83.1596 7.0641
Generation: 427 89.6511 181.9913 83.6072 5.6324
Generation: 428 89.6900 182.0303 83.0816 7.9310
Generation: 429 89.3540 181.6981 83.5164 7.7268
Generation: 430 89.6451 181.9825 83.4755 5.4143
Generation: 431 89.1416 181.4875 83.9069 5.5240
Generation: 432 88.9867 181.3352 83.3945 7.4700
Generation: 433 89.5597 181.9020 83.7424 6.5047
Generation: 434 89.6011 181.9413 83.3436 7.7380
Generation: 435 89.0154 181.3561 83.3503 6.0731
Generation: 436 89.3772 181.7141 83.1231 8.4292
Generation: 437 89.2577 181.6035 84.4211 5.4553
Generation: 438 89.2734 181.6130 84.4314 5.0001
Generation: 439 89.5434 181.8830 83.2784 9.6715
Generation: 440 89.2877 181.6335 82.5761 7.1804
Generation: 441 89.5674 181.9040 84.3460 4.5080
Generation: 442 89.0485 181.3830 83.8012 6.2132
Generation: 443 89.3662 181.7051 83.7788 5.5223
Generation: 444 89.6861 182.0263 85.3353 3.8489
Generation: 445 89.3961 181.7363 85.0845 4.8893
Generation: 446 89.1480 181.4950 84.5627 6.7983
Generation: 447 89.3284 181.6713 84.1051 5.2809
Generation: 448 89.4171 181.7526 82.9628 9.6630
Generation: 449 89.4261 181.7663 84.1771 7.5041
Generation: 450 89.4400 181.7803 84.6397 7.6968
Generation: 451 89.5845 181.9250 82.8830 8.8738
Generation: 452 89.4747 181.8170 84.8821 5.7917
Generation: 453 89.7088 182.0471 82.9615 8.3611
Generation: 454 89.5359 181.8750 84.2509 6.4337
Generation: 455 89.7061 182.0463 83.1364 6.0561
Generation: 456 89.3982 181.7385 84.2719 5.2314
Generation: 457 89.6011 181.9413 83.6577 5.7946
Generation: 458 89.8497 182.1920 83.2735 6.8601
Generation: 459 89.4877 181.8335 84.7316 5.4469
Generation: 460 89.8670 182.2081 84.5858 4.2050
Generation: 461 89.3937 181.7360 84.1269 5.6958
Generation: 462 89.3777 181.7235 84.0943 5.1407
Generation: 463 89.3464 181.6871 83.9546 5.2208
Generation: 464 89.5632 181.9035 84.4665 4.9549
Generation: 465 89.2540 181.5981 84.0612 5.0403
Generation: 466 89.3027 181.6485 83.7338 5.1395
Generation: 467 89.4711 181.8113 84.0031 5.0514
Generation: 468 89.4072 181.7487 84.0454 6.3171
Generation: 469 89.6071 181.9452 83.6146 5.6527
Generation: 470 89.1864 181.5322 83.5636 5.4631
Generation: 471 89.2417 181.5843 83.3350 5.2652
Generation: 472 89.3452 181.6880 83.2862 5.8946
Generation: 473 89.7961 182.1363 84.0052 6.0969
Generation: 474 89.2990 181.6431 83.7470 5.4938
Generation: 475 89.7900 182.1303 84.0655 5.4101
Generation: 476 89.3490 181.6931 84.8468 4.2281
Generation: 477 89.6573 181.9961 84.6973 5.1026
Generation: 478 89.6820 182.0231 83.5371 5.1512
Generation: 479 89.6111 181.9513 84.3324 4.7397
Generation: 480 89.2602 181.6030 84.4679 4.9699
Generation: 481 89.5745 181.9131 84.2725 5.5052
Generation: 482 89.6011 181.9413 84.6370 4.5340
Generation: 483 89.7211 182.0613 84.9572 4.5873
Generation: 484 89.6201 181.9575 85.1357 3.8057
Generation: 485 89.5387 181.8810 84.7100 4.5803
Generation: 486 89.6522 181.9911 83.8041 4.5407
Generation: 487 89.7801 182.1175 84.6483 4.1715
Generation: 488 89.7811 182.1213 84.0762 4.9733
Generation: 489 89.6785 182.0150 83.9632 4.7738
Generation: 490 89.7397 182.0820 84.3386 4.4502
Generation: 491 89.3095 181.6500 84.9933 4.0764
Generation: 492 89.5172 181.8561 84.5460 4.8139
Generation: 493 89.7361 182.0763 84.4949 4.0287
Generation: 494 89.0314 181.3740 84.1344 4.2930
Generation: 495 89.7950 182.1353 84.8614 5.3599
Generation: 496 89.4807 181.8180 85.2204 4.1227
Generation: 497 89.3451 181.6825 84.8081 4.4009
Generation: 498 89.2813 181.6252 84.5144 4.4372
Generation: 499 89.6361 181.9763 85.3844 4.3878
Generation: 500 89.3052 181.6480 84.2881 4.4609
Generation: 501 89.4361 181.7742 84.0405 5.8047
Generation: 502 89.2804 181.6242 84.9063 4.6623
Generation: 503 89.2745 181.6131 83.3780 6.8905
Generation: 504 89.3251 181.6625 84.2091 6.6830
Generation: 505 89.4747 181.8153 85.2039 3.9603
Generation: 506 89.4385 181.7771 84.0223 5.8336
Generation: 507 89.7450 182.0853 85.0458 5.3121
Generation: 508 89.4213 181.7595 84.2741 6.3736
Generation: 509 89.2152 181.5580 83.4154 6.9848
Generation: 510 89.7500 182.0903 84.1394 4.7773
Generation: 511 89.4351 181.7725 83.4620 6.7233
Generation: 512 89.3822 181.7237 83.4610 7.4752
Generation: 513 89.2490 181.5931 83.9082 5.8013
Generation: 514 89.7812 182.1201 84.2895 4.9430
Generation: 515 89.3701 181.7075 84.3130 5.3756
Generation: 516 89.2452 181.5880 85.0911 4.5132
Generation: 517 89.5447 181.8870 84.8297 4.5452
Generation: 518 89.6134 181.9530 84.5918 4.7204
Generation: 519 89.7511 182.0913 85.3672 4.0489
Generation: 520 89.5738 181.9121 85.4323 3.5479
Generation: 521 89.4443 181.7840 83.8680 5.1706
Generation: 522 89.4671 181.8052 84.8988 7.5489
Generation: 523 89.7079 182.0461 85.0556 4.7289
Generation: 524 89.9366 182.2796 84.7396 5.0661
Generation: 525 89.5538 181.8921 85.0135 5.2087
Generation: 526 89.5874 181.9240 83.2712 9.9538
Generation: 527 89.1690 181.5131 84.4833 5.3322
Generation: 528 89.2059 181.5496 84.1799 4.8221
Generation: 529 89.4517 181.7884 84.7241 4.9034
Generation: 530 89.8697 182.2120 84.4383 7.8033
Generation: 531 89.3213 181.6652 85.1846 4.2342
Generation: 532 89.5082 181.8485 84.8523 5.4859
Generation: 533 89.4540 181.7981 84.7633 4.7087
Generation: 534 89.4877 181.8335 85.0038 4.7964
Generation: 535 89.2278 181.5594 84.8218 5.3808
Generation: 536 89.6147 181.9570 83.8782 5.2252
Generation: 537 89.6634 182.0030 85.1105 3.9114
Generation: 538 89.4984 181.8380 84.9834 4.8209
Generation: 539 89.6201 181.9575 83.6009 4.9618
Generation: 540 89.4661 181.8063 85.1669 3.8435
Generation: 541 89.4117 181.7466 83.3653 6.8751
Generation: 542 89.7661 182.1063 84.1374 5.9425
Generation: 543 89.7085 182.0450 85.0728 4.3925
Generation: 544 89.2211 181.5613 84.1833 6.8362
Generation: 545 89.2316 181.5764 83.7130 8.6832
Generation: 546 89.3937 181.7360 84.5679 4.2809
Generation: 547 89.3761 181.7163 83.8772 10.6651
Generation: 548 89.2540 181.5981 84.7506 4.5089
Generation: 549 89.3197 181.6652 84.9705 4.2538
Generation: 550 89.4966 181.8396 84.8987 4.0869
Generation: 551 89.2827 181.6285 84.4384 4.4440
Generation: 552 89.6701 182.0075 84.7153 4.6422
Generation: 553 89.4408 181.7775 84.9810 4.6028
Generation: 554 89.5080 181.8492 84.5670 4.7462
Generation: 555 89.6747 182.0170 83.9072 5.4141
Generation: 556 89.6094 181.9471 84.8444 4.7145
Generation: 557 89.8692 182.1916 83.7957 4.6417
Generation: 558 89.5621 181.9002 84.2146 4.4654
Generation: 559 89.8547 182.1970 84.8109 4.4278
Generation: 560 89.4100 181.7503 84.2991 4.8268
Generation: 561 89.3546 181.7010 84.9437 4.5566
Generation: 562 89.3297 181.6720 84.9309 4.4173
Generation: 563 89.3350 181.6800 84.9131 3.9800
Generation: 564 89.4085 181.7450 84.5764 3.5072
Generation: 565 89.1714 181.5172 84.7656 3.8390
Generation: 566 89.6997 182.0420 85.2253 4.2981
Generation: 567 89.4887 181.8310 85.1586 4.1097
Generation: 568 89.4413 181.7852 84.5022 4.5893
Generation: 569 89.5711 181.9113 85.1145 4.1566
Generation: 570 89.8234 182.1630 85.4298 3.7189
Generation: 571 89.6897 182.0320 84.7613 4.4336
Generation: 572 89.1424 181.4843 84.2823 4.4353
Generation: 573 89.3432 181.6854 84.2542 4.4431
Generation: 574 89.5620 181.9031 85.6382 3.5802
Generation: 575 89.3270 181.6689 84.8276 4.8050
Generation: 576 89.7096 182.0500 85.7971 3.6732
Generation: 577 89.4287 181.7710 84.4175 4.2527
Generation: 578 89.8021 182.1402 85.2690 3.9382
Generation: 579 89.7294 182.0671 85.1888 4.0675
Generation: 580 89.3446 181.6850 84.4458 4.4120
Generation: 581 89.7211 182.0613 84.4534 4.0665
Generation: 582 89.7787 182.1210 84.8009 3.9856
Generation: 583 89.3588 181.6971 84.0358 4.5828
Generation: 584 89.6754 182.0107 84.5224 3.9733
Generation: 585 89.4521 181.7876 84.3720 4.2928
Generation: 586 89.8647 182.2070 85.0841 3.7817
Generation: 587 89.4434 181.7830 84.9655 4.0941
Generation: 588 89.6198 181.9612 84.1341 5.0285
Generation: 589 89.7820 182.1231 84.0698 4.4513
Generation: 590 89.2329 181.5711 84.5092 4.2520
Generation: 591 89.5747 181.9170 84.0080 4.4693
Generation: 592 89.9397 182.2820 84.8167 4.1212
Generation: 593 89.1867 181.5293 84.3057 3.6800
Generation: 594 89.4797 181.8220 84.3005 4.6013
Generation: 595 89.3600 181.7050 84.0465 4.2248
Generation: 596 89.6241 181.9664 84.7896 3.9253
Generation: 597 89.3947 181.7370 84.7312 4.1160
Generation: 598 88.9979 181.3421 84.5504 3.8298
Generation: 599 89.2559 181.6010 85.0524 3.5698
Generation: 600 89.2572 181.5994 84.2194 4.1886
Generation: 601 89.5247 181.8670 84.5868 3.7026
Generation: 602 89.6997 182.0420 83.9707 4.9118
Generation: 603 89.6082 181.9504 84.6014 4.4959
Generation: 604 89.3538 181.6921 84.2298 4.6007
Generation: 605 89.6639 182.0052 85.3892 3.2476
Generation: 606 89.1230 181.4642 84.9665 3.5701
Generation: 607 89.8597 182.2020 84.6150 4.1240
Generation: 608 89.1367 181.4793 83.9016 4.6680
Generation: 609 89.3077 181.6535 84.5945 4.7880
Generation: 610 89.1867 181.5293 84.9267 3.8328
Generation: 611 89.2850 181.6300 85.0976 3.3814
Generation: 612 89.6830 182.0242 84.5948 4.4279
Generation: 613 89.2313 181.5752 83.9602 4.4761
Generation: 614 89.6300 181.9703 85.6756 3.4426
Generation: 615 89.5411 181.8813 85.5037 3.6973
Generation: 616 89.1779 181.5221 84.0449 4.3876
Generation: 617 89.2950 181.6400 84.2460 4.6381
Generation: 618 89.7470 182.0881 84.9545 4.2907
Generation: 619 89.6980 182.0392 85.1434 3.8849
Generation: 620 89.6493 181.9890 85.3062 3.9771
Generation: 621 89.3763 181.7202 84.3218 4.2109
Generation: 622 89.6820 182.0231 85.0855 4.5423
Generation: 623 89.7047 182.0470 84.1488 4.4969
Generation: 624 89.7637 182.1060 85.5742 4.0615
Generation: 625 89.2813 181.6252 84.1539 4.2387
Generation: 626 89.3374 181.6793 84.4450 4.1582
Generation: 627 89.4797 181.8220 84.9331 3.9525
Generation: 628 89.5013 181.8452 84.6206 4.2827
Generation: 629 89.2563 181.6002 84.5974 3.9808
Generation: 630 89.6830 182.0242 85.4544 3.7337
Generation: 631 89.4843 181.8240 84.8197 4.3820
Generation: 632 89.0919 181.4244 85.6224 3.5214
Generation: 633 89.2011 181.5413 84.9371 4.0408
Generation: 634 89.6270 181.9681 85.2745 4.0401
Generation: 635 89.3117 181.6466 84.3399 4.0815
Generation: 636 89.7770 182.1181 85.2260 4.0131
Generation: 637 89.2532 181.5971 84.3355 4.0569
Generation: 638 89.1678 181.4994 84.9196 4.1688
Generation: 639 89.4647 181.8070 84.4167 4.7133
Generation: 640 89.3180 181.6552 85.6197 3.6548
Generation: 641 89.2490 181.5931 84.5286 4.2937
Generation: 642 89.5693 181.9057 85.6368 3.6783
Generation: 643 89.5111 181.8513 85.6136 3.3635
Generation: 644 89.3291 181.6714 84.5323 4.5358
Generation: 645 89.5144 181.8521 84.7937 4.5518
Generation: 646 89.7858 182.1225 85.0914 4.0294
Generation: 647 89.6958 182.0325 85.4828 3.6116
Generation: 648 89.3738 181.7121 85.8385 3.2140
Generation: 649 89.6294 181.9653 84.9472 4.3507
Generation: 650 89.5729 181.9111 85.1678 4.5115
Generation: 651 89.6489 181.9918 84.9769 3.8918
Generation: 652 89.4422 181.7811 85.4445 3.8108
Generation: 653 89.5734 181.9130 84.6148 4.3209
Generation: 654 89.5432 181.8847 84.3662 4.6866
Generation: 655 89.6212 181.9610 84.6104 4.6512
Generation: 656 89.3984 181.7380 85.1356 3.2628
Generation: 657 89.4887 181.8310 84.7904 4.2638
Generation: 658 89.3212 181.6626 84.0261 4.5187
Generation: 659 89.6979 182.0361 85.3347 4.1522
Generation: 660 89.5770 181.9181 84.4898 3.7613
Generation: 661 89.6334 181.9730 84.2902 3.9933
Generation: 662 89.3666 181.7125 84.4155 4.7647
Generation: 663 89.6694 182.0071 84.7400 4.7561
Generation: 664 89.2866 181.6325 84.7547 4.2705
Generation: 665 89.6508 181.9875 85.4653 3.5869
Generation: 666 89.5167 181.8534 84.8959 3.5855
Generation: 667 89.5644 181.9021 84.7642 4.5089
Generation: 668 89.7780 182.1192 85.2085 4.5929
Generation: 669 89.8011 182.1413 85.1755 3.8163
Generation: 670 89.3292 181.6702 86.1393 3.5372
Generation: 671 89.3908 181.7275 85.0872 4.5845
Generation: 672 89.7387 182.0810 86.0806 3.5166
Generation: 673 89.3747 181.7170 86.0797 3.5774
Generation: 674 89.7934 182.1330 85.7313 4.1593
Generation: 675 89.3677 181.7135 84.6972 4.7163
Generation: 676 89.6561 181.9963 85.5419 3.8688
Generation: 677 89.3530 181.6942 85.2087 4.0050
Generation: 678 89.8197 182.1620 84.3846 4.6817
Generation: 679 89.5620 181.9031 85.0215 4.2715
Generation: 680 89.6820 182.0231 85.0125 4.0250
Generation: 681 89.4920 181.8331 85.2481 4.3795
Generation: 682 89.7374 182.0740 84.8249 5.0400
Generation: 683 89.6680 182.0092 84.8625 4.7671
Generation: 684 89.4511 181.7913 85.5488 3.5154
Generation: 685 89.4930 181.8342 85.2369 4.0123
Generation: 686 89.7870 182.1281 85.1669 4.0460
Generation: 687 89.7744 182.1121 84.9645 4.0984
Generation: 688 89.6985 182.0406 85.3924 3.4664
Generation: 689 89.7721 182.1102 85.3357 3.7835
Generation: 690 89.7511 182.0921 84.9147 3.5332
Generation: 691 89.1679 181.5102 84.5903 4.3255
Generation: 692 89.7620 182.1031 85.3474 4.0883
Generation: 693 89.8170 182.1581 85.6895 3.6902
Generation: 694 89.5297 181.8720 85.3853 3.5892
Generation: 695 89.3944 181.7321 85.3885 4.0102
Generation: 696 89.5584 181.8980 84.8154 4.1007
Generation: 697 89.8343 182.1740 85.5077 4.3318
Generation: 698 89.8570 182.1981 85.4135 4.2100
Generation: 699 89.7847 182.1270 85.4168 3.8568
Generation: 700 89.7121 182.0502 85.3494 4.0062
Generation: 701 89.6630 182.0042 85.2496 3.6087
Generation: 702 89.8044 182.1421 84.4634 4.8255
Generation: 703 89.7420 182.0831 85.6903 3.8107
Generation: 704 89.6420 181.9831 85.5352 3.9913
Generation: 705 89.7820 182.1231 85.7305 3.0329
Generation: 706 89.2704 181.6111 84.3648 5.2147
Generation: 707 89.6347 181.9770 85.2597 3.9698
Generation: 708 89.3913 181.7352 84.7753 3.8428
Generation: 709 89.6154 181.9507 85.0480 4.3819
Generation: 710 89.5471 181.8852 84.8563 4.3530
Generation: 711 89.3620 181.7031 84.7986 4.4903
Generation: 712 89.6634 182.0030 85.0862 3.9566
Generation: 713 89.5847 181.9270 84.0345 4.6677
Generation: 714 89.2840 181.6281 85.5780 3.3565
Generation: 715 89.4984 181.8380 84.8512 4.0125
Generation: 716 89.3300 181.6750 84.8755 4.2816
Generation: 717 89.5908 181.9275 85.2541 4.4378
Generation: 718 89.2720 181.6131 84.9295 4.2885
Generation: 719 89.7437 182.0860 85.2066 4.2928
Generation: 720 89.8770 182.2181 84.1279 5.3435
Generation: 721 89.7393 182.0790 85.2007 3.9745
Generation: 722 89.2859 181.6310 86.0158 3.4600
Generation: 723 89.3662 181.7060 85.6964 3.7758
Generation: 724 89.3497 181.6920 85.2508 4.1689
Generation: 725 89.4300 181.7750 85.0337 4.5292
Generation: 726 89.3963 181.7402 84.9190 4.1044
Generation: 727 89.4984 181.8380 85.0002 4.0407
Generation: 728 89.4694 181.8071 83.8918 5.5432
Generation: 729 89.4017 181.7366 84.9833 4.2458
Generation: 730 89.7444 182.0821 84.8536 4.0252
Generation: 731 89.7143 182.0515 85.4844 3.7780
Generation: 732 89.6343 181.9715 85.0292 3.9698
Generation: 733 89.5045 181.8431 84.9726 4.1996
Generation: 734 89.6500 181.9903 85.2446 3.6752
Generation: 735 89.7934 182.1330 84.9323 4.3189
Generation: 736 89.3234 181.6663 85.0653 4.1572
Generation: 737 89.2752 181.6180 84.9727 4.0801
Generation: 738 89.5835 181.9256 85.4015 3.7988
Generation: 739 89.7236 182.0621 85.4547 3.8904
Generation: 740 89.4784 181.8180 84.5417 4.6475
Generation: 741 89.6247 181.9670 85.0652 3.8802
Generation: 742 89.7045 182.0431 85.2316 4.2430
Generation: 743 89.7234 182.0630 85.0524 4.6778
Generation: 744 89.8270 182.1681 85.4662 3.9483
Generation: 745 89.1679 181.5121 84.7551 4.1717
Generation: 746 89.4289 181.7702 84.9035 3.8139
Generation: 747 89.7784 182.1180 85.6218 3.9191
Generation: 748 89.7384 182.0780 84.9789 4.4873
Generation: 749 89.5439 181.8868 85.0300 4.2787
Generation: 750 89.5979 181.9361 84.9899 3.9514
Generation: 751 89.2884 181.6280 84.5286 4.3195
Generation: 752 89.5252 181.8662 85.3005 3.0676
Generation: 753 89.6120 181.9531 84.4049 4.6983
Generation: 754 89.4962 181.8351 84.9317 4.1655
Generation: 755 89.1690 181.5171 84.8669 3.9470
Generation: 756 89.4984 181.8380 85.2922 3.9347
Generation: 757 89.7708 182.1075 84.7728 3.9485
Generation: 758 89.7447 182.0870 85.2633 4.3831
Generation: 759 89.8234 182.1630 84.6812 4.6565
Generation: 760 89.7235 182.0600 85.1074 4.1841
Generation: 761 89.3450 181.6900 85.0519 3.8625
Generation: 762 89.8530 182.1942 84.7466 4.1529
Generation: 763 89.5534 181.8893 84.0771 5.1991
Generation: 764 89.9084 182.2480 84.4988 4.4244
Generation: 765 89.6394 181.9771 85.1125 3.8970
Generation: 766 89.3477 181.6935 84.8121 4.5879
Generation: 767 89.3958 181.7325 85.3566 3.8823
Generation: 768 89.8770 182.2181 85.3856 3.7351
Generation: 769 89.6119 181.9478 85.7955 3.0346
Generation: 770 89.5708 181.9075 84.7230 4.2116
Generation: 771 89.6793 182.0190 85.0688 4.2479
Generation: 772 89.1600 181.5003 84.8908 4.2439
Generation: 773 89.7087 182.0510 85.1652 4.4299
Generation: 774 89.9120 182.2531 85.3887 4.1995
Generation: 775 89.8600 182.2003 85.2077 4.3132
Generation: 776 89.5620 181.9031 85.2827 4.3037
Generation: 777 89.2181 181.5599 85.2808 3.9565
Generation: 778 89.3689 181.7118 85.8076 3.4538
Generation: 779 89.6361 181.9763 84.8887 4.7047
Generation: 780 89.6984 182.0380 85.6751 3.6068
Generation: 781 89.4597 181.8020 84.8151 4.3135
Generation: 782 89.2499 181.5904 85.2808 3.7052
Generation: 783 89.8970 182.2381 85.7560 3.8139
Generation: 784 89.5261 181.8663 84.7015 4.6742
Generation: 785 89.4175 181.7604 85.8950 3.2581
Generation: 786 89.7805 182.1191 85.5594 4.2150
Generation: 787 89.3669 181.7061 85.1615 4.4261
Generation: 788 89.7979 182.1361 85.2488 4.5412
Generation: 789 89.8634 182.2030 85.1016 3.9942
Generation: 790 89.2329 181.5711 84.7443 3.6894
Generation: 791 89.2968 181.6352 85.5558 3.3354
Generation: 792 89.3135 181.6500 84.9696 4.3165
Generation: 793 89.7422 182.0811 85.1999 4.1841
Generation: 794 89.7858 182.1225 84.4237 4.1703
Generation: 795 89.4034 181.7463 84.7493 4.3699
Generation: 796 89.7567 182.0934 85.1505 4.3417
Generation: 797 89.4534 181.7930 84.3195 4.4207
Generation: 798 89.5293 181.8690 85.3111 3.9314
Generation: 799 89.1575 181.5004 85.0029 4.1482
Generation: 800 89.6425 181.9775 85.3997 3.7099
Generation: 801 89.5185 181.8606 84.6454 4.6940
Generation: 802 89.5098 181.8512 84.9834 4.2393
Generation: 803 89.8530 182.1942 85.0824 4.6775
Generation: 804 89.8180 182.1592 85.0110 4.7250
Generation: 805 89.3567 181.6934 84.7419 4.9072
Generation: 806 89.7511 182.0913 85.0746 4.4862
Generation: 807 89.5370 181.8781 84.3320 4.6729
Generation: 808 89.4902 181.8330 84.8038 4.1666
Generation: 809 89.7084 182.0480 84.8158 4.4513
Generation: 810 89.5584 181.8980 85.6129 3.4908
Generation: 811 89.3254 181.6661 84.5844 3.9153
Generation: 812 89.7322 182.0711 84.3972 4.7244
Generation: 813 89.6961 182.0363 84.5899 4.4261
Generation: 814 89.5396 181.8751 84.7844 4.6804
Generation: 815 89.4247 181.7670 84.7346 4.7657
Generation: 816 89.6062 181.9460 84.5164 4.7570
Generation: 817 89.5362 181.8760 85.4977 3.8699
Generation: 818 89.8097 182.1520 85.2856 4.2464
Generation: 819 89.9234 182.2630 84.7316 3.9379
Generation: 820 89.6597 182.0020 84.3678 5.0192
Generation: 821 89.8437 182.1860 84.4697 4.9208
Generation: 822 89.8587 182.2010 84.9796 3.8796
Generation: 823 89.6394 181.9771 84.9986 4.2043
Generation: 824 88.9764 181.3090 85.4381 3.6735
Generation: 825 89.6935 182.0300 84.8353 4.9195
Generation: 826 89.5512 181.8910 84.4082 4.7956
Generation: 827 89.4248 181.7651 85.4033 3.9742
Generation: 828 89.7197 182.0620 84.3815 4.2139
Generation: 829 89.6236 181.9604 85.5184 3.8645
Generation: 830 89.3590 181.7031 85.0565 4.3979
Generation: 831 89.7847 182.1270 85.1359 4.1567
Generation: 832 89.3884 181.7313 84.5778 4.4619
Generation: 833 89.8111 182.1513 85.2077 4.0855
Generation: 834 89.7295 182.0681 83.9992 5.0132
Generation: 835 89.8172 182.1561 84.5051 4.2780
Generation: 836 89.4693 181.8090 85.0475 3.8592
Generation: 837 89.2867 181.6282 84.1818 3.8517
Generation: 838 89.3677 181.7135 85.1325 4.1873
Generation: 839 89.5750 181.9153 84.6759 4.6458
Generation: 840 89.4148 181.7551 84.0679 5.5500
Generation: 841 89.5721 181.9102 84.2989 4.7991
Generation: 842 89.7647 182.1070 85.4456 3.8964
Generation: 843 89.1635 181.5080 85.3428 4.0395
Generation: 844 89.3490 181.6931 85.1328 3.6013
Generation: 845 89.7385 182.0750 84.1561 5.1297
Generation: 846 89.3584 181.7013 84.6323 3.7203
Generation: 847 89.3802 181.7230 84.7434 4.3417
Generation: 848 89.5261 181.8663 85.2331 3.9945
Generation: 849 89.8100 182.1503 84.9517 3.9486
Generation: 850 89.3641 181.7070 85.3587 3.9482
Generation: 851 89.5471 181.8852 84.1044 4.6835
Generation: 852 89.0885 181.4330 84.2036 4.3966
Generation: 853 89.3214 181.6601 85.4879 3.1968
Generation: 854 89.6331 181.9712 84.3877 5.1148
Generation: 855 89.3016 181.6475 84.9089 4.7688
Generation: 856 89.6493 181.9890 84.8586 4.2068
Generation: 857 89.2166 181.5509 84.8694 4.2059
Generation: 858 89.6011 181.9413 84.6296 4.9163
Generation: 859 89.6400 181.9803 84.6879 4.8810
Generation: 860 89.6717 182.0066 84.4411 4.8451
Generation: 861 89.8587 182.2010 84.7693 4.7364
Generation: 862 89.3484 181.6847 84.8099 4.3852
Generation: 863 89.6787 182.0210 84.9192 4.6456
Generation: 864 89.5285 181.8650 85.4872 4.3089
Generation: 865 89.5824 181.9190 86.0453 3.0487
Generation: 866 89.7787 182.1210 85.1005 4.0901
Generation: 867 89.6088 181.9471 84.8357 4.4522
Generation: 868 89.9387 182.2810 85.2046 4.6176
Generation: 869 89.6047 181.9470 84.9220 5.1467
Generation: 870 89.8711 182.2113 84.5937 5.4053
Generation: 871 89.3343 181.6715 85.2805 4.3295
Generation: 872 89.4134 181.7534 84.7644 4.5615
Generation: 873 89.7872 182.1261 84.4094 4.6723
Generation: 874 89.4055 181.7441 85.3068 3.4642
Generation: 875 89.4441 181.7870 84.6446 4.5787
Generation: 876 89.3511 181.6913 84.8438 4.3844
Generation: 877 89.4793 181.8190 84.4533 4.5014
Generation: 878 89.8172 182.1561 84.5524 4.8502
Generation: 879 89.6474 181.9840 84.8384 5.2161
Generation: 880 89.7200 182.0603 84.7478 4.9259
Generation: 881 89.5261 181.8663 84.8033 4.3929
Generation: 882 89.3916 181.7375 84.3299 4.5022
Generation: 883 89.2256 181.5742 84.3921 4.1598
Generation: 884 89.8322 182.1711 83.8803 4.9357
Generation: 885 89.9011 182.2413 84.7509 4.8385
Generation: 886 89.3862 181.7260 84.9489 4.5491
Generation: 887 89.3777 181.7235 85.2371 4.0328
Generation: 888 89.5962 181.9351 85.7363 4.0859
Generation: 889 89.6285 181.9650 84.1543 4.9468
Generation: 890 89.8700 182.2103 84.8667 4.5641
Generation: 891 89.4066 181.7525 85.2838 3.6800
Generation: 892 89.6251 181.9625 84.9549 6.0178
Generation: 893 89.5361 181.8763 84.3583 4.9686
Generation: 894 89.3162 181.6551 85.4074 3.7371
Generation: 895 89.7800 182.1203 84.9467 4.6516
Generation: 896 89.4529 181.7971 85.9206 3.3854
Generation: 897 89.8400 182.1803 85.5567 3.4072
Generation: 898 89.6387 181.9810 85.2438 3.9665
Generation: 899 89.9050 182.2453 85.5009 4.2668
Generation: 900 89.8261 182.1663 84.6848 4.8990
Generation: 901 89.8411 182.1813 84.7591 4.8399
Generation: 902 89.6434 181.9830 84.7057 4.5356
Generation: 903 89.8550 182.1953 84.7852 4.1113
Generation: 904 89.7050 182.0453 84.5092 4.8807
Generation: 905 89.7643 182.1015 84.8950 4.1730
Generation: 906 89.7211 182.0613 85.2873 4.1276
Generation: 907 89.8900 182.2303 85.7804 3.4759
Generation: 908 89.6174 181.9540 84.5233 4.9603
Generation: 909 89.8700 182.2103 85.2386 4.1734
Generation: 910 89.4377 181.7835 85.1928 3.7630
Generation: 911 89.5250 181.8653 85.2397 4.6271
Generation: 912 89.7800 182.1203 85.6985 3.4378
Generation: 913 89.7385 182.0750 85.3782 4.2284
Generation: 914 89.6511 181.9892 84.9387 4.3856
Generation: 915 89.4600 181.8050 84.5214 4.7740
Generation: 916 89.6600 182.0003 85.5943 3.7717
Generation: 917 89.5111 181.8513 84.8453 4.4874
Generation: 918 89.4374 181.7770 84.6169 4.1025
Generation: 919 89.6200 181.9603 84.8947 4.1743
Generation: 920 89.6387 181.9810 84.9964 4.0801
Generation: 921 89.7950 182.1353 85.1289 3.8914
Generation: 922 89.3763 181.7202 84.9261 4.3550
Generation: 923 89.4812 181.8166 85.8283 3.9370
Generation: 924 89.4711 181.8113 85.1671 3.9072
Generation: 925 89.4529 181.7971 84.7622 4.0175
Generation: 926 89.8770 182.2181 84.9763 4.5612
Generation: 927 89.3734 181.7130 84.5375 4.4203
Generation: 928 89.8970 182.2381 85.0548 4.2294
Generation: 929 89.8170 182.1581 84.3378 5.1097
Generation: 930 89.8400 182.1803 85.3699 3.8808
Generation: 931 89.6637 182.0060 84.7362 4.5450
Generation: 932 89.7270 182.0681 84.2099 5.0728
Generation: 933 89.8734 182.2130 84.7066 4.4641
Generation: 934 89.3763 181.7202 84.6608 4.1230
Generation: 935 89.7550 182.0953 85.2237 4.2934
Generation: 936 89.5567 181.8934 84.0012 5.4719
Generation: 937 89.2984 181.6380 84.6816 4.3098
Generation: 938 89.7300 182.0703 84.8398 4.4937
Generation: 939 89.3209 181.6660 85.4419 4.4328
Generation: 940 89.6111 181.9513 85.0752 4.4343
Generation: 941 89.1940 181.5381 84.4046 4.7098
Generation: 942 89.6004 181.9357 85.0825 4.6296
Generation: 943 89.4658 181.8025 85.1153 4.3727
Generation: 944 89.6372 181.9761 85.0211 3.7875
Generation: 945 89.6705 182.0091 84.1602 4.4129
Generation: 946 89.5845 181.9231 84.1132 5.0627
Generation: 947 89.7961 182.1363 85.2527 3.7974
Generation: 948 89.8400 182.1803 85.4907 3.8172
Generation: 949 89.3972 181.7361 85.0901 4.2360
Generation: 950 89.8934 182.2330 85.4220 3.3199
Generation: 951 89.6067 181.9434 85.1435 4.0166
Generation: 952 89.9084 182.2480 84.9376 4.0734
Generation: 953 89.5080 181.8454 84.3801 4.7588
Generation: 954 89.4679 181.8061 85.6509 3.6771
Generation: 955 89.5646 181.9001 85.5921 3.7240
Generation: 956 89.7870 182.1281 85.9597 3.5137
Generation: 957 89.3851 181.7225 84.5815 4.5979
Generation: 958 89.6879 182.0261 85.3418 3.3999
Generation: 959 89.6958 182.0325 85.2206 3.8744
Generation: 960 89.8584 182.1980 85.1390 4.0188
Generation: 961 89.6062 181.9451 84.9585 4.3178
Generation: 962 89.4917 181.8266 85.8891 3.4901
Generation: 963 89.4329 181.7672 85.5127 4.4040
Generation: 964 89.6763 182.0128 85.0618 4.5604
Generation: 965 89.8634 182.2030 85.9992 3.3064
Generation: 966 89.5530 181.8904 85.1672 4.6019
Generation: 967 89.7204 182.0568 85.5042 4.6522
Generation: 968 89.6493 181.9890 85.4611 3.6375
Generation: 969 89.8705 182.2091 85.4081 4.3319
Generation: 970 89.5854 181.9218 86.2843 3.6061
Generation: 971 89.5336 181.8691 85.3835 4.1010
Generation: 972 89.6897 182.0320 85.0270 4.6573
Generation: 973 89.9270 182.2681 85.8406 4.2937
Generation: 974 89.3823 181.7211 85.6790 3.5959
Generation: 975 89.5120 181.8531 84.8498 4.9940
Generation: 976 89.5169 181.8528 84.8457 4.2791
Generation: 977 89.5279 181.8661 85.9666 3.6292
Generation: 978 89.8205 182.1591 85.5515 4.3479
Generation: 979 89.6329 181.9672 84.9754 3.6302
Generation: 980 89.2413 181.5852 85.6499 3.5155
Generation: 981 89.4133 181.7542 85.6412 3.3942
Generation: 982 89.6474 181.9870 85.6451 3.7998
Generation: 983 89.7104 182.0468 85.9262 2.9548
Generation: 984 89.6393 181.9790 85.3271 4.3454
Generation: 985 89.3459 181.6883 84.9593 5.0418
Generation: 986 89.8345 182.1731 85.3697 3.7098
Generation: 987 89.5261 181.8663 84.8562 4.1897
Generation: 988 89.7305 182.0691 84.8743 4.7338
Generation: 989 89.3963 181.7402 85.2302 4.1917
Generation: 990 89.5274 181.8640 85.2382 4.3728
Generation: 991 89.5293 181.8690 84.8823 4.1208
Generation: 992 89.2693 181.6065 85.1142 4.2655
Generation: 993 89.4000 181.7403 85.6419 3.7229
Generation: 994 89.5920 181.9331 84.5855 5.2350
Generation: 995 89.5734 181.9130 84.4116 4.6623
Generation: 996 89.9084 182.2480 85.7204 3.5695
Generation: 997 89.4113 181.7552 84.6477 5.3759
Generation: 998 89.3673 181.7071 85.5018 3.9000
Generation: 999 89.2932 181.6371 84.7659 4.8523
