-3.468478067038567869e-01
-2.952049360361768682e-01
-4.224979719773373499e-01
-2.058389728313460010e-01
1.261806523552566617e-03
-1.195550522576803859e-01
-1.427419815507735557e-01
3.368871434460609660e-01
1.254062518700524431e-02
-7.209156089451820848e-02
-8.568267766185364009e-02
-1.558238406873739545e-01
3.360485327738750305e-01
-2.673221129354372838e-01
2.427482270471061632e-01
1.195886536982258552e-01
2.358512674988643976e-01
5.166266766673598132e-02
-2.907537587823524339e-01
1.478324998658957778e-01
-2.550791282265384985e-01
4.474606955424331178e-01
3.169988629218785658e-01
4.231868272222764071e-01
-3.864429620369255192e-01
4.692692363226232954e-01
6.151818316452950519e-03
6.710265329200425233e-02
8.969925719264527919e-02
-5.892411292535469913e-01
1.801694806334685484e-01
-1.720293399221080322e-02
-2.562609347889781564e-01
-1.547753913162538963e-01
-2.744418430108475082e-02
-2.111500879608700365e-01
-1.974194056058614366e-01
1.029672451238649589e-01
-3.248264609267655367e-01
-2.888864048400678897e-01
-1.669200478946326061e-01
5.897386639670754160e-01
-3.098658658004428690e-02
-1.244156441375677546e-01
-3.608174957297921037e-01
4.575711364176027751e-01
-1.765572140051798744e-01
1.439978393966957759e-03
4.979888093155367124e-03
1.708839862144895250e-02
4.742913870550165556e-01
5.520473116351711784e-01
-7.863261888729279614e-02
-4.427559550716688719e-01
-1.452990698534590008e-01
2.851258229555994061e-01
-3.670242469629818038e-01
-4.573619998581196500e-02
-3.683885127998560161e-01
-1.211839893074178748e-01
4.232741842538557120e-01
7.519032694833110986e-02
2.709771642138329995e-01
-2.766497062177030591e-02
4.864198660689414977e-01
-5.612751401110498417e-01
-5.328085131494749715e-01
2.460505045834394389e-01
-4.953567038047793775e-02
-3.782398813939719107e-01
8.871005096675214918e-02
-5.516003267997992010e-01
-2.068179866590585669e-01
1.991717388587669613e-01
1.158925755847966810e-01
-2.109077846016988167e-01
-4.404095219087478252e-02
-7.948401261758293590e-02
-3.316849640134161836e-01
-4.152648281033250455e-01
-4.533164033956226247e-01
1.330105216995475237e-01
2.884796660306545094e-02
8.443613351737319639e-02
5.965035779636683744e-01
-3.787458417195733174e-01
-1.941090502074353519e-01
1.613245836638121933e-01
-1.539280469403425944e-01
-7.979660991116059865e-01
3.860647229470364206e-01
-2.000695802978769700e-01
-3.522965854691227638e-02
-2.238354321565992622e-01
2.005958778949800680e-01
-1.371874525155962199e-01
-1.180757013710841546e-01
-3.765444029255282654e-02
6.280504261174826852e-02
7.076733700654351811e-01
-2.223510623584198931e-02
2.962854072133924710e-01
-3.345490706226916244e-01
-2.952640717522738156e-01
-7.063651584314079024e-02
1.292041515136454766e-01
3.902682265469708534e-01
-6.057851177600751535e-01
2.001962260863254517e-01
2.736027966339862338e-01
8.373418559196869893e-02
-3.600007180192860701e-01
-5.489339927665656260e-01
3.232229617451960468e-01
4.139619797853191785e-01
-3.045988552681274109e-01
1.310473945971388776e-01
-5.218144237445803135e-01
1.685678690473317309e-01
1.408939642947706350e-01
7.437937329035561318e-03
1.667931616128795480e-01
-2.139723393317382455e-02
6.274756155376841615e-01
5.848541044670468175e-02
4.078878672505657499e-01
4.169077530170664514e-04
-4.239332070536411257e-01
-1.084992622674942619e-01
6.245266531140150068e-01
1.126881879941814268e-02
9.194436687672935538e-02
-5.779004750178001748e-01
2.469460985992570912e-01
1.543386565872009730e-01
3.706749468261254926e-02
1.731286276228513332e-01
-4.612734324335617669e-02
-2.885219078360152234e-01
-1.696721030915962491e-01
9.949171314082580486e-02
-4.167693271731287008e-01
5.571604201247739585e-01
1.090397728598290344e-01
-5.999316203873192310e-02
-4.339168545555988077e-01
2.790681854364058800e-01
-6.802270337416255197e-02
-3.739368342912189822e-03
2.700719374287336438e-01
-2.012734161237018926e-02
-8.830118906639954079e-02
-5.952677680395864757e-01
3.314059428977461641e-01
-2.384387987247837959e-02
1.726257224086597541e-01
-6.155689986278684717e-02
2.796597702979214395e-02
-5.694224335304711587e-02
4.695979992593688479e-01
2.629935901573935558e-02
-4.867593681769829400e-02
7.752228305887358395e-02
-2.398832436576442406e-01
2.612810004237155481e-01
-1.164242258795685769e-01
4.914055630762600990e-01
1.874566637512666556e-01
-2.642876535082244738e-01
-4.527112649531623845e-01
5.956795644229244679e-01
2.704698088630448916e-01
2.772663470437865540e-01
2.795437339878036054e-02
2.835253243661617906e-01
-2.172670887713291921e-02
1.209083619143097588e-02
-4.678787001939142126e-02
5.225987696124237969e-01
1.728997458240321139e-01
-8.775307935756421207e-02
1.766247085404190065e-01
-1.757822929644923260e-01
2.569137617712252686e-01
-6.946132538495118636e-02
-2.565439444809637370e-01
9.606124638780368097e-02
-2.443759354926291760e-01
-1.220019005206983698e-01
3.801261583320210066e-03
-5.063770159183057784e-03
-2.232366562999479331e-01
-2.189671417203664650e-01
2.362097881782539155e-02
-2.293957590596121532e-01
-2.920103305964725782e-01
7.076040303583522317e-02
-1.096909281966698541e-01
2.338336943287508685e-01
3.623608451085558735e-01
-2.785701304270998824e-01
-7.394361825260960253e-02
1.638518410557966987e-01
-2.906262608902592248e-01
-4.382868010506608125e-01
-7.514117411424869886e-02
-5.566774779051151256e-01
6.032137643081838391e-02
5.654588703071977696e-02
-4.017103104831550309e-01
-2.937729731691093860e-01
2.014597813630035483e-02
2.770531099096792960e-01
3.352329778576607078e-03
8.750132478589679741e-02
-3.107574518685425891e-01
-5.127735714126850919e-01
-1.620275947056013799e-01
6.789173766660587805e-01
8.035531745402746395e-01
-7.176078654553619263e-02
1.403019585851776330e-01
2.885511383986734679e-01
7.653829665007294558e-02
-7.239408407639928988e-01
-3.488447142269146539e-01
8.715766490389592613e-02
1.040223621014403632e-01
1.000796824515629568e-01
-2.214406489681708112e-01
-4.362862400505891358e-01
-4.813314087221589599e-01
-1.262573315306613209e-01
-1.371509040132184443e-01
-1.473485651001210650e-01
2.488129548806476132e-01
2.118028894623607272e-01
2.867667096123981407e-01
7.992506199523029542e-01
-1.914610725341587272e-01
7.640998292414316606e-02
8.374773719449529752e-02
2.306425451300607443e-01
-6.080338115149340750e-01
9.985803111069929683e-02
-5.071274021565285173e-01
-2.350922194995938019e-01
8.546407738048836245e-02
4.666681951219645019e-02
-3.086885506818922709e-01
6.513566778197353857e-01
1.387925901960595509e-01
3.974359503424431672e-01
9.179122969214015271e-02
1.985426225958345781e-01
1.603855590426438160e-02
2.757192373748872383e-01
-2.942683931489868954e-01
-1.835665358208726228e-01
2.977650631146852023e-01
1.986034145974996390e-02
1.138966341354945983e-03
-2.193962498510864390e-01
3.908452851272354450e-02
4.072789325051196507e-01
