Generation: 0 32.1499 1.7200 2.6635 14.8286
Generation: 1 45.6239 1.6825 6.1939 17.7800
Generation: 2 57.1613 1.9375 11.1865 21.0804
Generation: 3 45.6239 1.6825 25.6241 20.6900
Generation: 4 46.8232 1.7575 33.4763 17.4017
Generation: 5 44.5002 1.6900 33.6427 18.5833
Generation: 6 43.3303 1.6850 37.5405 14.8521
Generation: 7 40.1266 1.7725 39.6283 14.0021
Generation: 8 47.8732 1.6825 38.5912 14.3153
Generation: 9 45.6239 1.6825 38.4520 14.9173
Generation: 10 37.7799 1.7100 40.8728 13.3212
Generation: 11 43.5205 1.7825 41.3948 11.9972
Generation: 12 45.6239 1.6825 42.2131 11.4919
Generation: 13 45.6239 1.6825 43.5808 8.2379
Generation: 14 45.6239 1.6825 43.8843 7.8063
Generation: 15 45.6239 1.6825 44.6176 4.3678
Generation: 16 45.6239 1.6825 43.9308 6.3965
Generation: 17 32.0869 1.9650 43.1511 7.6646
Generation: 18 45.6239 1.6825 43.7636 7.7425
Generation: 19 37.7848 1.8400 44.9371 3.1197
Generation: 20 45.6239 1.6825 44.4808 3.9448
Generation: 21 45.6239 1.6825 43.3852 8.5039
Generation: 22 42.4697 1.8325 44.2276 6.1251
Generation: 23 45.6239 1.6825 43.7713 6.6480
Generation: 24 52.3257 1.7550 43.7657 7.0932
Generation: 25 45.6239 1.6825 42.7071 8.1091
Generation: 26 45.6239 1.6825 41.8570 11.9765
Generation: 27 59.3428 1.8875 45.0958 4.6246
Generation: 28 45.6239 1.6825 43.4247 8.5111
Generation: 29 45.6239 1.6825 44.4796 5.8898
Generation: 30 45.6239 1.6825 44.1841 6.0546
Generation: 31 45.6239 1.6825 44.7446 5.6619
Generation: 32 45.6239 1.6825 43.9929 7.6677
Generation: 33 56.0423 1.8275 45.5324 1.8969
Generation: 34 45.6239 1.6825 45.4032 1.6522
Generation: 35 45.6239 1.6825 44.3743 4.4140
Generation: 36 34.7935 1.7975 44.2276 6.0185
Generation: 37 45.6494 1.7125 45.0607 3.2861
Generation: 38 45.6239 1.6825 44.4768 6.0059
Generation: 39 45.6239 1.6825 45.2571 2.2530
Generation: 40 45.6239 1.6825 45.1357 2.8115
Generation: 41 45.6239 1.6825 45.4433 1.7971
Generation: 42 45.6239 1.6825 45.3422 1.9849
Generation: 43 45.6239 1.6825 45.2901 2.3451
Generation: 44 45.6239 1.6825 44.9348 3.3893
Generation: 45 44.5273 1.7250 44.5732 4.0190
Generation: 46 45.6239 1.6825 45.4422 1.8000
Generation: 47 45.6239 1.6825 45.2676 2.3526
Generation: 48 45.6239 1.6825 45.4992 1.2413
Generation: 49 45.6239 1.6825 45.4915 1.3176
Generation: 50 40.0732 1.6975 44.9288 3.1798
Generation: 51 45.6239 1.6825 45.5310 1.3038
Generation: 52 45.6239 1.6825 45.6009 0.2294
Generation: 53 52.4013 1.7325 45.5830 1.7294
Generation: 54 45.6239 1.6825 45.6237 0.0021
Generation: 55 45.6239 1.6825 45.3608 1.8654
Generation: 56 45.6239 1.6825 45.1057 2.8955
Generation: 57 45.6239 1.6825 45.6341 0.1008
Generation: 58 45.6239 1.6825 45.3011 2.1898
Generation: 59 45.6239 1.6825 45.6239 0.0000
Generation: 60 45.6239 1.6825 45.6423 0.1831
Generation: 61 45.6239 1.6825 45.1995 2.3539
Generation: 62 45.6239 1.6825 45.1741 2.6680
Generation: 63 45.6239 1.6825 45.4056 1.8299
Generation: 64 45.6239 1.6825 45.3853 1.9717
Generation: 65 45.6239 1.6825 44.7878 3.8652
Generation: 66 45.6239 1.6825 45.1024 3.1937
Generation: 67 41.3319 1.8325 45.3978 2.8824
Generation: 68 42.3483 1.7200 45.1192 2.9773
Generation: 69 45.6239 1.6825 43.9723 5.1109
Generation: 70 51.2597 1.8900 45.4122 1.8020
Generation: 71 45.6239 1.6825 45.5049 1.1846
Generation: 72 45.6239 1.6825 44.5924 4.2756
Generation: 73 45.6239 1.6825 44.7936 3.7090
Generation: 74 48.0750 2.0300 44.9255 3.3451
Generation: 75 42.3700 1.7425 44.3963 4.3329
Generation: 76 45.6239 1.6825 45.1261 2.5463
Generation: 77 43.5757 1.8325 45.4416 1.3138
Generation: 78 45.6239 1.6825 44.6790 3.7799
Generation: 79 56.3610 2.1975 44.3567 4.4090
Generation: 80 42.5288 1.9575 45.2780 1.6904
Generation: 81 48.0084 1.8325 45.0666 3.3868
Generation: 82 35.6933 1.9400 44.0493 5.0203
Generation: 83 45.2458 2.2750 44.0519 5.6493
Generation: 84 37.2186 2.2650 44.2565 4.4623
Generation: 85 51.5478 2.0325 43.3305 5.4526
Generation: 86 35.5522 1.9600 44.0597 5.2865
Generation: 87 56.8462 1.7825 43.9851 6.3309
Generation: 88 36.9717 2.5167 44.4682 4.4337
Generation: 89 47.9894 2.5120 44.5274 4.2472
Generation: 90 45.8175 3.2380 44.4902 5.6571
Generation: 91 55.6558 3.3281 44.4384 4.5528
Generation: 92 45.6239 3.5227 45.1009 3.3327
Generation: 93 45.6239 3.8908 45.0415 3.2305
Generation: 94 54.6026 4.4234 45.7183 2.1908
Generation: 95 40.0890 4.7094 44.4822 4.8684
Generation: 96 31.9657 5.2918 44.4058 4.5606
Generation: 97 51.9490 7.7536 44.4168 5.2320
Generation: 98 49.1068 6.0120 44.6335 4.4521
Generation: 99 51.4030 6.9238 44.8853 5.9888
Generation: 100 54.7760 7.0052 43.9919 5.0098
Generation: 101 45.7504 8.3078 43.9547 5.9543
Generation: 102 34.9299 9.7720 44.0608 5.2318
Generation: 103 41.5603 8.6175 43.1844 5.9742
Generation: 104 34.8939 10.5700 44.0430 5.2904
Generation: 105 46.2330 10.3317 44.0064 6.3248
Generation: 106 50.4949 10.9441 42.6481 7.7376
Generation: 107 52.7005 10.9247 44.7635 6.0328
Generation: 108 53.6217 10.5302 43.7330 6.7355
Generation: 109 54.6878 10.5933 42.4532 7.8095
Generation: 110 50.3419 11.7157 44.3621 5.2550
Generation: 111 49.1106 17.7344 44.4455 6.2710
Generation: 112 40.4588 12.8728 44.5629 5.6500
Generation: 113 54.0172 21.8514 43.8012 6.8000
Generation: 114 42.6668 13.1737 42.3667 7.9109
Generation: 115 52.5789 13.7691 44.0923 5.9120
Generation: 116 41.8304 15.7156 42.7825 6.5527
Generation: 117 52.8652 23.8030 43.3493 6.1859
Generation: 118 42.1587 18.2276 42.6075 6.4211
Generation: 119 49.1724 23.1600 40.0907 9.4639
Generation: 120 35.0737 19.5200 44.5827 5.0372
Generation: 121 34.8491 17.5200 43.6138 5.7540
Generation: 122 44.1371 17.9800 43.5273 6.5774
Generation: 123 44.2934 18.7400 44.4699 5.1483
Generation: 124 48.5886 17.9400 42.4105 7.0823
Generation: 125 46.4543 18.1600 42.5113 7.8581
Generation: 126 58.5852 26.9200 42.8390 7.6290
Generation: 127 47.7925 19.6600 42.2997 7.2254
Generation: 128 49.1020 22.5600 43.2489 6.9672
Generation: 129 56.0330 24.7600 42.5175 6.8190
Generation: 130 50.2504 22.7600 40.2546 8.6713
Generation: 131 49.1199 22.7600 43.9574 6.6068
Generation: 132 45.8369 22.9600 41.1230 7.0602
Generation: 133 54.9501 24.9600 41.5408 8.3588
Generation: 134 54.7603 23.1600 41.3718 8.3789
Generation: 135 48.0065 22.9600 41.5484 7.5630
Generation: 136 45.8469 23.1600 40.5116 8.3906
Generation: 137 50.2653 22.9600 41.9111 6.6876
Generation: 138 54.7108 22.9600 41.5898 8.2065
Generation: 139 45.9880 24.1600 41.3036 7.6687
Generation: 140 45.8153 23.0800 42.2418 7.7355
Generation: 141 57.1849 25.0200 41.5359 8.2726
Generation: 142 48.0655 23.3600 40.9108 8.4357
Generation: 143 58.3489 25.5600 40.5667 10.6289
Generation: 144 49.1062 22.8800 40.6206 9.0420
Generation: 145 45.7947 22.7600 41.1256 6.9878
Generation: 146 45.7959 22.9600 41.6251 6.5194
Generation: 147 54.6366 22.9600 41.9952 5.7485
Generation: 148 45.8119 23.0600 39.5583 8.2078
Generation: 149 45.7941 22.9600 41.6384 8.1612
Generation: 150 46.9000 22.8200 42.2462 6.3547
Generation: 151 58.0141 23.0400 42.0634 7.2181
Generation: 152 50.2628 22.9600 41.1561 7.8312
Generation: 153 45.8118 22.9600 40.6239 6.8138
Generation: 154 46.8527 22.8200 39.5956 10.4531
Generation: 155 50.3575 23.5800 43.1199 5.5318
Generation: 156 48.0188 22.9600 42.5907 5.0501
Generation: 157 44.6881 22.9600 40.0516 10.3468
Generation: 158 47.9828 22.7600 40.2889 9.3739
Generation: 159 52.4629 23.1800 40.4052 9.1534
Generation: 160 49.1440 23.0600 41.4812 6.1307
Generation: 161 54.9597 24.7600 43.1316 6.1828
Generation: 162 54.8204 23.8400 43.0686 7.5698
Generation: 163 48.0144 22.9600 42.4679 6.5939
Generation: 164 55.9356 24.3600 43.9218 6.9727
Generation: 165 54.7854 23.4200 41.5441 8.0601
Generation: 166 54.9745 24.9600 40.8257 8.1955
Generation: 167 48.0142 22.9600 42.9918 7.1975
Generation: 168 54.9882 24.9600 42.2347 8.4348
Generation: 169 51.3950 22.9600 43.0689 6.9269
Generation: 170 49.1068 22.7800 43.1232 7.4544
Generation: 171 49.0352 22.7600 42.7160 7.3750
Generation: 172 54.9513 24.7600 40.8377 9.2525
Generation: 173 45.7782 22.8200 42.5072 8.4503
Generation: 174 61.7994 26.2200 43.3633 6.5844
Generation: 175 46.9455 23.2200 39.7500 9.7249
Generation: 176 54.7973 23.3000 41.8287 8.1714
Generation: 177 58.1119 23.1800 42.5965 8.1702
Generation: 178 49.2203 23.6600 41.8744 7.4280
Generation: 179 55.0032 25.0400 43.1259 7.6430
Generation: 180 45.7810 22.8200 42.7829 6.1229
Generation: 181 47.9927 22.7600 41.3885 7.0811
Generation: 182 49.1458 23.0600 43.5520 5.6375
Generation: 183 55.3805 28.1000 44.1985 5.7918
Generation: 184 54.9811 25.1600 42.3991 6.5467
Generation: 185 55.1416 26.0600 43.2415 6.4679
Generation: 186 54.9982 25.0400 43.5190 5.8068
Generation: 187 52.4532 22.8400 43.4901 5.0423
Generation: 188 54.8658 24.2400 42.7822 6.3098
Generation: 189 54.7530 23.0400 41.4098 7.2363
Generation: 190 55.0603 25.7000 43.3606 6.4232
Generation: 191 54.9319 24.5600 43.4846 6.0540
Generation: 192 54.8916 24.3200 43.9201 5.9833
Generation: 193 55.2387 26.0928 43.0314 6.5617
Generation: 194 55.2822 25.5382 43.2010 6.0744
Generation: 195 46.0801 21.5653 43.8902 5.8585
Generation: 196 54.7490 20.0329 43.3264 5.9293
Generation: 197 54.9667 20.6611 43.4724 6.2386
Generation: 198 54.7751 18.3918 44.5430 4.8675
Generation: 199 54.8678 18.4176 44.1606 5.7788
Generation: 200 47.2355 17.4408 42.1438 5.6520
Generation: 201 55.0373 17.6388 45.3051 5.0924
Generation: 202 54.7416 15.0816 44.0235 5.6821
Generation: 203 53.6011 14.2937 44.9428 4.8124
Generation: 204 55.3579 16.3765 43.4049 6.1155
Generation: 205 55.0446 14.3244 44.2771 5.6934
Generation: 206 54.9946 12.9694 43.5876 6.0306
Generation: 207 54.7893 11.5015 43.9942 6.1620
Generation: 208 50.2504 10.3545 44.2618 5.0522
Generation: 209 55.1526 10.9333 43.6879 5.3710
Generation: 210 54.8090 9.8250 43.9745 6.9574
Generation: 211 45.8158 9.5667 42.7737 5.1178
Generation: 212 55.3473 11.5917 42.4904 6.2227
Generation: 213 54.9606 10.3167 43.4434 5.8456
Generation: 214 50.2475 9.4833 43.6778 5.8263
Generation: 215 55.2412 11.2417 44.2360 5.5657
Generation: 216 55.0096 10.5750 45.5391 5.7332
Generation: 217 55.1831 10.9833 43.8050 7.2644
Generation: 218 55.0804 10.8167 44.9114 5.7386
Generation: 219 55.1773 10.9833 43.2771 6.7775
Generation: 220 55.1100 11.0750 45.0123 6.6041
Generation: 221 55.1114 10.8250 44.0705 7.9227
Generation: 222 55.1029 10.8167 45.3555 6.0610
Generation: 223 55.0096 10.4333 44.4765 6.5318
Generation: 224 55.1110 10.7333 45.0246 6.9855
Generation: 225 55.0969 10.7583 45.8121 5.8372
Generation: 226 54.9761 10.3167 45.5113 6.7278
Generation: 227 55.0155 10.5917 45.5482 4.7178
Generation: 228 54.8235 9.8500 45.2393 6.0535
Generation: 229 55.1154 10.8667 43.3956 8.2801
Generation: 230 55.0497 10.7500 44.1965 7.4706
Generation: 231 55.1231 10.8667 45.0620 6.2899
Generation: 232 55.0782 10.7833 45.3105 6.2057
Generation: 233 55.1907 11.0750 46.0603 6.0736
Generation: 234 55.1222 10.8833 46.0611 6.0484
Generation: 235 56.1251 10.4917 44.0525 7.9756
Generation: 236 56.3340 11.1167 46.6925 6.1657
Generation: 237 56.4056 11.3667 46.5982 6.0623
Generation: 238 55.1093 10.7583 47.2299 6.3983
Generation: 239 56.1998 10.7500 46.0231 5.4492
Generation: 240 55.1789 11.1667 45.2630 7.2962
Generation: 241 55.1744 11.0500 45.9522 7.9400
Generation: 242 55.2363 11.1917 45.9593 8.0577
Generation: 243 55.0625 10.6750 46.1769 6.1868
Generation: 244 55.1148 10.8333 47.4531 5.7501
Generation: 245 55.0449 10.7250 47.9028 5.5087
Generation: 246 55.1512 10.9583 46.6125 6.6755
Generation: 247 55.1886 11.0667 46.7743 6.1372
Generation: 248 55.1159 10.8417 45.5219 8.7376
Generation: 249 56.5090 11.7000 47.4234 6.1984
Generation: 250 56.4248 11.5250 47.3223 5.9718
Generation: 251 55.3214 11.4250 46.7642 6.5329
Generation: 252 56.3100 11.1333 48.0883 6.7482
Generation: 253 56.4168 11.3583 48.5867 5.1938
Generation: 254 55.1396 10.9917 47.2885 7.6570
Generation: 255 56.3202 11.2417 46.1916 8.3624
Generation: 256 56.3599 11.2333 45.5741 8.5651
Generation: 257 63.0070 11.2000 44.5956 10.7157
Generation: 258 55.1976 11.1167 45.4066 9.2000
Generation: 259 55.2614 11.3333 46.3025 6.9564
Generation: 260 55.1495 10.9917 47.5407 8.6278
Generation: 261 55.2021 11.1500 48.0764 6.8316
Generation: 262 55.3773 11.6500 47.5640 6.5157
Generation: 263 55.2660 11.2833 45.7214 13.0793
Generation: 264 56.3303 11.1667 47.6317 6.2051
Generation: 265 56.3665 11.2417 46.8870 6.2029
Generation: 266 64.1286 11.1750 47.3387 8.3876
Generation: 267 55.2107 11.1667 48.0887 6.9307
Generation: 268 56.5789 11.9500 47.2681 8.1844
Generation: 269 55.2146 11.1583 46.7654 6.3471
Generation: 270 59.7260 11.5167 46.7628 7.0750
Generation: 271 55.1652 11.0083 47.6142 6.0952
Generation: 272 56.3153 11.1917 47.6779 7.1258
Generation: 273 56.4284 11.4750 47.4770 6.7644
Generation: 274 55.2380 11.2500 46.6638 8.4329
Generation: 275 55.1464 10.9417 48.7504 5.3953
Generation: 276 55.1139 10.8667 48.6319 5.0709
Generation: 277 55.1091 10.8750 47.5335 7.9120
Generation: 278 56.4305 11.4917 47.3457 7.3291
Generation: 279 55.1823 11.1083 47.7178 6.6159
Generation: 280 56.3795 11.3250 45.7644 11.5932
Generation: 281 55.2334 11.1333 46.6090 8.4503
Generation: 282 56.4782 11.5417 47.8703 8.8253
Generation: 283 56.6155 12.0333 47.1140 7.5920
Generation: 284 56.3672 11.2250 45.9614 10.7668
Generation: 285 56.3361 11.1250 48.7154 7.1158
Generation: 286 56.3685 11.2333 45.8178 10.1143
Generation: 287 55.1890 11.0750 47.8029 8.0480
Generation: 288 55.2233 11.1750 48.3519 5.8662
Generation: 289 56.3079 11.1583 48.6822 6.2104
Generation: 290 56.4331 11.5500 47.4127 8.3585
Generation: 291 56.2665 10.9250 46.9552 8.5973
Generation: 292 56.3617 11.3000 45.7061 7.8136
Generation: 293 56.4184 11.4750 48.6453 6.3732
Generation: 294 55.4893 12.1167 47.1770 6.9805
Generation: 295 56.3827 11.3333 47.1657 8.0436
Generation: 296 56.4379 11.5250 47.9286 7.7553
Generation: 297 55.1935 11.0750 48.0943 5.9617
Generation: 298 56.5247 11.8083 47.2170 8.2843
Generation: 299 55.3657 11.6333 46.7577 7.3347
