-8.830873167806241320e-01
-6.688132766547427721e-02
8.919302553258909860e-01
-8.846589479965668579e-01
8.832766865037293691e-01
-8.872544272579551139e-01
-8.888878408282049337e-01
8.962176369849617075e-01
-8.879982835424278242e-01
-6.500677695145704038e-02
-9.356261581640895608e-01
3.104805099733017881e-01
-8.966235364974218802e-01
-1.757601775001496336e-01
-9.023196570125759930e-01
8.829823595925667679e-01
8.528071966202206422e-01
8.825265712541525698e-01
9.533301321338283341e-01
-9.428948721358451079e-01
8.875313577222344597e-01
8.826418335269825555e-01
-8.132230109070024415e-01
-8.911029895348080432e-01
5.394809045763969413e-02
1.924673029955428771e-01
3.652900522823065987e-02
-8.851818913410939293e-01
-8.895052744745334250e-01
8.902571816661943860e-01
9.222641204787006552e-01
2.024140003743439553e-01
-8.823810395146911567e-01
-8.778322691247986143e-01
8.808660057045207825e-01
2.343917742473919097e-01
-9.375580987727416549e-01
-8.807033390920335769e-01
8.727686999717378935e-01
2.405234909326212644e-01
-8.782628759750604752e-01
8.800372850848543482e-01
-8.835298147917316491e-01
5.458661965737927890e-02
8.748497395801227983e-01
8.797723924282803143e-01
2.826915406913899642e-01
8.898397037745165994e-01
8.878077919338165369e-01
-8.873674824470413336e-01
3.549748299529651985e-01
-8.916772172342304348e-01
-8.255025377083339277e-01
8.794393251962404623e-01
8.975005850509015781e-01
9.561937812360996602e-01
-8.837390664643599569e-01
-8.808488419523787805e-01
-8.899520078977711801e-01
-8.842583829887521452e-01
8.874521229787810661e-01
9.462779015501590063e-01
-8.760366593232422616e-01
-9.772525494807352553e-01
8.821114260577486155e-01
2.428030465824233541e-01
8.352654069727143415e-01
8.608788196212097121e-01
-8.817120632797477153e-01
8.825563735180437241e-01
9.487185496060231982e-01
9.003739415680778180e-01
-8.856001062363265675e-01
-8.867014566293871525e-01
8.874284514499746201e-01
-8.865497463796243593e-01
-8.291317708602219394e-02
8.751388944347017196e-01
-9.022987877146804170e-01
8.912753836063793678e-01
-9.336517931548117266e-01
8.886371444420728682e-01
-1.645882027128685587e-01
8.806355332904708400e-01
8.873772379580024960e-01
-9.339960423534715561e-01
-8.845936362039494849e-01
-9.306961656577844577e-01
7.496503564458308067e-02
-2.849149636171378619e-01
-8.351030192269890406e-01
-8.905616021205017274e-01
-1.522215235851914206e-01
8.601106363921584563e-04
8.880169948702818505e-01
8.704454139247731481e-01
8.843493698087361299e-01
-8.825456278693020185e-01
8.816029965860114892e-01
-8.844700983274674799e-01
8.969833722914706264e-01
9.233111265376435783e-01
-9.512479598624559163e-01
-8.891032239886380584e-01
8.408318537012265947e-01
9.504458469188217240e-01
9.007181945216804486e-01
8.930775315116690205e-01
-8.935328818980542431e-01
9.408451655404348468e-01
-5.997972172162205351e-02
8.894836729745632109e-01
-9.035333013733188867e-01
-8.748333221667387027e-01
8.757855576328066327e-01
8.881054412245555918e-01
-8.884485259713678085e-01
-8.906318644127368955e-01
-8.873807449747767029e-01
8.519534816688544288e-01
8.875705722042221968e-01
-8.852828628308198056e-01
8.821778849798285194e-01
-8.751557368871857312e-01
-8.835719544276389170e-01
-8.830751528843396869e-01
8.893594246982494678e-01
-8.759543894910680750e-01
9.382107359133206037e-01
8.845290599976559642e-01
-9.508401908301411520e-01
8.517121734198673799e-01
9.449202518262229678e-01
9.427003141008496456e-01
4.090037770257904381e-01
-8.886023731330862097e-01
-8.852090434927861740e-01
8.771850853472862308e-01
-1.864394821108860678e-01
8.885433027032993980e-01
-8.458279648212371216e-01
-9.592161611585755532e-01
-9.508826006392286923e-01
-1.556483818101573047e-01
-8.821453268153167659e-01
8.002951101851346616e-01
-2.572753487764540825e-01
-8.805020618085900308e-01
-8.930879233033183207e-01
-8.915450964293043512e-01
2.261833827253419971e-01
8.918450524560015413e-01
8.849174871941399845e-01
-1.751268249764194596e-01
8.810325286938527345e-01
9.412938654118391257e-01
-8.952920652726233941e-01
8.895779527543896670e-01
-8.813542438844805815e-01
-8.892741324630873967e-01
-8.807112358829546905e-02
8.753937920562829822e-01
8.938585394003434326e-01
8.806000080651044115e-01
8.856972246556940043e-01
8.772640591623188655e-01
-9.597095861625477564e-01
-8.903619855717569420e-01
8.947857420957301411e-01
8.829341588765393656e-01
-9.555510391352171062e-01
-8.972112537937046994e-01
8.822552131217273885e-01
8.847074924643140159e-01
-8.887530349755672354e-01
1.892279902375831047e-01
-7.929065333114011516e-01
8.836988975115898093e-01
8.871479470072181073e-01
9.349927686413808114e-01
-8.354701730845220942e-01
9.339854305506116727e-01
8.435856990668675337e-01
8.749211624520016883e-01
2.726210815931433551e-01
8.874703772497382070e-01
2.322106305430544637e-01
-8.812922452692486530e-01
8.852424778428609198e-01
2.029346367443056742e-01
9.666727287254484047e-01
9.624675014359280745e-01
9.437480804708825444e-01
-8.790553342248401680e-01
-8.825707782535365808e-01
8.791272598634567448e-01
-9.232990331215519264e-01
3.418118583521762011e-01
-6.591752710818003791e-02
4.905517859145653858e-01
9.216134775612219165e-01
-9.380766031924661075e-01
8.871613654439469698e-01
3.050722864527081191e-01
8.916373331742959429e-01
3.200719307130382441e-01
-9.466214834864231653e-01
-4.818223060151485826e-02
8.818874137803314195e-01
8.890650813151792509e-01
-1.952056247622483698e-01
8.964304883189174733e-01
5.919127638788551637e-02
8.846685890493174442e-01
-9.514789010278399406e-01
-8.362224951345929025e-01
2.706835713540730604e-01
8.985087329550243140e-01
-9.034371908639000637e-01
8.938654441045672527e-01
-8.772664613873297768e-01
-8.284521713002119814e-01
-8.790462206203506490e-01
8.863582973598894688e-01
2.229558819873495579e-01
-8.090857444744762317e-01
-7.946934068267771378e-01
-8.756137654501850998e-01
8.880598338599748898e-01
8.925071386542662299e-01
8.807704204286959104e-01
2.524759571048206808e-01
9.773673214624092331e-01
-8.799139770145439909e-01
-9.488238849340433489e-01
9.426435319159844894e-01
8.797082327888231523e-01
8.802197825502957595e-01
9.605551088155662720e-01
-8.901839232036865557e-01
1.695397505123450999e-01
-8.881326498322408280e-01
8.748561589551813178e-01
3.103261321637039438e-02
8.867541957997424618e-01
-4.528806036590077300e-02
8.811660262694221979e-01
-8.673446567920575223e-01
-8.853491390375445302e-01
-8.869454472977034154e-01
8.800660914792630685e-01
8.914196327183651070e-01
2.119699013434872548e-02
8.914256301707564889e-01
-8.935953127735777324e-01
3.489086993176811480e-01
8.061626371941904567e-01
9.690349009332963615e-01
8.913017972761566599e-01
8.958226305919043675e-01
-8.782730264630831396e-01
-8.797993963806327589e-01
2.209340753681684755e-01
-8.964566347279870895e-01
-8.640612614159710603e-01
