-9.444956065930583122e-01
1.000000000000000000e+00
4.994980040906864538e-01
-3.980286501614761496e-01
6.070606943655496579e-01
-5.012990816818985174e-01
5.133558547105591119e-01
-1.000000000000000000e+00
4.036046428949111031e-01
-9.147106341541555441e-01
-1.000000000000000000e+00
-1.000000000000000000e+00
-1.477317583622450581e-01
1.000000000000000000e+00
-1.000000000000000000e+00
1.601169721857115258e-02
-8.246024242489039535e-01
-1.188631683657594973e-01
-9.113118642693269766e-01
9.972731532852008307e-01
-2.969801177188884922e-01
4.538766431033227633e-01
1.000000000000000000e+00
-1.000000000000000000e+00
-1.000000000000000000e+00
1.037960825211640403e-01
6.309309842398753698e-01
-2.354179612544221589e-01
1.000000000000000000e+00
-4.057161615282325329e-01
-1.000000000000000000e+00
-1.000000000000000000e+00
-2.398749821461171050e-01
7.086614484399536007e-01
8.406112001484109530e-01
-3.195319300193127932e-01
9.582080533980665837e-01
-8.129322873948969796e-01
-9.725004553221152648e-01
5.683342920366314388e-01
-5.842401524847155025e-01
1.000000000000000000e+00
1.000000000000000000e+00
-6.415785858055100821e-01
2.540962942194676111e-01
2.590134883039902358e-01
3.436770620256364150e-01
5.030116641138827616e-01
-1.000000000000000000e+00
2.066641242998016326e-01
-1.846777947653305274e-02
8.402814783189760384e-02
-2.244466437931064151e-02
1.000000000000000000e+00
-7.902553883636133092e-01
9.378894534024300178e-01
1.000000000000000000e+00
-7.178563774292965327e-01
-1.000000000000000000e+00
-1.000000000000000000e+00
-8.609162779921558650e-01
5.180456043481368456e-01
-1.000000000000000000e+00
1.000000000000000000e+00
-1.000000000000000000e+00
6.789755493879150450e-01
-1.000000000000000000e+00
5.215836832091356179e-01
-4.699051842087329511e-01
-7.854423399146766016e-01
-1.974409857664579659e-01
-7.338457226853097870e-01
-1.136659013400822260e-01
2.667410505766022455e-01
1.000000000000000000e+00
1.000000000000000000e+00
1.000000000000000000e+00
-1.000000000000000000e+00
-1.000000000000000000e+00
-1.320964038433170007e-01
1.000000000000000000e+00
-4.091122405446845911e-01
9.301534413884876562e-02
-7.385712290858401641e-01
7.286224015569685575e-01
-1.222404437186723480e-01
7.673739584588340490e-01
9.422061079036745390e-01
2.697587799071919923e-01
1.000000000000000000e+00
-1.000000000000000000e+00
-8.984823059491082731e-01
5.725777237075299064e-01
-8.038331035623403897e-01
8.053276359474819124e-01
-6.872032054145235103e-01
-1.886064509238646048e-01
-1.738919567027628066e-01
6.294894027064062980e-02
-1.194035674125357716e-01
7.350327299470857945e-01
1.000000000000000000e+00
-1.000000000000000000e+00
-2.918130628132760140e-01
3.259280237115607104e-01
-1.000000000000000000e+00
-8.745951175979976844e-01
1.000000000000000000e+00
-7.236779371958986795e-01
3.539566461109119322e-01
-3.829414429533120057e-01
-6.173070718670643497e-01
-4.753335586979340333e-01
-1.000000000000000000e+00
-3.356488725061523293e-01
-6.946814432027021979e-01
1.000000000000000000e+00
5.685732666468263918e-01
1.302498115038080995e-02
3.785926943931947619e-01
8.199939794669010018e-01
-5.420428451414097681e-01
1.759677614181176519e-02
1.000000000000000000e+00
6.022606559877881072e-01
-1.708804454555870600e-02
1.917515643551667148e-01
6.457837737446755488e-01
-2.242432661868141719e-01
-5.273745399486099439e-01
2.796212523097341696e-01
1.000000000000000000e+00
9.133752231893643714e-01
1.000000000000000000e+00
1.000000000000000000e+00
2.144739622076460295e-01
6.488159073345578509e-02
8.674172663473282974e-01
-6.668068296393410144e-01
-4.383387617315951390e-01
-6.329521363432951686e-01
-4.730406440434835325e-02
9.084765335256709262e-01
1.000000000000000000e+00
9.697439303167021407e-03
1.000000000000000000e+00
-6.890949791907126087e-01
2.649694741531144482e-02
-1.000000000000000000e+00
-2.564220426544450149e-01
1.000000000000000000e+00
1.877426779353691122e-01
-5.256336612722586343e-01
1.000000000000000000e+00
-5.984739005068631656e-02
-1.000000000000000000e+00
2.737748047510486504e-01
4.889107486768680122e-01
-1.000000000000000000e+00
-4.495868839409778439e-01
-1.000000000000000000e+00
-4.251714684535935485e-01
1.000000000000000000e+00
4.928868454194538229e-01
2.845351137743672432e-01
4.529634070939294044e-01
1.114776316226108177e-01
-3.423800503761390557e-01
1.000000000000000000e+00
8.266051330804716768e-01
1.000000000000000000e+00
-7.278040930861633395e-01
4.115822474122755592e-01
-1.000000000000000000e+00
2.282557166259818748e-02
-9.690552227310170741e-01
6.136887325375440794e-01
-3.979009467982758674e-01
-2.778180400133825056e-01
1.000000000000000000e+00
4.223503960738232976e-01
-4.975287587249939136e-01
7.106943115877520922e-01
5.192840455479863504e-02
-6.897214550079027173e-01
-7.558741191022786410e-01
-1.000000000000000000e+00
4.798510418217581397e-01
-1.292503848720965021e-01
1.000000000000000000e+00
1.000000000000000000e+00
-3.299435230275050146e-01
1.000000000000000000e+00
1.000000000000000000e+00
-3.969083441514468791e-01
2.957225310368460924e-03
-6.789871589186180501e-01
-1.000000000000000000e+00
-1.000000000000000000e+00
-1.000000000000000000e+00
1.000000000000000000e+00
1.997457355882813479e-01
-7.623115929505823729e-01
-1.000000000000000000e+00
-5.407796168659541047e-01
4.933967423547458431e-02
-1.000000000000000000e+00
-8.565132688808579919e-01
-9.056966343814289999e-01
-6.078042271049652889e-01
-1.269321709494484196e-01
4.997406576162309877e-01
-3.335452158258891964e-01
1.000000000000000000e+00
-1.000000000000000000e+00
3.371819160102816348e-01
-4.251540778780069085e-01
4.326164177095897512e-01
1.000000000000000000e+00
5.508869442623516299e-01
2.989866402884434615e-01
5.665740006780828342e-01
-7.716225481505604167e-01
1.000000000000000000e+00
-4.448869061823288451e-01
-9.182011031065662188e-01
-4.957237650759892533e-01
1.000000000000000000e+00
-4.358265906749195229e-01
2.332299994641686691e-01
-1.671403803526928800e-01
-4.400841038492305790e-01
1.000000000000000000e+00
-4.497920994911606130e-01
1.971847825300451773e-01
-1.337636378825735606e-01
1.000000000000000000e+00
8.975812204192648025e-01
3.450932780924744758e-01
1.000000000000000000e+00
-1.000000000000000000e+00
-7.372784169381002561e-01
7.241013112592957768e-01
-1.386299687836342054e-01
-1.976129063967030364e-01
-1.000000000000000000e+00
-8.596113564653715677e-01
9.612546781045977484e-02
3.574193755511766435e-01
2.722980448912232232e-01
-1.000000000000000000e+00
-1.000000000000000000e+00
2.209866859193585220e-01
-5.493041670260971898e-01
-1.000000000000000000e+00
-1.000000000000000000e+00
2.457747514898081520e-01
-1.000000000000000000e+00
9.646169293023981739e-01
1.000000000000000000e+00
-1.000000000000000000e+00
-3.582047945236817021e-01
3.170170489690309346e-01
1.362554723773783949e-01
-6.753085814843328150e-01
5.087279701369559204e-01
7.812258481382901021e-01
1.000000000000000000e+00
3.045911670016765993e-01
3.560214180608444745e-01
9.365744015648086451e-01
4.943514695038506712e-01
1.000000000000000000e+00
3.117391090561848488e-01
5.264991557647215048e-01
6.307366901065704079e-01
4.759431411633214259e-01
8.986071553812601254e-01
5.254549592013941783e-01
3.843240543549837351e-01
5.049857973068486716e-01
9.736825988135235921e-01
8.732343355438292321e-01
3.385891851988497847e-01
5.105323219032921189e-01
3.559368625329291103e-01
5.007861023145545598e-01
6.110809621517276913e-01
7.476318154236054614e-01
5.151904438904931771e-01
4.471912910614357362e-01
3.516985965401219771e-01
3.429064417855735014e-01
6.517583648720592926e-01
4.702112256952514224e-01
8.985448740477868235e-01
6.372175394672229265e-01
2.543842709484787079e-01
3.829965407049856774e-01
2.881023084076245744e-01
3.498422593212353049e-01
9.258464483055687255e-01
6.524623346881395225e-01
5.172404037876958682e-01
3.524998185420026853e-01
5.426099058542644960e-01
9.016522413939574987e-01
4.111485463920385164e-01
3.184128693723372594e-01
6.483061196323441910e-01
6.527111107329574002e-01
4.042352485662376593e-01
5.138508217369003317e-01
7.198085633861419641e-01
9.238296958724502295e-01
3.333940696330660036e-01
6.294350204931344894e-01
4.280652499699860170e-01
6.609850598863546978e-01
4.436584455972492069e-01
3.906291609281062893e-01
1.000000000000000000e+00
4.247849329835640675e-01
6.726405305085721986e-01
3.083332617541912346e-01
2.941520888964677671e-01
6.065334536650375252e-01
4.804885092969533034e-01
7.806956107041959081e-01
4.466123547511515746e-01
6.222738631630972961e-01
4.062804794291562938e-01
4.906299555427454107e-01
3.745039577431883426e-01
3.965112834675726949e-01
2.641171050639782858e-01
4.104333079910050808e-01
5.026713021565816231e-01
5.823231698836311976e-01
7.898416340581626560e-01
1.000000000000000000e+00
5.520877283379677092e-01
7.648278522317736305e-01
9.919038580765887625e-01
4.981359570224547784e-01
6.327383254390694933e-01
3.128709968725400525e-01
5.792560475689231270e-01
4.699216898125895270e-01
1.812182807857908029e-01
6.444338368198306854e-01
8.807768088516479965e-01
3.803937523940036924e-01
6.015088315069415659e-01
7.161656453673849176e-01
6.267461174863664386e-01
6.006169220467291181e-01
4.005549267771462141e-01
5.303252036032066741e-01
2.688670779431708846e-01
5.616248519317788013e-01
2.854211993830738092e-01
5.024040581023573315e-01
5.680850288459332598e-01
4.079675096158840719e-01
1.000000000000000000e+00
5.214872521474031020e-01
7.736830028121893799e-01
2.952411924322292935e-01
4.303315765005735205e-01
5.028994690150980773e-01
3.218002865737106255e-01
8.247613875632705538e-01
8.801949090082027416e-01
5.732106947511358408e-01
2.565240398307655489e-01
4.878938929967379656e-01
8.315694728147139392e-01
5.796301913333041789e-01
3.182848702229534865e-01
3.069441580652023660e-01
4.726098125908513858e-01
2.882261734181099100e-01
4.855406488788563402e-01
4.444027513177819522e-01
5.817603136145341747e-01
4.367717121681528036e-01
4.670961509944108192e-01
5.850369406574902342e-01
9.119237466689044114e-01
2.996707559813153177e-01
5.859020216186561214e-01
3.135262437804137714e-01
2.954239909752540139e-01
3.303509481855367858e-01
6.945426213353577127e-01
7.424668528886013696e-01
8.904561386553264679e-01
7.823798084308404288e-01
5.441475525778570743e-01
7.265165855397019978e-01
8.751681045912321766e-01
6.392713201546754709e-01
4.419732904835773080e-01
8.173229393465788473e-01
1.000000000000000000e+00
4.227969890662182095e-01
6.796746593191246300e-01
5.459763711589350477e-01
6.789298850751191994e-01
7.820426205232179351e-01
4.928649597309748831e-01
7.457362244594063494e-01
6.620347577530257821e-01
5.611911100573099276e-01
7.385925600019933590e-01
9.212603291211286516e-01
5.082868719432758198e-01
4.994156372528025245e-01
2.779231705394453189e-01
6.842588875542969795e-01
6.323057766831846616e-01
5.736797429638393897e-01
7.202985492870370710e-01
3.178304570810791541e-01
5.684044632722884405e-01
3.628523805160651095e-01
8.079085188028501952e-01
1.000000000000000000e+00
7.052281776134483593e-01
3.174760052557320522e-01
9.750666950224752272e-01
5.219909218087377401e-01
4.786034940149058725e-01
7.067329988656732009e-01
4.698514820973324624e-01
6.366859122115566816e-01
1.000000000000000000e+00
1.000000000000000000e+00
4.970298395681382875e-01
5.496543509911935299e-01
6.915486384925376706e-01
6.187620712764226871e-01
4.752475761826459588e-01
6.031577106294125912e-01
7.989763754425505127e-01
2.732438342246370500e-01
1.000000000000000000e+00
4.708862572720416972e-01
5.670643472733933876e-01
6.657877272665851942e-01
5.800411869234350926e-01
1.000000000000000000e+00
8.865247201012335099e-01
8.148291479214880839e-01
6.180783841938248813e-01
2.899365179241589763e-01
6.619997523246549109e-01
3.808369156969541591e-01
5.634618770049457659e-01
6.165320800757748687e-01
7.065775408840276883e-01
4.871461777681293515e-01
6.949461040002776757e-01
6.271731091956975757e-01
1.795284572504461662e-01
4.686693717954851235e-01
8.333236424580418023e-01
4.657086163335640294e-01
2.559926814657682570e-01
3.964843623667979600e-01
7.660331258106891639e-01
5.433494136333880675e-01
2.282138330804684700e-01
4.715294354413777644e-01
5.779347010794713135e-01
3.413566214546677191e-01
2.354928440384687072e-01
6.235542765075604565e-01
5.636474238747801735e-01
5.102637462761698828e-01
3.695689498326282241e-01
5.979617076691975397e-01
4.330970454501451017e-01
7.529841500330374249e-01
4.720704822413185342e-01
4.650471844427775392e-01
2.237914739927572838e-01
6.652065671675261305e-01
2.744094039995721990e-01
4.579534056682265097e-01
5.291560961018167975e-01
4.674821908545714333e-01
8.690221130006686723e-01
3.840414857633878132e-01
6.225215039879020695e-01
4.033858377716034727e-01
5.926543128499015545e-01
5.536832675937878312e-01
7.042435006414716758e-01
3.940834075244387669e-01
5.927070879992720753e-01
3.704701232154364865e-01
5.584656179321487723e-01
3.087772273300766757e-01
1.000000000000000000e+00
5.803871781091436421e-01
3.565535730606611553e-01
4.609047567922821553e-01
8.058109470836400945e-01
1.000000000000000000e+00
4.099446309117651954e-01
7.246765612720640348e-01
4.185260110152695390e-01
5.744838058891373889e-01
5.700473543293484990e-01
7.907042490153527448e-01
7.379308552757440909e-01
6.537113145331581165e-01
4.182136864499082507e-01
6.715014869864085467e-01
4.474266093593748939e-01
5.441047362896774819e-01
3.147445218517297971e-01
8.256595474771503129e-01
2.760470533655655645e-01
1.000000000000000000e+00
8.233729760533949893e-01
3.667198377081254401e-01
2.806873230323773671e-01
