-8.497456870574621179e-01
-1.000000000000000000e+00
-1.000000000000000000e+00
-1.000000000000000000e+00
1.000000000000000000e+00
-2.143808377810689780e-01
-5.518914341884727237e-02
-1.000000000000000000e+00
2.923739709747369409e-01
-5.596388788359626387e-01
-4.444657655575537381e-01
6.458916810281417620e-02
1.000000000000000000e+00
-3.377444034629899505e-01
1.000000000000000000e+00
-1.000000000000000000e+00
-6.063618309023819375e-01
-5.627346420940251281e-01
-6.739798128152626466e-01
-5.239875212819119499e-01
1.000000000000000000e+00
-1.000000000000000000e+00
8.184202462362656361e-01
8.436769087094495578e-01
-3.079227825149019604e-01
-4.403856728989270497e-01
-3.157802476664030022e-01
6.295178434847020776e-01
3.696207082513147113e-01
1.000000000000000000e+00
-4.708038578542646513e-01
6.677811154782349323e-01
2.736855073209139566e-01
-1.000000000000000000e+00
1.342761859301777605e-01
-3.372272985812285739e-02
2.219008010360199457e-01
5.898076934036600161e-02
6.893098902076599810e-01
-3.602511691296510499e-01
4.361694040852522325e-01
-1.000000000000000000e+00
9.151165530236011758e-01
-7.702859590958022196e-01
1.000000000000000000e+00
1.000000000000000000e+00
4.957397375895144509e-01
-7.506275134213530320e-01
4.416198322059778913e-01
-1.000000000000000000e+00
-9.416980081196481278e-02
-3.051274851831257129e-01
9.295682489388391589e-01
1.000000000000000000e+00
1.310516959027904216e-01
5.948998983919975281e-01
8.399557278475953126e-01
1.000000000000000000e+00
-1.000000000000000000e+00
5.472050147535179043e-01
-7.106118490358159789e-01
1.000000000000000000e+00
1.000000000000000000e+00
-5.878926869008468392e-01
2.453366166315665842e-01
1.520796728236465389e-01
8.812514518134001440e-01
-3.771770921930598375e-01
-1.143366694474702294e-01
-1.000000000000000000e+00
6.134870619652204038e-01
7.575172274368433545e-01
-4.596733639935843829e-01
-7.303612007089262947e-01
-5.990361501069136896e-01
-1.000000000000000000e+00
-8.474642359353532495e-01
-8.156553962756590836e-01
-1.000000000000000000e+00
1.000000000000000000e+00
2.858806736955007977e-01
4.848859132283369067e-01
8.572716314755092215e-01
-7.755187961783615025e-01
6.237268674582413519e-01
1.000000000000000000e+00
-1.000000000000000000e+00
7.260222068031527698e-01
3.370699383707392860e-01
-3.525996686106922517e-01
-5.450523858183206061e-01
1.000000000000000000e+00
6.522513489443383383e-01
8.687002002106548604e-01
3.590324168900820290e-01
7.633272445159797748e-01
-1.000000000000000000e+00
-3.212399049021135156e-01
-1.766836767170766598e-02
-1.000000000000000000e+00
5.683066696642955495e-01
-1.000000000000000000e+00
-1.000000000000000000e+00
1.000000000000000000e+00
7.209930600931764300e-01
-1.000000000000000000e+00
-1.781190684048949424e-01
1.000000000000000000e+00
1.968922824584001807e-02
1.000000000000000000e+00
1.000000000000000000e+00
-7.202101364519217785e-01
9.762583558100883518e-01
-1.000000000000000000e+00
8.995539177887188487e-01
-1.973788460823161228e-01
3.422797367159302606e-01
-3.177871068334735538e-01
-5.876715185536677266e-01
-4.940698839230784900e-01
1.964458467153293864e-01
1.000000000000000000e+00
1.807094470623391291e-01
-4.527821954466580423e-01
-1.000000000000000000e+00
-3.670281778376813797e-01
3.169717565256388037e-01
-1.000000000000000000e+00
1.000000000000000000e+00
1.000000000000000000e+00
-6.235995678172415735e-01
-1.436358635789403149e-02
-1.000000000000000000e+00
-3.814126587764438137e-02
-1.000000000000000000e+00
-5.383879359425540745e-01
-5.020471118569538316e-01
1.000000000000000000e+00
-1.000000000000000000e+00
2.557756173836991387e-01
1.000000000000000000e+00
-7.878928643530570541e-01
-1.948142161857991939e-01
1.000000000000000000e+00
-1.000000000000000000e+00
-1.000000000000000000e+00
2.133693494463402285e-01
6.965541781563002743e-01
8.725297475464176555e-01
-3.013178012376591108e-02
1.898846343330283792e-01
3.844229845605970919e-01
3.328304936743835540e-01
-7.160892704448158508e-01
-1.000000000000000000e+00
7.716324676647089431e-01
9.033623185949091194e-01
8.200348263884276179e-01
1.522093107550129276e-01
-9.515660559570572330e-01
1.000000000000000000e+00
-1.000000000000000000e+00
-1.000000000000000000e+00
-1.000000000000000000e+00
1.000000000000000000e+00
-5.297857347802978900e-01
5.185549772089909082e-01
-6.127121675278324187e-02
-8.385994169865260695e-01
-6.621284891266248085e-01
-9.470843035829362710e-02
2.110020691909568757e-01
1.000000000000000000e+00
7.424103220832745098e-01
-2.062421154113457944e-01
-1.000000000000000000e+00
1.000000000000000000e+00
-6.290305179056004947e-01
4.502501397354780055e-02
-4.933012940411062308e-01
-1.000000000000000000e+00
-1.509686560597892635e-01
1.650229385893879908e-01
-1.603953116657840239e-01
5.533206202244386196e-01
7.578476004834342472e-01
9.675950717082413277e-01
-3.337586455096102078e-01
2.813601535614441707e-01
-1.000000000000000000e+00
1.025974499087624892e-01
-6.191595999480651313e-01
-1.000000000000000000e+00
-6.053363172031458461e-01
-2.742472057747130654e-01
3.796234840188809079e-01
1.000000000000000000e+00
5.712310704968759367e-01
-1.000000000000000000e+00
-1.000000000000000000e+00
3.218848797390879701e-01
-1.000000000000000000e+00
1.000000000000000000e+00
-3.912238126948522354e-02
-4.236680607496609019e-01
-3.246938237090788437e-01
7.286262617635913541e-01
7.275433731224789646e-01
1.000000000000000000e+00
1.000000000000000000e+00
-1.000000000000000000e+00
7.841894784360305959e-01
2.732145274917104349e-01
-1.787037368494461820e-01
5.635132890808062234e-01
2.544120519467751307e-01
2.067001556297901055e-01
-7.257096937731610797e-01
1.000000000000000000e+00
3.258246959388189090e-02
-2.452499768126789048e-01
1.000000000000000000e+00
-1.000000000000000000e+00
1.642576050016456013e-01
-6.967236218414587512e-01
4.317441549469850370e-01
1.000000000000000000e+00
5.793066510805879865e-01
-2.110747596136125503e-01
1.000000000000000000e+00
3.303648012999887418e-01
1.000000000000000000e+00
-7.155094080958074310e-01
-1.000000000000000000e+00
1.000000000000000000e+00
1.000000000000000000e+00
5.869725789937839666e-01
-1.000000000000000000e+00
1.000000000000000000e+00
-1.000000000000000000e+00
2.805466410509424025e-01
7.165313894033141784e-01
4.227646092582489912e-01
7.460532022854929890e-01
1.000000000000000000e+00
-1.000000000000000000e+00
1.000000000000000000e+00
-5.713962599298346712e-01
-2.944745032099291837e-01
-1.000000000000000000e+00
-1.000000000000000000e+00
4.621508679001765652e-01
-1.000000000000000000e+00
7.452767780030151723e-01
-3.016772482569215486e-01
-1.000000000000000000e+00
7.764879961309626433e-01
-1.033888957026369848e-01
4.046696615284464671e-01
-1.000000000000000000e+00
9.347897036569148277e-01
1.000000000000000000e+00
-1.000000000000000000e+00
-1.000000000000000000e+00
-1.000000000000000000e+00
5.398213116323757887e-01
1.000000000000000000e+00
1.000000000000000000e+00
9.274311799895001984e-01
5.685608425957856538e-01
9.239676329159344226e-01
3.285195651701383612e-01
7.529398777826576961e-01
2.901005071980484185e-01
8.231515341583732770e-01
9.498502110497962780e-01
4.103053994744252364e-01
1.000000000000000000e+00
5.202688038887068878e-01
2.707182935194323292e-01
9.165967511239014875e-01
8.174112291751860493e-01
5.118839762156772721e-01
2.796546563971510913e-01
4.660583979663335263e-01
5.439015131258949642e-01
4.410786030272660918e-01
3.120525285683013461e-01
3.646150503892833239e-01
6.288488507775542580e-01
1.995126557712151028e-01
2.806336876588625961e-01
1.000000000000000000e+00
7.227331505043333992e-01
9.291266363441439413e-01
9.176147434370375278e-01
6.623790724718454648e-01
8.186514032811645913e-01
6.425402089253551274e-01
5.100667415250175196e-01
4.949140656407025607e-01
4.782236989083220036e-01
5.476422109250588255e-01
5.493120020603086129e-01
8.039935803526163660e-01
2.731960353245733719e-01
1.000000000000000000e+00
3.652048164383788764e-01
3.195886946767030889e-01
5.441220999301380479e-01
6.401300015180740877e-01
8.150027366445763422e-01
8.914456652776143741e-01
6.361447122248625741e-01
1.000000000000000000e+00
7.064709368730243133e-01
9.510312735870317669e-01
3.277041787193935574e-01
5.164729360640240019e-01
1.000000000000000000e+00
3.291499482893992523e-01
6.440735075306269763e-01
1.000000000000000000e+00
6.111292262427062694e-01
5.514691959773311281e-01
4.552276509602583010e-01
1.000000000000000000e+00
1.000000000000000000e+00
4.117955763959971760e-01
9.971450232472245379e-01
6.400045763057790049e-01
5.801868158679007736e-01
5.786892790486067861e-01
7.309948349475697826e-01
5.310384826372324119e-01
9.462886901448441801e-01
5.562952736756221483e-01
6.120287535203915441e-01
4.784712412176850282e-01
3.251754806448562962e-01
9.144343358641343622e-01
1.000000000000000000e+00
5.507896986713405330e-01
1.000000000000000000e+00
6.127146649265522438e-01
9.498583504368881547e-01
6.757880307039401124e-01
1.000000000000000000e+00
6.670677006376543039e-01
8.666134710108693850e-01
1.000000000000000000e+00
1.000000000000000000e+00
7.677153243325736121e-01
6.594352936918850272e-01
5.539586869167982819e-01
8.745569714839841469e-01
1.000000000000000000e+00
6.550571362066606174e-01
5.140604865244962074e-01
1.000000000000000000e+00
7.610314232875148299e-01
5.476969796505812837e-01
5.919952353137499790e-01
5.129051776682083119e-01
7.921290637539318835e-01
4.470341068961137809e-01
9.218503947662305409e-01
7.653472060102607388e-01
4.374694459750759767e-01
6.711641808270794041e-01
1.000000000000000000e+00
3.455983321260612251e-01
5.188243323601156032e-01
7.140600682989497461e-01
1.000000000000000000e+00
1.000000000000000000e+00
8.432348758103960229e-01
4.598260659148030727e-01
9.509852188132940087e-01
9.736882373981421424e-01
6.741947354285370286e-01
7.979795281221203629e-01
6.653832628267016824e-01
5.949475980184539825e-01
7.447969447498062889e-01
8.250500903793196450e-01
6.385252803951918521e-01
6.801313587978338182e-01
6.243262110023254374e-01
3.347025248351578885e-01
4.912416228299915089e-01
7.038553941204329645e-01
8.243523892526388730e-01
4.996111218527721776e-01
1.000000000000000000e+00
8.987708534644186509e-01
6.364077772845280201e-01
4.146215847862832482e-01
5.407157077249256094e-01
7.010243518760310710e-01
5.454191962411663042e-01
3.675310962042070972e-01
4.663200026344059834e-01
5.128255812565030158e-01
1.000000000000000000e+00
8.613530448454723709e-01
7.662143963573749827e-01
3.697404266440755261e-01
4.295665017586861034e-01
8.496745232382988400e-01
8.873492890819391077e-01
3.111526544586106779e-01
5.316811556706152464e-01
3.177527230901174837e-01
1.838433067271803556e-01
7.963900522220798139e-01
4.351454283002184620e-01
9.789790365192927446e-01
4.401161002546698509e-01
1.000000000000000000e+00
7.131581178402640608e-01
8.741402486121707671e-01
3.904343663835648792e-01
7.752508243035529656e-01
1.000000000000000000e+00
9.728360756839633527e-01
8.624945000549011365e-01
8.089077720986301845e-01
6.018538438872893526e-01
5.858855745823480232e-01
4.473715297685820214e-01
3.839513085893418998e-01
1.000000000000000000e+00
4.464703492663823492e-01
6.099726412001852394e-01
8.381547875293632321e-01
8.971468588704184510e-01
5.617598136313021184e-01
2.978734667881319798e-01
2.979987719470298946e-01
1.000000000000000000e+00
5.831709783841828587e-01
7.081003726549692789e-01
2.615269602636261514e-01
5.554511549282484806e-01
1.000000000000000000e+00
1.000000000000000000e+00
6.322144714070483396e-01
7.261569858524573595e-01
5.350633663468518098e-01
1.000000000000000000e+00
9.918076911380152572e-01
6.700092332392290073e-01
9.536628863073418616e-01
6.892884565974378708e-01
6.950214928417084437e-01
9.259203001456506321e-01
8.538758450492025531e-01
8.052969012638555579e-01
6.491842236025237023e-01
7.358339766341932542e-01
4.940161974264890565e-01
4.995182778294526282e-01
6.667227381737245162e-01
4.463980606892707370e-01
8.744335354977164076e-01
1.000000000000000000e+00
4.802239765849151132e-01
4.534959358486597703e-01
4.570149548525025418e-01
3.411920528890848292e-01
2.802634986426056352e-01
6.292727550594705566e-01
6.124934858747310695e-01
7.356111180323451348e-01
4.667188891584460042e-01
8.778262597611691254e-01
5.133304625529547804e-01
6.603634514965478486e-01
6.507886872084174268e-01
6.301537202057484466e-01
9.900106415167946317e-01
3.278139735857844017e-01
4.713206429914465478e-01
3.981910910021501659e-01
4.789881851587265427e-01
1.000000000000000000e+00
3.357406980088114556e-01
2.044522151649536268e-01
5.142363955798304742e-01
6.867476256207377672e-01
7.593928068587775249e-01
3.913643085592038440e-01
6.752237219729789741e-01
4.707487030188068355e-01
3.982054797558783887e-01
7.291940258573996747e-01
4.487720077300079158e-01
8.084563764025369803e-01
5.594975439646899806e-01
8.179408143703265077e-01
6.146472900998569688e-01
7.045474059732788064e-01
1.000000000000000000e+00
7.616095567069645078e-01
4.162037147610703758e-01
5.659538026190424898e-01
7.127979882266203271e-01
4.611209821522050945e-01
3.427495049661060111e-01
1.000000000000000000e+00
7.931375589566154183e-01
3.488117721112777847e-01
6.336346057499164797e-01
4.625415954161598009e-01
4.799260198307800374e-01
9.882872938458947543e-01
4.034596001287050759e-01
7.143059871042723996e-01
6.692074630376514399e-01
5.550006794882660355e-01
4.511450699341871817e-01
6.116908004806362875e-01
4.963000109898983991e-01
3.720681665433941965e-01
6.258211213869560030e-01
3.574593238659566352e-01
8.411478532410719966e-01
8.965985287732318731e-01
1.000000000000000000e+00
