2.043544938089184027e-01
-1.982231843809165173e-02
2.503167901286569852e-01
1.494664326763354978e-02
1.000000000000000000e+00
-4.481619937941210274e-01
3.881617952402496852e-01
-2.591839149474463033e-01
6.249843177044192011e-01
4.294529986768496621e-01
4.510845712375649574e-01
2.011890433957319591e-01
-1.804670615111382548e-02
-5.152870896979798443e-02
3.857987279524390800e-01
7.292356468486972387e-01
-3.682385911382469734e-01
-5.865975258521124447e-01
7.838406915734661418e-01
1.080337826294424236e-01
2.273816081226051611e-02
-6.018746554946363680e-01
1.329840262649909233e-01
-1.298068847498274891e-01
3.670916338435807336e-01
3.153093127939474716e-01
-3.345920179989305132e-01
-3.632629066083248315e-01
-3.204837868238613607e-01
6.128618217562348258e-01
-3.145778559977643329e-01
6.290025242935768368e-01
4.029318661782592126e-01
-6.702361870406337019e-01
-5.749858003565991860e-01
1.321807853468238425e-01
7.504824030834453819e-01
-3.110569674329863865e-01
7.118868430312220719e-01
6.084063069553824477e-01
-1.000000000000000000e+00
2.957737505287977298e-02
-1.967088392653751905e-01
-7.529554363886262758e-01
1.000000000000000000e+00
-7.835676667509368087e-01
-1.000000000000000000e+00
-7.458000557259574226e-01
4.155608345343247412e-01
-3.517339843952950185e-01
1.588057048358174350e-01
4.265266521174710945e-01
-6.214777450056835351e-02
-6.596845162634870086e-01
-4.683776750898857033e-01
-1.389760747852838429e-01
-5.465575930803028282e-01
3.674365468993398554e-02
-1.119501236461546978e-01
4.613011263378118954e-01
-3.971457040302669439e-01
2.236323078737628700e-02
7.724324477793229615e-01
3.807084704972041322e-01
5.468630426701532876e-01
4.274160610657985471e-01
-2.096211553357361645e-01
4.031872017691711108e-01
1.000000000000000000e+00
-2.816039385298424458e-01
1.722732853895863614e-01
-2.321378301079334711e-02
-4.013268811338726594e-01
4.643571618729084305e-01
-3.625920617978962701e-01
-3.416395539886701860e-01
2.847611522910486470e-01
8.274198156773486523e-02
-3.749669392467463447e-01
2.155591923158197143e-01
3.099005716036439262e-01
-5.487308206375355463e-02
-8.681728986731090947e-02
-5.696591669766228883e-01
1.011839727642101505e-01
6.484312872300179720e-01
-7.886656405323312635e-02
6.996275649067239533e-01
-9.005179244551366757e-01
6.773228713818011393e-01
2.082324956075150557e-01
-3.848288212782637330e-01
-1.000000000000000000e+00
2.676582305547650642e-01
-1.000000000000000000e+00
1.503142818236361672e-02
-4.168344126728288357e-01
-2.376726399256299804e-01
7.697121127869234469e-02
7.202879622219320321e-01
2.607701333798462806e-01
-1.174771548532602405e-01
-2.461498579227118788e-01
3.166376662540247855e-01
7.533176627947912873e-02
-6.817362569384475268e-01
6.468933881150287779e-02
-2.397534319601294650e-01
-6.415553943866985076e-01
-2.458042772181824598e-01
-3.674598642392938874e-01
-1.000000000000000000e+00
-9.643594437384231388e-02
4.549499260395079014e-01
-5.204396243763292906e-01
1.028150150209614644e-01
-2.001978671555097455e-01
-9.617833880610540676e-02
-2.315923316012871991e-01
-4.724846306905413629e-01
2.090429361716077961e-01
3.085384539550862781e-01
-3.026943363622496830e-01
9.592380493058827451e-02
-9.501178838880405264e-01
-3.228667277061750829e-01
5.765328979198355852e-02
8.741820823327894896e-01
9.639606688027435588e-01
-6.144646411579920975e-02
6.911566673377166070e-02
9.596521656965075753e-01
1.816741009798066575e-01
-1.560131420294378624e-01
-2.287412334182888363e-01
5.415788417089091311e-01
-1.000000000000000000e+00
-3.341351755848491756e-01
6.113026882270974349e-01
-1.084387325036322153e-01
-3.660913898684441947e-01
1.000000000000000000e+00
-1.000000000000000000e+00
6.259292982115307602e-01
-6.732631542886962084e-01
2.626977724129880842e-01
2.306432119818288828e-01
2.362691857777900473e-01
4.095005962074378947e-01
-1.182957286354442000e-02
-4.002785031448912179e-01
2.749354776561938746e-02
-5.280223727320897398e-01
4.823217307508382290e-01
-4.315109274222344582e-01
-2.717161445566400602e-01
6.485485733661429109e-01
3.104216827422456304e-01
-2.135222200096483225e-01
2.096836167211429403e-01
4.792020462516412005e-01
-1.601846301027938235e-01
5.029775845734376638e-01
-4.562549386426098530e-02
1.618310342813864822e-01
-1.274660672422060492e-01
3.215215743603362375e-01
1.089890155506553771e-01
-2.323568019226811554e-01
8.686771675323376463e-02
-7.937097836037443344e-02
8.399490401899003533e-01
-2.057259371829457117e-01
-1.000000000000000000e+00
-1.805813285334725571e-01
1.000000000000000000e+00
1.730885342842190810e-01
3.369717070250419777e-01
7.028406176190096222e-01
-1.000000000000000000e+00
6.284523380884234900e-01
6.185825810165930250e-01
-6.673754149782439304e-01
1.912866858634674760e-01
7.339970131980612100e-01
-5.850729753154525481e-01
-5.323160869404262030e-01
5.040159382141687905e-01
-5.975366276647532393e-01
-5.282577513125976676e-01
-1.000000000000000000e+00
-3.490975396289448529e-01
-8.096894557198723863e-01
-1.323503076741456841e-01
2.605982270780016208e-01
-3.183749696506057436e-01
1.703488330056512901e-04
3.461966132885959113e-01
-8.055312732453473457e-01
8.647693301591755644e-01
1.961158038334432363e-01
-2.378424091831248810e-01
-2.062229242118678585e-01
7.947940203146673932e-01
5.875450090662422964e-01
2.953196264934055959e-01
9.409446285729962112e-01
7.009293942782748310e-01
4.959796769158851815e-01
4.800080090116357057e-01
-3.541780550938605776e-01
-1.486595606740015452e-01
2.843987488627633398e-01
-2.466690593857735203e-01
9.237718820052936985e-02
3.829514322304425344e-01
5.690280389675139716e-01
-9.071087819550770481e-01
-3.393469650724380005e-01
6.441408097647249864e-02
-5.164715658919821761e-01
7.950888320801134945e-01
4.944732413908575069e-02
-4.664570107775637964e-01
7.401771550459365079e-01
-1.000000000000000000e+00
-8.172759100435345037e-01
-8.317264335906888739e-01
4.478673392063210468e-01
4.433493493305944999e-01
7.834622240976386598e-01
-2.778822514097388785e-01
7.494125649341354389e-02
4.930439350401660814e-02
-3.923961328371352031e-01
-1.000000000000000000e+00
3.507275827179614502e-01
-6.612728089420989441e-01
-9.540283992131334823e-02
-1.000000000000000000e+00
1.749296120458638248e-01
-4.022861157688870648e-01
-1.000000000000000000e+00
-9.112986418915534070e-01
8.018687081080135837e-01
4.761708426189640297e-01
3.039807884015102157e-01
-6.173996050789158641e-03
2.482254771379084346e-01
-7.127146008992115700e-01
-1.858653033624504958e-01
-3.866917083363571872e-01
-8.498825447156055368e-02
-1.634934605306220257e-01
1.000000000000000000e+00
3.893702727118946161e-01
-9.980049167897128148e-01
4.771054841314135153e-01
1.000000000000000000e+00
-3.513597642833589385e-02
-4.629522461373476450e-01
4.265034465123234697e-01
1.000000000000000000e+00
6.687120856977799566e-01
-4.362609027720785737e-01
