-1.483822114507085121e-01
3.108594662738189268e-02
3.063372472509607869e-01
2.466023544128974898e-01
-3.354772624379011026e-01
3.030193862188577669e-01
-6.598051040660850297e-02
-3.912809531158699117e-01
-1.630923731099631624e-04
5.474451566843336892e-01
3.296274859602424945e-01
-6.496427670514945962e-01
-5.498155596834422010e-01
-7.751584367982997104e-03
7.151278237960248529e-02
8.484834477516270401e-02
-3.166831456066845352e-01
5.367799884845592118e-01
-4.784283269150943485e-01
7.092624609420696696e-03
-2.693523071067371877e-02
-6.733123759180956736e-01
4.896200865173140349e-01
3.658824663572145530e-01
-1.654889206531407475e-01
-1.763363755985212500e-01
2.165068112636951980e-01
5.726306768751109333e-01
-1.806413851769307910e-01
6.785976186232465235e-01
3.095819739467002840e-01
-5.490483231844401901e-01
-8.405310732945626695e-01
2.443641012546484553e-02
2.533900860766517826e-02
1.956938938362137725e-01
1.233561714176718421e-01
-5.089543855650721649e-02
3.910935661550471454e-02
-7.069888363326439773e-01
-2.529567985116809581e-01
6.520974766097155095e-01
3.545983267021287633e-01
1.606170274724000036e-01
-1.596072486815849345e-01
-1.916189980943863169e-01
-6.589166426602637294e-01
4.267693926596403953e-02
3.026760050858676165e-01
2.930784375147821308e-01
3.844668858022581848e-01
-4.537710810334769085e-02
-6.840585485124750509e-01
3.445326759545951356e-01
1.798906176225179010e-01
4.353856353114995414e-01
2.369104921687445464e-01
-3.395492017851611810e-01
-3.709271501738531374e-01
-3.712517460461497443e-01
1.037285361862571309e-01
-7.213222805779585800e-02
1.652794474967377303e-01
-1.153362977949568685e-01
3.549079288489835338e-01
-6.677939164040580522e-01
7.273483308698820426e-01
-2.444749733012211990e-01
3.221355994592249861e-01
-2.798393644124259616e-01
-3.837357360409658358e-01
1.141441540245283215e-01
-7.291477774648539301e-01
2.196419655056046638e-01
7.968014846680784302e-01
1.346045747155384664e-01
5.377555114491783250e-02
-3.368104323349929152e-01
-3.825228522645585660e-01
-3.005726044410962361e-01
6.775168435593201810e-01
3.002974364250169392e-01
-2.843995412790293331e-01
-4.711193068441539289e-01
3.637521152046394035e-03
9.995095502228523721e-01
3.080354327500264486e-02
8.310639079572301746e-02
-3.409948749985622363e-01
-1.494964175201629608e-02
-1.036771314104864561e-01
-5.397612886964181511e-01
8.394845295450281686e-01
3.780472210846298475e-01
1.625226833023748485e-01
3.494064769428589790e-01
-3.246513946497220360e-01
-1.133254286606819039e-01
-1.772758527986730837e-01
6.168888868267078870e-03
1.204377586922302096e-01
1.629213660074236847e-01
5.670287476952016181e-01
-5.719382289034364852e-01
2.145538829818837701e-01
-2.430511208848366023e-01
-5.928160225664962368e-01
-4.090764766635036631e-01
-7.138061591593536370e-01
5.783581633905261477e-01
-4.455799779160191099e-01
3.772792327784067479e-01
7.543313797537665177e-01
-3.849707720406380651e-01
-4.843212050338706609e-01
-5.033912770593632763e-02
4.252940106803684839e-01
7.608751976475244816e-02
1.747222210214594285e-01
1.321342770051084914e-01
-5.120605554536883375e-01
2.139627212214017526e-01
1.399064393146366714e-01
1.679978655245860375e-01
3.360185096722205500e-02
-4.586220333678167060e-01
1.110654588803274279e-01
1.515924710926955243e-01
-3.315572097726371403e-01
-2.679998890502960918e-01
-6.260723992649270819e-01
3.996974359140989530e-01
7.322165546182074491e-01
2.872554701298776769e-01
-1.706816258223618210e-01
-3.285617891184978712e-01
3.010161580901185574e-01
-2.543191859513320718e-01
-4.300889284058289075e-01
2.657510877134905414e-01
-7.916307640350986885e-01
2.731716693189786827e-01
3.289199717382204069e-01
2.969542528894471012e-01
1.600638576414114278e-01
-1.708830024500636313e-02
8.385765339741388380e-02
8.456673025776544339e-01
2.608345243763746657e-01
2.214841916403394451e-01
-2.461584284349049578e-01
-4.961422314682731316e-02
6.018609002335317815e-01
3.662209286316143730e-01
-9.244790151492501828e-03
-6.359976594748589784e-02
5.457675621673829802e-01
1.181126757739990735e-01
-4.145739126852015510e-01
2.187868670341991117e-01
-6.861597266769583481e-01
-3.119211163508898155e-01
4.328117199663630288e-01
-6.853277670487449569e-02
6.334084917480590216e-01
-6.125958430654105946e-01
-3.607417400006109887e-01
-3.371894141623653640e-01
-3.586060346791358766e-01
4.292833182350979104e-01
-2.415343281577140427e-02
-4.220521683961915849e-01
1.046283187593109454e-01
8.485005307480379677e-02
2.965887846445092180e-01
2.174943779631725305e-01
2.599588314477823681e-01
2.468156460327721735e-01
1.007060589480821694e-01
-2.908046093648291031e-01
7.720159879674445280e-01
-7.951294586095722927e-01
-2.716344042665124192e-01
1.481124034312049642e-01
2.273188972696854049e-01
3.370121198197512657e-01
-3.153178915693204409e-01
-4.763338553333513331e-02
-6.558892269465139979e-02
4.062860454463169679e-01
2.186923571552380763e-01
-4.741080402830309959e-01
-3.797764739929935240e-01
-1.323332774484765051e-01
4.125846276765046672e-01
3.922732333157920026e-01
3.460280533722587260e-01
-1.840409199397721740e-01
-5.704152638897118655e-01
3.793690504048338741e-02
-5.244483936950161684e-01
6.873725811292616950e-01
-5.192098772059853262e-01
6.874582891940070883e-01
6.928507743018723353e-02
2.387306689602052279e-01
1.289804096681017587e-01
7.926535712280036172e-01
5.738946422877544418e-01
2.011619211488238912e-01
-1.148528826019940829e-01
3.028467736325637927e-01
6.326425744163672871e-01
2.647884279524304607e-01
2.845600635814397872e-02
-2.100851321450223491e-02
6.192969477612785267e-01
-1.617391664474584212e-01
3.828424913219039549e-01
8.370071791430477859e-01
5.732347251885200334e-01
8.063365814755060756e-02
-3.607260538891108315e-01
3.686736951310756183e-01
-5.353829844094251111e-01
-3.508945576986403081e-01
-1.722373948393086940e-02
9.136587218669460775e-01
-1.035354163741578348e-01
-5.927078171697788278e-01
-4.503440089467534158e-01
-1.999433858218256921e-01
-2.706702668977603587e-01
-2.199975483037222290e-01
-5.408371682580120909e-02
5.172260855114916289e-01
5.673509719197655787e-02
-8.677726978266877556e-01
8.297722138209141507e-01
2.503382998936556358e-01
2.600733596390270574e-01
6.359990170820162270e-01
2.098411718245896118e-01
2.168611601403422351e-01
-1.587496355450963847e-02
-5.355958836784819876e-01
1.525193026094547322e-01
-1.480140024600762050e-01
-3.238327680499415440e-01
3.518665663266986599e-01
3.973320561243016136e-01
8.002511142705100999e-01
1.240198437439208323e-01
-1.060196397910581900e-01
-4.297219879850117108e-01
1.972563432312726961e-01
-2.364639081502112883e-01
-7.696220437989611529e-01
3.983492698647125296e-01
-3.117935201777205512e-01
-1.145717703667839538e-02
2.843816510901260308e-01
1.481256918636543185e-01
2.307132219810945073e-01
-7.284772380198056840e-02
4.416184351902038840e-01
4.632968704132374715e-01
5.176182672546469909e-01
4.506283035523859226e-01
5.564339414351944235e-01
4.758710479136136762e-01
5.498269360073656520e-01
4.094525990724044995e-01
5.247258653064579281e-01
5.739993639737732689e-01
4.594923055729943084e-01
5.089556575356930512e-01
5.797777236106260723e-01
5.036915390579829177e-01
4.400623026012156491e-01
4.464125454519128899e-01
6.647054998505063095e-01
4.333021184269108539e-01
4.637056994327413140e-01
4.320830767598752842e-01
5.208101270308391761e-01
5.553074476784909397e-01
3.593274272576879036e-01
4.785501058840403443e-01
4.067851816466216963e-01
5.261635504464159396e-01
5.243370769885170590e-01
5.024996435328600297e-01
5.485219696046433890e-01
4.650614525125498222e-01
4.718289870755817406e-01
4.159107535961771296e-01
4.956559559995886155e-01
5.226179149972800531e-01
5.280032511732359879e-01
4.747634026787683759e-01
4.272217346659133996e-01
6.257904775785738671e-01
5.184654428853924246e-01
4.098640576358882903e-01
4.424459180812601033e-01
4.720186892062369077e-01
4.359982678309278215e-01
4.537951655646729199e-01
3.979297015156492145e-01
5.198406478565082978e-01
4.490711537550465815e-01
5.767614172890511703e-01
5.134964064157059305e-01
4.101861059745252058e-01
4.104233702385335913e-01
4.594805263197209722e-01
5.758812771098580363e-01
5.339758719217045924e-01
3.847255994569125370e-01
6.801006718261903838e-01
5.618884140718058973e-01
4.788552994925234785e-01
5.945259332838781496e-01
5.669144750332083538e-01
5.318381244367970107e-01
5.125134062778349264e-01
3.825315449768351694e-01
5.154836549576917726e-01
5.063208641774219476e-01
5.281988003271300691e-01
5.425282943179203787e-01
6.041039786548669799e-01
4.736503277404951473e-01
3.860201402324080489e-01
5.391141356359261394e-01
5.442218506996786553e-01
4.683749263710632604e-01
5.141534631966355740e-01
5.622311571675906450e-01
4.756957890090888208e-01
4.923824415250593334e-01
4.900964578919789760e-01
4.450859761146657156e-01
4.921818287386973134e-01
4.729228024086135074e-01
4.255712123587597207e-01
6.186467879226229538e-01
4.925136418863610421e-01
4.471100644916827238e-01
4.033109026274896980e-01
4.448242638981497743e-01
4.254352564067881981e-01
4.644899004217575844e-01
5.088180624172794486e-01
6.038939975882708922e-01
5.616436144355658744e-01
4.254131574398420379e-01
5.936962932365761336e-01
4.814429235227238868e-01
4.896412679476566665e-01
5.008691091167718490e-01
6.350102000948036896e-01
4.817279970681194179e-01
4.288763188920065583e-01
7.501452607088165969e-01
4.927153219726257971e-01
5.715113124351096641e-01
4.363837029927041256e-01
4.984129827037576677e-01
4.054608529129000161e-01
4.037483363151359583e-01
4.307756120115406873e-01
6.945373612007190722e-01
6.383434637843086179e-01
5.441385773890213828e-01
5.319175062633818563e-01
4.639925642890628255e-01
5.514689218434697393e-01
5.463991590763619399e-01
5.404212606515609307e-01
5.338526114017047020e-01
4.541548656310143151e-01
6.329060862935791398e-01
6.642829318566845220e-01
5.084383769164487754e-01
6.339609472389646783e-01
5.026576077455138236e-01
5.159286388055719375e-01
4.220004078244834478e-01
5.627346454505803841e-01
4.628338569863362784e-01
4.450492051062678867e-01
4.304215214904343889e-01
5.712522179580922232e-01
4.748331467388401950e-01
4.521712680150907770e-01
4.848975573938300587e-01
4.351716536918858735e-01
4.095490811571388945e-01
6.048521043365384653e-01
5.235497641946463832e-01
5.279985515715847066e-01
5.492330345002677250e-01
4.939474174777742643e-01
5.856423041071296964e-01
4.844570934571424958e-01
3.961552444400702755e-01
5.578726808769205459e-01
4.545727275912335164e-01
5.834243263769897103e-01
4.918782500118759060e-01
6.039208930698269917e-01
3.832140692825801720e-01
5.909162226322981493e-01
4.953062203995730606e-01
5.151447385507417209e-01
4.438488208081935449e-01
5.526101859740280009e-01
5.505470282183134723e-01
4.315398123442539258e-01
5.956045613552823914e-01
4.288226181300160977e-01
5.210999240681843947e-01
5.239672024218748891e-01
3.497300368593819764e-01
3.690933998601817478e-01
4.022433218242460473e-01
4.368591494805116326e-01
6.321561486672926389e-01
4.942492067709678971e-01
5.591992478854703741e-01
4.674482791100701418e-01
4.431854444182710129e-01
5.167932495298769302e-01
4.163929339996697010e-01
4.679912896513466203e-01
4.349921042639985913e-01
6.552754645366464237e-01
5.964653659183339895e-01
5.775050423264191934e-01
5.617959762616839825e-01
5.438088711310911094e-01
4.908860216536863330e-01
6.960879289282142501e-01
5.099289302893044162e-01
5.339180311974477400e-01
4.935505026709549048e-01
4.559871553049846815e-01
4.829448588366991868e-01
4.273337822489091664e-01
4.898027656253266526e-01
4.520186257636507055e-01
6.175430138266246871e-01
5.075488804544550092e-01
4.643376306481999949e-01
5.961667788697095904e-01
3.901322966061820385e-01
5.189814721608331238e-01
5.414867044129574314e-01
5.067335541653893438e-01
4.537513669957111140e-01
5.019603066080413623e-01
5.002666284592118817e-01
4.925315441810226291e-01
4.985036281602930330e-01
4.373892786642297748e-01
5.450618494784339463e-01
5.431466038827352794e-01
4.766428679514689293e-01
4.830689201848676340e-01
4.131744574602014275e-01
4.876629622564001565e-01
6.171817581117124973e-01
4.491470716177778377e-01
4.415364754697158611e-01
5.775126922760690507e-01
5.111968345753168386e-01
5.079197993669395395e-01
5.048589420243618786e-01
5.178601678688627974e-01
5.347161334318836223e-01
5.406568068441893748e-01
5.552358787646598515e-01
4.294068336542347097e-01
4.573412026128048646e-01
5.196064483664482037e-01
5.388092438220818403e-01
5.324945002452579068e-01
5.297119691261593655e-01
5.302165720423092088e-01
4.562947345595915749e-01
5.286715562814028324e-01
6.656322364421149995e-01
5.120896739360847327e-01
4.178511816763527120e-01
5.661885198826572818e-01
5.155717269809891867e-01
5.542768384012743965e-01
4.050087785554851161e-01
5.192827514723948878e-01
4.658362066713918059e-01
6.739488554904120576e-01
4.389243347344686796e-01
5.006315571424262423e-01
4.986775992238967614e-01
5.106610117726335663e-01
4.315072850138174099e-01
4.531664191271999043e-01
3.793814664996763009e-01
5.527113690076874697e-01
4.587255753466147890e-01
4.091792274187579515e-01
4.790220228606633102e-01
5.822247218831736459e-01
5.291621093750256133e-01
4.730160670637515441e-01
4.739724751439740036e-01
4.486428790597071226e-01
5.571682289645127906e-01
5.183756486538186881e-01
4.406237948880293853e-01
6.186331599820369398e-01
5.179470823369560772e-01
4.701730180281468163e-01
4.869150621248763411e-01
3.613062079962282569e-01
3.357380337701001971e-01
4.819510363728248259e-01
4.512582763922668994e-01
