-2.973474099370418400e-01
-3.276599311120484970e-01
-9.369331754611434637e-02
4.878690856563252520e-01
-2.209808698394324922e-02
-2.719427620459447525e-01
-2.402284659433336633e-01
-3.510969538599877093e-02
-4.021122284703260163e-02
8.379518449362339735e-03
-4.861541397191371239e-01
-1.855287684495084966e-01
1.757087290265461621e-01
1.596458823176560016e-01
-9.951861287949380352e-02
2.886981217518946874e-01
-6.130015580560793653e-02
5.670032648744580128e-02
-7.129688244964949018e-02
-8.943099661270852152e-02
-4.249266704285957486e-02
-2.795286044150790405e-01
-4.757615517376528325e-01
5.832239709687229989e-02
-1.757035667980180182e-01
-4.165775234254494030e-01
4.314380601156900807e-01
2.186512669381022178e-01
6.596337370565394376e-02
-2.076388743705936402e-01
8.635946448513734386e-02
2.298747370852076977e-01
1.736920765289326485e-01
5.927847524564817255e-02
-3.678774430800210715e-01
9.668966920865133818e-02
4.286930316057445678e-01
2.560735742485389377e-01
3.187171970011241640e-01
-1.212394795482207993e-01
2.149122403491170452e-01
-1.354757026426487432e-01
-1.009393877601609535e-01
3.620739218901085632e-01
2.162376759227018219e-01
2.430808811083201570e-01
-6.438526843946495992e-03
3.110557174788737278e-01
-2.006009160301641669e-01
-1.839224656370918864e-01
-7.374510307590144420e-02
8.059046452369605928e-02
4.041252399352446290e-02
2.597533930183704154e-02
6.156489828298661315e-02
4.243894017144684838e-01
3.626380837398949231e-01
3.469593867627833728e-01
-2.061239068119490869e-01
-1.112695840270920139e-01
1.939972495378696760e-01
-2.450050981341898304e-01
-1.794432918043573078e-01
-2.413075489527817807e-01
-2.814486723332457196e-01
-3.302515766390227703e-01
1.195417952133389639e-01
4.159158736843770465e-01
-8.764744279450911724e-02
-3.591995390589166615e-01
-6.020756449224563545e-01
4.689019981617972843e-01
-8.906939120024331968e-02
4.206413312489036826e-01
-1.995402664561040651e-01
5.592959292402402416e-03
1.910800682019746510e-01
2.061423660492980314e-01
4.603879150927332464e-01
-3.481304077032972011e-02
-1.659482937894940502e-01
-1.452529746582311709e-01
-3.246763190506010144e-01
-1.254118241697453340e-01
-2.228890435632797928e-02
1.917234229466233120e-02
1.045859558432717801e-01
8.278126240632815991e-03
9.909688015274759065e-02
-1.025046088865919636e-01
1.442662581680012601e-01
-2.492564794979598153e-01
-4.664048192786101610e-01
4.201274603125384477e-01
1.603322238958651003e-01
-5.769181705702552954e-02
7.724120367347256377e-02
-1.778710102903922063e-01
-5.834069309718073471e-02
3.085406629238829357e-01
-3.550584960547266133e-01
-5.714841725107572268e-01
-3.203301710512925227e-01
5.479132464563006844e-01
-9.857550950543289559e-02
7.339190066653697442e-02
-1.975329715543181763e-01
1.898286414113248277e-02
2.352237215683589816e-02
-3.885071403912315757e-01
7.609057294402503668e-01
5.639213518392430236e-02
-3.986819392399315598e-01
-1.065906117954245197e-01
-1.408987763387162528e-01
-2.250771000998335880e-01
-5.510197420981661348e-02
8.295550217353413192e-02
9.573592236474001704e-02
1.631658542030628989e-01
-2.139147131672363145e-01
9.278036408304408955e-02
-1.515097852989157889e-01
6.167647480819489492e-02
1.780591071674096637e-02
-2.407653124086882035e-01
1.371692883578510269e-01
-2.153636836687247702e-01
-1.334279035852333206e-01
-1.686539165894019310e-01
7.440810603106248755e-02
1.472664797350141108e-01
1.361620448224350743e-01
-3.207948719521765968e-01
4.009764708902012476e-02
-3.190901868648843842e-01
5.161956121289276722e-02
1.110916930067816361e-01
2.863004426730209051e-02
-2.762097275286325981e-01
-4.178904190864148327e-01
-5.210250992852513141e-01
5.821661904241650642e-01
2.256867417354261607e-01
1.515623174789049732e-01
4.666592861542109838e-01
7.423079848387065249e-02
3.460032782467151180e-02
-1.615474784574630340e-02
-4.879717435285479965e-05
3.166450832312811547e-01
-7.230750263743020156e-02
-5.812231345638439045e-02
6.939738215937146792e-02
5.674286749315918255e-02
-1.771380346161928465e-01
4.638054509813448190e-02
-3.180287032705676475e-01
5.098685264393791605e-02
8.559947890002648010e-03
3.728213779614976686e-01
8.548014905902252825e-02
-7.473011758246564384e-02
-2.034890205774746441e-01
-3.439827094149043862e-01
1.136829588248514794e-02
1.296131652897404840e-01
-1.672076314233374161e-02
2.071422933287166424e-01
-4.836677132995561568e-01
2.335690625607016457e-01
3.960421626785994853e-01
-2.099204843974206147e-01
6.935735737153471414e-02
-4.002665136536052715e-01
3.695353303659423272e-01
-2.352134978559455303e-01
1.622201354973877852e-01
3.259635438546685804e-01
-2.283407200118159897e-01
-2.242182997368938613e-01
-4.011195772427395001e-02
-1.002123529900116050e-01
-1.500133906331381772e-01
1.537452461100212164e-01
-2.482143973311940199e-01
-4.915672366040545471e-01
-8.246066682136476977e-02
2.091959233896629744e-01
9.697610886343875636e-02
2.795883922482809703e-01
1.681686286074332570e-01
-7.217318843279656171e-02
-1.656112700012567218e-02
7.215624187431343151e-01
-1.872151345616019924e-01
-2.082580020544459037e-02
-9.336865793076881692e-02
-3.573576322994258536e-01
-9.405328080138480873e-02
1.858974376778164128e-01
-3.224129641657350054e-02
-4.219791252349254229e-01
2.163491057868617562e-01
2.126021761369506491e-01
-1.112835966308566432e-01
-1.120352820030760810e-01
2.215840488928602636e-02
1.334823352781120964e-01
-1.525439464703262638e-01
7.665038107962401925e-03
-2.040453585863477859e-01
3.004009708673370804e-01
1.332016999737875018e-01
1.804281680412054278e-01
-1.978312707322882336e-01
-6.142257944844993212e-01
-1.262715130678975506e-01
2.810885374341069443e-01
1.712623831421181131e-01
-6.275351535575057760e-02
-2.652378470542893774e-01
5.856748570927949871e-01
-9.962115669370816273e-02
8.667715131951655994e-02
2.197042213689674034e-02
-1.253401469017857983e-01
1.461052901761890344e-01
5.717435282355656789e-02
3.913114395646714039e-01
-8.106456615788913689e-02
-2.478373616615742181e-01
-6.122253235145304340e-02
3.070178796960910672e-01
-1.333341672171412529e-01
-2.107963255898723243e-02
-4.790334944976064602e-01
1.771154231498245080e-01
1.555783142016460008e-01
2.036293009640011142e-01
2.332255527334211459e-02
1.365344328647592476e-01
5.114795988095818258e-01
4.298346123639924798e-02
-2.531890162832802771e-01
-2.073057158575579151e-01
1.599437327570552014e-02
3.337562439548574789e-01
2.819397548100176509e-01
-9.272104448778954733e-02
-2.706611397050744383e-01
-2.339956252289443484e-01
1.164273449970457119e-02
1.201253589477298545e-01
1.770805289769165070e-01
1.178091137104789743e-01
4.169204943677701225e-02
-1.228813348897543484e-01
-4.404396851598890716e-02
-3.767119658890770162e-01
-3.794628870343263460e-01
-4.145406115716484541e-01
-1.125733400992614680e-01
3.433718280851352223e-01
-1.705938730617837240e-01
