Generation: 0 61.1912 3.5650 9.1744 24.1622
Generation: 1 74.2024 3.3650 6.0619 21.2493
Generation: 2 71.9532 3.3650 12.6704 24.8270
Generation: 3 81.7314 3.8450 15.4399 24.7818
Generation: 4 71.9532 3.3650 15.5911 27.0728
Generation: 5 71.9532 3.3650 25.2242 28.3363
Generation: 6 78.9521 3.4050 30.3312 28.9230
Generation: 7 71.9532 3.3650 40.1177 28.9222
Generation: 8 71.9532 3.3650 55.2551 25.6801
Generation: 9 71.9832 3.3950 57.7208 24.3984
Generation: 10 53.8417 3.6200 60.0713 20.8388
Generation: 11 71.9532 3.3650 62.0747 17.8899
Generation: 12 74.2191 3.3950 66.8439 13.1792
Generation: 13 71.9532 3.3650 66.7487 16.0204
Generation: 14 71.9532 3.3650 63.8228 21.4535
Generation: 15 71.9532 3.3650 63.7380 22.3256
Generation: 16 65.4496 3.6000 65.2926 20.0728
Generation: 17 71.9532 3.3650 64.9874 19.5557
Generation: 18 71.9532 3.3650 67.1603 16.2542
Generation: 19 81.2353 3.7050 68.7195 14.3614
Generation: 20 71.9532 3.3650 67.8704 13.9405
Generation: 21 72.4085 3.8000 70.5194 10.4053
Generation: 22 71.9532 3.3650 66.4730 14.9949
Generation: 23 71.9532 3.3650 67.8923 14.5744
Generation: 24 71.9532 3.3650 69.6096 11.8243
Generation: 25 67.8425 3.6650 70.0714 6.4152
Generation: 26 67.6742 3.4850 69.1754 11.4876
Generation: 27 71.9690 3.3800 68.6577 12.5086
Generation: 28 71.9532 3.3650 70.5599 8.5291
Generation: 29 71.9532 3.3650 70.2559 8.5013
Generation: 30 65.5003 3.5750 71.2012 4.1380
Generation: 31 76.3395 5.3550 71.4550 3.2706
Generation: 32 83.0902 5.3550 70.4962 6.1939
Generation: 33 71.9532 3.3650 66.8970 17.2119
Generation: 34 71.9532 3.3650 69.7482 9.5782
Generation: 35 71.9532 3.3650 70.0375 11.0691
Generation: 36 74.2174 3.3950 70.9078 7.9594
Generation: 37 71.9532 3.3650 69.3291 10.0665
Generation: 38 71.9532 3.3650 70.4393 6.0018
Generation: 39 71.9532 3.3650 70.5009 8.1478
Generation: 40 71.9532 3.3650 68.9305 10.4905
Generation: 41 71.9532 3.3650 69.8663 11.3206
Generation: 42 71.9532 3.3650 69.1849 13.4603
Generation: 43 65.4094 3.4850 71.4338 4.1273
Generation: 44 71.9532 3.3650 70.5988 5.2475
Generation: 45 71.9532 3.3650 71.5679 3.1029
Generation: 46 71.9532 3.3650 71.2884 3.9018
Generation: 47 71.9532 3.3650 69.7016 8.1847
Generation: 48 71.9532 3.3650 70.5987 8.2758
Generation: 49 71.9532 3.3650 70.6357 5.4472
Generation: 50 71.9532 3.3650 69.7202 9.2287
Generation: 51 71.9532 3.3650 71.4976 3.1891
Generation: 52 71.9532 3.3650 69.6427 11.5213
Generation: 53 71.9532 3.3650 71.9082 0.4477
Generation: 54 71.9532 3.3650 71.9532 0.0000
Generation: 55 71.9532 3.3650 69.9986 11.4224
Generation: 56 71.9532 3.3650 71.7254 2.2665
Generation: 57 71.9532 3.3650 71.7679 2.3098
Generation: 58 71.9532 3.3650 71.9532 0.0000
Generation: 59 71.9532 3.3650 71.4917 3.2549
Generation: 60 71.9532 3.3650 71.8428 1.0876
Generation: 61 58.7994 3.4100 70.4429 9.8040
Generation: 62 71.9532 3.3650 70.6434 8.8700
Generation: 63 71.9532 3.3650 71.1243 4.7505
Generation: 64 83.8931 4.1450 70.5138 10.9926
Generation: 65 71.9532 3.3650 70.3945 10.9111
Generation: 66 71.9532 3.3650 70.0485 9.5454
Generation: 67 65.6808 3.6200 70.3065 10.9192
Generation: 68 71.9532 3.3650 70.2232 9.1691
Generation: 69 71.9532 3.3650 70.4843 10.3017
Generation: 70 52.4879 3.3950 70.2455 10.7479
Generation: 71 71.9532 3.3650 70.3944 10.9114
Generation: 72 71.9532 3.3650 68.0864 15.1045
Generation: 73 71.9532 3.3650 64.8935 21.5340
Generation: 74 71.9532 3.3650 66.7632 19.0764
Generation: 75 71.9532 3.3650 67.7374 16.9020
Generation: 76 71.9532 3.3650 69.3305 12.9144
Generation: 77 71.9532 3.3650 69.9471 11.7265
Generation: 78 71.9532 3.3650 70.4394 10.6013
Generation: 79 71.9532 3.3650 70.2764 8.8013
Generation: 80 71.9532 3.3650 71.9532 0.0000
Generation: 81 71.9532 3.3650 70.5297 10.0100
Generation: 82 71.9532 3.3650 71.2181 7.3085
Generation: 83 71.9532 3.3650 71.9532 0.0000
Generation: 84 71.9532 3.3650 71.8637 0.8957
Generation: 85 71.9532 3.3650 71.8661 0.8668
Generation: 86 71.9532 3.3650 71.9532 0.0000
Generation: 87 71.9532 3.3650 71.9532 0.0000
Generation: 88 71.9532 4.1011 71.6073 3.4410
Generation: 89 71.9532 4.8372 71.1738 7.7546
Generation: 90 71.9532 5.5733 70.6520 8.5426
Generation: 91 71.9532 6.3094 71.4888 4.6208
Generation: 92 71.9532 7.0455 71.0387 7.3972
Generation: 93 71.9532 7.7816 71.9532 0.0000
Generation: 94 71.9532 8.5177 71.9307 0.2240
Generation: 95 71.9532 9.2538 70.8846 6.4728
Generation: 96 71.9532 9.9898 71.2188 7.3070
Generation: 97 71.9532 10.7259 71.2892 4.5426
Generation: 98 71.9532 11.4620 71.1738 7.7546
Generation: 99 71.9532 12.1981 71.8632 0.8957
Generation: 100 71.9532 12.9342 70.2224 10.0302
Generation: 101 71.9532 13.6703 65.9012 20.1317
Generation: 102 71.9532 14.4064 68.2693 15.1301
Generation: 103 71.9532 15.1425 68.8432 13.0983
Generation: 104 71.9532 15.8786 69.3149 10.9239
Generation: 105 71.9532 16.6147 68.7675 14.8065
Generation: 106 71.9532 17.3508 70.7700 6.4434
Generation: 107 71.9532 18.0869 68.3605 15.3197
Generation: 108 71.9532 18.8230 71.1926 3.9380
Generation: 109 71.9532 19.5591 70.0348 9.6233
Generation: 110 71.9532 20.2952 71.4458 3.2487
Generation: 111 71.9532 21.0313 71.6494 3.0224
Generation: 112 71.9532 21.7673 70.7685 5.8625
Generation: 113 71.9532 22.5034 71.4448 3.2299
Generation: 114 71.9532 23.2395 71.6301 2.9965
Generation: 115 61.0507 26.1131 69.9546 9.5930
Generation: 116 71.9532 24.7117 70.7530 6.1708
Generation: 117 71.9532 25.4478 68.8177 8.6015
Generation: 118 71.9532 26.1839 71.5990 2.4215
Generation: 119 71.9532 26.9200 71.2108 4.1855
Generation: 120 72.0962 28.3200 70.8537 5.5421
Generation: 121 71.9532 26.9200 70.3047 6.0221
Generation: 122 69.8074 27.7600 70.8522 5.3458
Generation: 123 71.9532 26.9200 68.9711 10.4595
Generation: 124 71.9532 26.9200 70.5587 5.8309
Generation: 125 71.9532 26.9200 69.6513 8.3598
Generation: 126 71.9532 26.9200 69.9769 7.0433
Generation: 127 71.9532 26.9200 70.9919 4.1056
Generation: 128 70.2279 30.0000 70.1465 7.0058
Generation: 129 71.9532 26.9200 70.8316 5.3659
Generation: 130 86.0535 32.8800 70.8056 5.8632
Generation: 131 67.8574 29.3200 70.4653 5.9293
Generation: 132 63.2492 28.4800 70.2793 7.3822
Generation: 133 71.9532 26.9200 70.3262 6.4852
Generation: 134 70.1587 30.5200 70.0151 7.1030
Generation: 135 71.9532 26.9200 71.7828 1.2328
Generation: 136 71.9532 26.9200 70.9196 5.1056
Generation: 137 71.9532 26.9200 71.8684 0.5951
Generation: 138 59.0290 27.1200 71.2450 4.9453
Generation: 139 78.6887 27.4000 69.9194 7.6541
Generation: 140 71.9532 26.9200 69.3500 8.0683
Generation: 141 85.4836 28.5200 71.1182 5.4297
Generation: 142 71.9532 26.9200 71.5218 3.4651
Generation: 143 71.9532 26.9200 70.9626 4.9992
Generation: 144 71.9532 26.9200 71.4702 3.4810
Generation: 145 71.9532 26.9200 71.0813 6.7761
Generation: 146 71.9532 26.9200 71.9451 0.0799
Generation: 147 71.9532 26.9200 71.9532 0.0000
Generation: 148 65.4692 28.2400 71.6605 2.3503
Generation: 149 71.9532 26.9200 70.2192 8.8286
Generation: 150 71.9532 26.9200 71.5672 2.2757
Generation: 151 71.9532 26.9200 71.6913 1.8369
Generation: 152 71.9532 26.9200 71.9306 0.2250
Generation: 153 71.9532 26.9200 71.7977 1.3315
Generation: 154 71.9532 26.9200 71.2517 3.8300
Generation: 155 71.9532 26.9200 70.7953 5.0569
Generation: 156 71.9532 26.9200 71.6637 2.0339
Generation: 157 71.9532 26.9200 71.5363 2.4638
Generation: 158 71.9600 27.1600 71.7548 1.7627
Generation: 159 71.9532 26.9200 71.4865 3.1728
Generation: 160 71.9532 26.9200 70.4509 5.3050
Generation: 161 71.9532 26.9200 71.7966 1.3500
Generation: 162 71.9532 26.9200 71.5600 2.2632
Generation: 163 71.9532 26.9200 71.7523 1.9982
Generation: 164 65.3635 27.4000 71.4855 2.6009
Generation: 165 71.9532 26.9200 71.5004 3.1693
Generation: 166 71.9532 26.9200 71.7308 1.9997
Generation: 167 71.9532 26.9200 71.4279 3.7159
Generation: 168 71.9532 26.9200 71.7958 1.5637
Generation: 169 71.9982 27.2800 71.7546 1.9799
Generation: 170 71.9532 26.9200 71.4701 2.6844
Generation: 171 71.9532 26.9200 71.8671 0.8063
Generation: 172 71.9532 26.9200 71.3971 4.2376
Generation: 173 86.5016 36.0800 71.0899 6.0945
Generation: 174 71.9532 26.9200 71.0478 5.1932
Generation: 175 63.7249 32.5600 71.7355 1.5696
Generation: 176 71.9532 26.9200 71.5851 2.3889
Generation: 177 71.9532 26.9200 71.7605 1.9174
Generation: 178 65.5134 28.6000 71.2834 4.2768
Generation: 179 71.9532 26.9200 71.9065 0.3151
Generation: 180 71.9532 26.9200 71.2243 4.3378
Generation: 181 65.3335 27.1600 71.6451 1.8128
Generation: 182 65.3627 27.4000 71.6866 1.8957
Generation: 183 65.3629 27.4000 71.5707 1.9244
Generation: 184 65.5261 28.7200 71.1502 3.5605
Generation: 185 65.5892 29.2000 70.5080 4.9524
Generation: 186 71.9532 26.9200 69.6638 5.9013
Generation: 187 71.9532 26.9200 70.5097 5.2892
Generation: 188 67.8574 29.3200 70.5102 5.4040
Generation: 189 71.9532 26.9200 70.3355 5.2902
Generation: 190 67.8542 29.3200 70.4319 5.1727
Generation: 191 65.6058 29.3200 70.3640 5.5251
Generation: 192 67.8574 29.3200 70.6377 4.6574
Generation: 193 67.8542 28.3139 70.6118 4.6633
Generation: 194 67.8542 27.3078 70.3422 5.0659
Generation: 195 67.8542 26.3018 70.0945 5.2619
Generation: 196 65.6069 25.2957 69.8224 5.9062
Generation: 197 65.6017 24.2896 70.3114 5.3813
Generation: 198 67.8574 23.2835 70.1836 5.1042
Generation: 199 67.8574 22.2775 67.8378 7.3483
Generation: 200 67.8574 21.2714 67.1230 8.1236
Generation: 201 67.7342 19.6018 68.9177 6.9211
Generation: 202 65.6034 19.2592 69.9044 5.2843
Generation: 203 65.6042 18.2531 69.9620 5.2978
Generation: 204 67.8553 17.2471 70.3598 4.9806
Generation: 205 67.8520 16.2410 70.9701 3.9875
Generation: 206 65.6025 15.2349 70.7612 4.4612
Generation: 207 65.3812 13.3553 70.7928 4.4061
Generation: 208 71.9532 12.1404 71.1693 3.7541
Generation: 209 67.8542 12.2167 70.4637 4.6462
Generation: 210 67.8552 12.2167 69.0870 6.4424
Generation: 211 65.5903 12.2167 68.8799 6.2813
Generation: 212 65.6058 12.2167 67.8540 7.2302
Generation: 213 65.6036 12.2167 68.0180 7.2601
Generation: 214 65.6045 12.2167 68.4817 6.7359
Generation: 215 65.3529 11.4167 66.9858 8.6134
Generation: 216 65.6025 12.2167 69.7304 5.9189
Generation: 217 65.6058 12.2167 68.9747 7.1983
Generation: 218 67.8525 12.2167 69.6755 6.1484
Generation: 219 67.8558 12.2167 68.4399 6.9629
Generation: 220 67.8574 12.2167 68.2537 6.7293
Generation: 221 65.6034 12.2167 68.9782 6.5867
Generation: 222 65.6034 12.2167 67.5382 7.9115
Generation: 223 67.8542 12.2167 69.3595 6.0351
Generation: 224 67.8542 12.2167 68.2532 7.4471
Generation: 225 65.6042 12.2167 68.4719 6.4890
Generation: 226 67.8574 12.2167 67.3186 7.3661
Generation: 227 67.8574 12.2167 67.9770 7.0818
Generation: 228 67.8558 12.2167 67.7420 7.2634
Generation: 229 67.8542 12.2167 68.0176 7.0328
Generation: 230 67.8553 12.2167 65.6001 8.1299
Generation: 231 67.8542 12.2167 66.4239 8.1624
Generation: 232 67.8542 12.2167 67.4387 7.3653
Generation: 233 67.8574 12.2167 67.9090 7.0025
Generation: 234 67.8574 12.2167 67.7771 7.3875
Generation: 235 67.8574 12.2167 66.7829 7.9306
Generation: 236 67.8574 12.2167 68.2474 6.6082
Generation: 237 67.8574 12.2167 67.3770 7.2544
Generation: 238 67.8574 12.2167 68.4882 5.8614
Generation: 239 67.8574 12.2167 66.9975 7.3613
Generation: 240 67.8553 12.2167 67.5290 6.8502
Generation: 241 67.8574 12.2167 66.7252 7.3595
Generation: 242 67.8574 12.2167 67.2670 7.3337
Generation: 243 67.8558 12.2167 66.9417 6.9737
Generation: 244 67.8574 12.2167 66.9107 7.1893
Generation: 245 67.8542 12.2167 66.1519 7.2959
Generation: 246 67.8558 12.2167 67.1771 6.9476
Generation: 247 67.8542 12.2167 67.5422 6.7259
Generation: 248 67.8574 12.2167 67.5769 6.5920
Generation: 249 67.8574 12.2167 67.7722 6.5621
Generation: 250 67.8558 12.2167 68.3199 5.9955
Generation: 251 67.8574 12.2167 69.3495 4.7832
Generation: 252 67.8574 12.2167 66.1786 7.1059
Generation: 253 67.8542 12.2167 67.6309 6.0533
Generation: 254 67.8542 12.2167 66.6158 7.4253
Generation: 255 67.8553 12.2167 67.0653 6.6635
Generation: 256 67.8542 12.2167 68.2722 5.6634
Generation: 257 67.8558 12.2167 66.3332 6.0093
Generation: 258 67.8553 12.2167 66.7315 7.0317
Generation: 259 67.8574 12.2167 67.1397 5.9113
Generation: 260 67.8574 12.2167 66.3147 7.1475
Generation: 261 67.8558 12.2167 65.5398 7.0673
Generation: 262 67.8586 12.2167 66.7185 6.5955
Generation: 263 67.8542 12.2167 67.2910 6.5021
Generation: 264 67.8553 12.2167 66.5719 6.6399
Generation: 265 67.8558 12.2167 65.0809 7.1964
Generation: 266 67.8574 12.2167 66.5111 6.4456
Generation: 267 67.8574 12.2167 66.2464 6.8319
Generation: 268 67.8574 12.2167 66.8131 5.8394
Generation: 269 67.8553 12.2167 65.2216 7.4212
Generation: 270 67.8558 12.2167 67.2319 5.5618
Generation: 271 67.8542 12.2167 67.5180 5.4229
Generation: 272 67.8542 12.2167 66.4596 6.2340
Generation: 273 67.8542 12.2167 67.7654 5.5580
Generation: 274 67.8553 12.2167 66.8173 5.8141
Generation: 275 67.8553 12.2167 67.5465 5.9688
Generation: 276 67.8574 12.2167 66.5386 6.5496
Generation: 277 67.8542 12.2167 67.1119 5.6921
Generation: 278 67.8558 12.2167 66.9311 5.8823
Generation: 279 67.8558 12.2167 66.9076 6.1604
Generation: 280 67.8542 12.2167 67.4475 5.4710
Generation: 281 67.8542 12.2167 66.5013 5.7954
Generation: 282 67.8574 12.2167 68.1975 4.8059
Generation: 283 67.8542 12.2167 67.8484 5.0692
Generation: 284 67.8534 12.2167 67.9581 5.2492
Generation: 285 67.8542 12.2167 68.2771 4.4374
Generation: 286 67.8558 12.2167 68.0347 4.7367
Generation: 287 67.8574 12.2167 67.2088 4.9984
Generation: 288 67.8542 12.2167 67.6735 5.6679
Generation: 289 67.8558 12.2167 68.9796 3.3060
Generation: 290 67.8569 12.2167 67.7425 4.2432
Generation: 291 67.8558 12.2167 67.1725 5.6586
Generation: 292 67.8553 12.2167 68.8229 3.8236
Generation: 293 67.8444 12.2167 68.3092 4.4082
Generation: 294 67.8558 12.2167 66.9070 5.4833
Generation: 295 67.8558 12.2167 67.0300 5.3392
Generation: 296 67.8534 12.2167 67.6145 5.0438
Generation: 297 67.8542 12.2167 67.4546 5.2064
Generation: 298 67.8553 12.2167 67.0762 5.2801
Generation: 299 67.8534 12.2167 67.5625 4.8280
