3.215968836582692725e-01
-1.097009520234466934e-01
-2.566582801480916665e-01
-1.781723439360990702e-01
-8.958428377649270413e-03
3.013266263287158186e-01
3.337600708441311737e-01
-5.922450093421043060e-02
-1.982311783168574371e-01
-3.567881373401600442e-02
1.570392935513602595e-01
-2.085153338441144560e-02
-1.593048656115161332e-01
1.383677672287195702e-02
1.317181944287472428e-01
-1.865431984227109430e-01
-1.155034008028146264e-01
6.175378938740753998e-02
1.612783674681000645e-01
-1.709591638512610381e-02
7.255220792937053242e-02
2.251416135941642499e-02
-3.067905262398483435e-02
2.018016879394534391e-01
-1.594769242215381133e-01
2.482921682681570319e-01
-4.097436646569981855e-01
2.818667506223642705e-01
-3.840579066881674719e-02
-1.624233743879917591e-01
-3.544996636347105129e-02
1.398450268491317205e-01
1.684421683566466599e-01
2.103811774620370778e-01
2.525293963905369393e-02
7.339580620725753846e-02
3.457402587078939327e-02
-1.059259913216302057e-01
-8.504779553469572762e-03
-2.427735594209287986e-02
1.134043464043323068e-02
-9.898216558400647902e-02
-1.019598701660278384e-01
-1.180096632810760660e-01
-1.039492242439550712e-01
3.156987340093014849e-01
3.680199389026982404e-01
-4.918450492478654290e-02
-3.378567030296706908e-01
-3.204164507595583244e-01
-1.407886218464349803e-01
-6.595379707481427434e-02
1.817864928139038133e-02
-2.469076463471807092e-01
1.328367102572179104e-01
6.288187913313404709e-02
2.802595798688158890e-01
-6.708680420316470716e-02
-8.222669300191509656e-02
-3.675384330314305781e-01
-2.832517761486010727e-02
1.987452817605236954e-01
3.838909984420910138e-01
-1.028083293527666253e-01
-1.706069718978280303e-01
-8.951868283581763952e-02
5.925542057492356324e-02
-2.260307169210508116e-01
-3.270044864225919723e-02
2.271364558531742683e-01
-1.714553240334112383e-01
3.030712879004328619e-01
2.992363120869787757e-02
-1.146728097748297981e-01
2.550961333299252565e-01
-1.865023001590376261e-01
-5.101310236720964231e-02
-3.297750139213320719e-02
-1.971875959393857847e-01
-1.552601930940971375e-01
3.373632952188618250e-01
-3.048178565296748299e-02
8.392995916601843354e-02
-8.153606110449188038e-02
2.291968008211754670e-01
-2.522887974827520696e-01
-2.991520358434592713e-02
1.314064976544963570e-01
3.011158814166862291e-02
4.860594438140894424e-01
-7.825400947671631857e-02
1.089438621830861598e-01
-4.614446130335136953e-02
-6.448309786363955187e-02
-7.952567865432449978e-02
-7.160914322338329807e-02
-5.066033388776526314e-01
3.761919593592137623e-02
-1.257872558886617420e-01
1.394123933887379541e-01
-4.528125892034678968e-02
4.779029678680139087e-02
-4.182449133314811857e-03
-2.312568954942719468e-01
3.669874831875051535e-02
-1.032130857899480197e-01
-2.082875899596435543e-02
7.528392309923263859e-02
-1.772523146360123203e-01
-4.846777863235503248e-02
3.688269441105580110e-02
1.228639794368432264e-01
1.018148032841630218e-01
-1.067185478694240297e-01
-1.657406554131462262e-01
-1.850381210391864040e-01
1.374901288370821706e-01
6.781695347048860567e-02
-8.927680841710416981e-02
-8.912018208837050801e-03
-5.015517788286029122e-01
-5.912137874370201884e-02
-1.501008303212052197e-02
1.075822497816369128e-01
-1.935184842413790185e-01
-2.123434097077722960e-01
3.255122786086303566e-01
-3.044787206393678169e-01
3.695569691853490824e-01
-2.163576701731218799e-01
-2.838292061679212885e-01
-1.526900401040273414e-01
1.247327870365771141e-01
1.797782402539442326e-01
-4.256345675967438541e-02
2.113956346413866094e-01
2.894134698505929082e-01
3.217172504431095592e-02
4.039637491618456450e-02
2.607529924175726321e-02
-8.565512674145934341e-03
5.259445155845830777e-02
1.861173885510963577e-01
-1.483903917538486328e-01
1.658770812000203154e-01
-5.310576777868659254e-03
-3.192746894942777997e-02
2.229110856788468209e-01
-3.016733016694958525e-03
-5.109862233186580893e-02
-2.651912812109116779e-01
-1.578792871163395839e-01
-1.249390185261875785e-01
-1.291979766173586425e-02
-1.850208009053556646e-01
2.305975222591944568e-02
-1.392996714651220658e-04
-2.485307374661144264e-01
2.063993803807670779e-01
-2.992395713544821478e-01
1.422653369998233552e-02
2.228571247460399418e-01
-3.093543880450406736e-01
-1.546225908895035306e-01
1.967662938511492710e-01
-1.351633396917716057e-01
-2.888359335018027274e-02
2.407307567089811418e-01
2.544573830110895968e-02
-5.016468236037060179e-03
3.623966045084206500e-03
-5.420475567234352143e-02
-1.625603287096364924e-01
-1.305066415454617795e-02
1.558970072263908824e-01
2.401929881993760674e-01
-2.749996530842793163e-01
3.279923300436824590e-02
-1.329360826251121952e-01
8.321527102327308523e-03
-1.774778663329876216e-01
2.176653022245516045e-01
1.399645267538585092e-01
3.988287031576826652e-02
-4.094993163178111129e-01
2.567654901888489771e-01
-6.994353470880697310e-02
-1.085497869132218685e-01
1.605210215375117988e-01
1.414519153797302864e-01
-1.483664449923512152e-01
2.795472052361807624e-01
-1.177408686381515579e-01
2.597521482349868793e-01
-2.407311533945472592e-01
9.053398036047027170e-03
-1.527685761726779168e-01
1.434891969870895900e-01
-2.367590454524788612e-01
-1.310769000390507866e-01
-3.765295024608363017e-02
3.457336328611928522e-01
4.991029109996547586e-02
-2.859338804652173383e-01
3.013328195187944814e-03
2.349859372327028906e-01
-1.057729029067058651e-01
-1.539275954108975109e-01
2.503638812281074322e-01
4.854125985119973202e-02
1.451330767111243814e-01
-2.572714576611795922e-01
3.155329458613473914e-01
3.980532409252429127e-01
1.024105043740423521e-01
7.870583742359521517e-02
-1.741294025633101095e-01
7.346045237894696656e-02
3.069423775936157978e-02
-3.774910238265533416e-03
-2.011575505319875834e-01
-2.993579328829758940e-02
-3.840582834369420800e-02
1.316334896180165748e-01
-7.378246716154529539e-02
-1.187477350605579962e-01
-1.157682768777089088e-01
3.745818267076768682e-01
2.045710173726358883e-01
-5.678402892323820839e-02
-2.416216839383367176e-01
1.615215142055397290e-01
2.178088070428564338e-01
-6.321212866869276026e-02
4.251403923763632520e-01
1.320988401880332230e-01
3.858971003215319051e-01
1.833343695115545180e-01
6.223638386883320606e-03
-8.920256535970370881e-02
-3.635916077698714277e-01
-4.532769887150171761e-02
7.907470300567365912e-03
1.894914689429767762e-01
7.457217450610670317e-02
-6.216409676046119603e-02
-8.135282053637271638e-02
-5.698142483882899512e-02
-3.833110266564778573e-02
-4.383149334595726199e-02
-1.512316554394847468e-01
-2.127007863376357277e-01
1.212200257190034630e-02
1.552477231144102632e-01
-3.152834246252428363e-01
-3.079098599537048037e-02
-4.238460293186974703e-01
3.952779808610442647e-01
3.467353514285257399e-01
-5.389671491276645104e-02
-1.858723049753275430e-02
1.613235724876226906e-01
-9.219669612161940364e-02
5.890794273836022499e-02
1.147024564120790735e-01
