Generation: 0 49.8797 3.4850 8.4880 21.7694
Generation: 1 71.9532 3.3650 3.4917 18.4667
Generation: 2 71.9532 3.3650 7.8446 20.7993
Generation: 3 71.9532 3.3650 8.0465 21.5991
Generation: 4 72.0272 3.4400 17.2063 26.8265
Generation: 5 69.7454 3.4100 20.2526 26.4031
Generation: 6 71.9532 3.3650 22.9145 25.9081
Generation: 7 67.6308 3.4400 27.0059 27.5054
Generation: 8 76.3395 5.3550 41.4000 28.9020
Generation: 9 40.7136 3.7800 52.2039 25.7131
Generation: 10 72.1151 3.5150 59.4824 21.8064
Generation: 11 72.0675 3.4650 64.3947 16.0401
Generation: 12 71.9532 3.3650 64.4025 17.5882
Generation: 13 72.0584 3.6300 65.9370 18.7608
Generation: 14 71.9532 3.3650 62.9098 20.7116
Generation: 15 71.9532 3.3650 68.0098 14.3318
Generation: 16 49.3807 3.5300 65.4855 17.6744
Generation: 17 71.9405 5.3550 67.6005 16.8851
Generation: 18 76.9641 3.8450 69.3018 11.9668
Generation: 19 72.1635 3.5650 67.1846 12.4006
Generation: 20 61.3729 3.5700 68.5279 11.0987
Generation: 21 71.9532 3.3650 69.1733 10.5290
Generation: 22 72.0272 3.4400 70.8271 5.5485
Generation: 23 71.9532 3.3650 68.2551 14.2429
Generation: 24 70.0032 3.6650 69.7085 9.6641
Generation: 25 71.9532 3.3650 68.4285 14.0499
Generation: 26 71.9532 3.3650 67.8701 16.0622
Generation: 27 71.9532 3.3650 69.8911 9.6183
Generation: 28 71.9532 3.3650 69.5079 11.8434
Generation: 29 71.9532 3.3650 70.2015 9.1863
Generation: 30 58.4132 3.4350 69.6583 9.7739
Generation: 31 72.0432 3.4550 69.4184 13.2785
Generation: 32 70.0032 3.6650 71.1194 4.6348
Generation: 33 71.9532 3.3650 70.3015 9.1121
Generation: 34 71.9532 3.3650 70.1021 9.2940
Generation: 35 71.9532 3.3650 70.0557 11.0760
Generation: 36 71.9532 3.3650 69.2509 9.8507
Generation: 37 71.9516 3.4250 71.7742 1.9996
Generation: 38 71.9532 3.3650 69.6325 11.3192
Generation: 39 71.9532 3.3650 70.9688 4.9798
Generation: 40 71.9532 3.3650 68.1850 15.3733
Generation: 41 71.9532 3.3650 70.0316 11.3391
Generation: 42 71.9532 3.3650 71.0623 5.6153
Generation: 43 71.9532 3.3650 71.4006 3.7900
Generation: 44 71.9532 3.3650 71.1183 4.7873
Generation: 45 71.9532 3.3650 70.5954 5.8176
Generation: 46 71.9532 3.3650 71.1228 4.5214
Generation: 47 71.9532 3.3650 70.9602 7.9126
Generation: 48 71.9532 3.3650 71.3915 3.9319
Generation: 49 71.9532 3.3650 71.8479 1.2906
Generation: 50 71.9532 3.3650 70.8503 8.0876
Generation: 51 71.9532 3.3650 72.0129 0.6590
Generation: 52 71.9532 3.3650 71.7073 2.8092
Generation: 53 71.9532 3.3650 71.9295 0.2268
Generation: 54 71.9532 3.3650 71.4339 3.5529
Generation: 55 71.9532 3.3650 71.1889 7.6041
Generation: 56 71.9532 3.3650 71.6724 2.7940
Generation: 57 71.9532 3.3650 71.9532 0.0000
Generation: 58 71.9532 3.3650 71.6724 2.7940
Generation: 59 69.9032 3.5650 70.8696 5.2338
Generation: 60 71.9532 3.3650 71.6723 2.7940
Generation: 61 71.9532 3.3650 71.6724 2.7940
Generation: 62 71.9532 3.3650 71.6654 2.8634
Generation: 63 71.9532 3.3650 71.1889 7.6041
Generation: 64 71.9532 3.3650 71.1889 7.6041
Generation: 65 71.9532 3.3650 71.8906 0.6225
Generation: 66 71.9532 3.3650 71.9720 0.1874
Generation: 67 71.9532 3.3650 71.9532 0.0001
Generation: 68 71.9532 3.3650 71.9522 0.0097
Generation: 69 71.9532 3.3650 71.2564 6.9325
Generation: 70 71.9532 3.3650 70.4081 10.6983
Generation: 71 71.9532 3.3650 71.9532 0.0000
Generation: 72 71.9532 3.3650 71.9532 0.0000
Generation: 73 71.9532 3.3650 71.9532 0.0000
Generation: 74 71.9532 3.3650 71.1889 7.6041
Generation: 75 71.9532 3.3650 71.9532 0.0000
Generation: 76 71.9532 3.3650 70.3788 10.7025
Generation: 77 71.9532 3.3650 70.9157 8.0496
Generation: 78 71.9532 3.3650 71.1031 7.6433
Generation: 79 71.9532 3.3650 71.9532 0.0000
Generation: 80 71.9532 3.3650 71.1889 7.6041
Generation: 81 71.9532 3.3650 71.9532 0.0000
Generation: 82 71.9532 3.3650 70.3150 10.2553
Generation: 83 71.9532 3.3650 71.9532 0.0000
Generation: 84 71.9532 3.3650 71.1889 7.6041
Generation: 85 71.9532 3.3650 71.9532 0.0000
Generation: 86 71.9532 3.3650 71.9532 0.0000
Generation: 87 71.9532 3.3650 71.9532 0.0000
Generation: 88 71.9532 4.1011 71.9532 0.0000
Generation: 89 71.9532 4.8372 71.9532 0.0000
Generation: 90 71.9532 5.5733 71.9532 0.0000
Generation: 91 71.9532 6.3094 71.9532 0.0000
Generation: 92 71.9532 7.0455 71.9532 0.0000
Generation: 93 71.9532 7.7816 71.9532 0.0000
Generation: 94 71.9532 8.5177 71.9532 0.0000
Generation: 95 71.9532 9.2538 71.9532 0.0000
Generation: 96 71.9532 9.9898 71.9532 0.0000
Generation: 97 71.9532 10.7259 71.9532 0.0000
Generation: 98 71.9532 11.4620 71.9532 0.0000
Generation: 99 71.9532 12.1981 71.9532 0.0000
Generation: 100 71.9532 12.9342 71.1889 7.6041
Generation: 101 71.9532 13.6703 71.9532 0.0000
Generation: 102 71.9532 14.4064 71.8187 1.3377
Generation: 103 71.9532 15.1425 71.9532 0.0000
Generation: 104 71.9532 15.8786 71.9532 0.0000
Generation: 105 71.9532 16.6147 71.9532 0.0000
Generation: 106 71.9532 17.3508 71.9532 0.0000
Generation: 107 71.9532 18.0869 71.1889 7.6041
Generation: 108 71.9532 18.8230 71.9532 0.0000
Generation: 109 71.9532 19.5591 71.1871 7.6039
Generation: 110 71.9532 20.2952 71.9081 0.4481
Generation: 111 71.9532 21.0313 71.9530 0.0021
Generation: 112 71.9682 21.8644 71.6351 3.0225
Generation: 113 71.9532 22.5034 71.9543 0.0115
Generation: 114 71.9532 23.2395 71.6724 2.7940
Generation: 115 72.0118 24.1894 71.3262 4.4179
Generation: 116 71.9532 24.7117 71.9717 0.1844
Generation: 117 71.9532 25.4478 70.4096 10.8058
Generation: 118 71.9532 26.1839 71.4598 4.8463
Generation: 119 71.9532 26.9200 72.0648 1.1103
Generation: 120 71.9532 26.9200 67.1361 17.3400
Generation: 121 71.9532 26.9200 70.0725 10.1619
Generation: 122 71.9532 26.9200 69.8152 11.3755
Generation: 123 71.9532 26.9200 69.3294 11.9408
Generation: 124 71.9532 26.9200 72.0356 0.6265
Generation: 125 71.9532 26.9200 71.3303 3.9694
Generation: 126 71.9532 26.9200 71.4136 3.4146
Generation: 127 71.9532 26.9200 71.3083 6.4139
Generation: 128 71.9532 26.9200 69.4910 12.1982
Generation: 129 71.9532 26.9200 71.5816 2.6791
Generation: 130 71.9532 26.9200 70.8927 8.2160
Generation: 131 71.9532 26.9200 71.6676 2.8410
Generation: 132 71.9532 26.9200 71.7441 2.3182
Generation: 133 71.9532 26.9200 71.9532 0.0000
Generation: 134 71.9532 26.9200 71.9532 0.0000
Generation: 135 71.9532 26.9200 71.7437 2.0844
Generation: 136 72.2423 29.3200 71.9561 0.0288
Generation: 137 71.9532 26.9200 71.9532 0.0000
Generation: 138 71.9532 26.9200 71.6466 3.0503
Generation: 139 71.9532 26.9200 71.9532 0.0000
Generation: 140 71.9532 26.9200 71.9532 0.0000
Generation: 141 71.9532 26.9200 71.9532 0.0000
Generation: 142 71.9532 26.9200 71.9532 0.0000
Generation: 143 71.9532 26.9200 71.6913 2.6060
Generation: 144 71.9532 26.9200 71.9532 0.0000
Generation: 145 71.9532 26.9200 71.9532 0.0000
Generation: 146 71.9532 26.9200 72.0199 0.6643
Generation: 147 71.9532 26.9200 71.9532 0.0000
Generation: 148 71.9532 26.9200 71.9148 0.3822
Generation: 149 71.9532 26.9200 71.9532 0.0000
Generation: 150 71.9532 26.9200 71.9532 0.0000
Generation: 151 71.9532 26.9200 71.5626 3.1130
Generation: 152 70.0186 28.8400 71.9338 0.1925
Generation: 153 71.9532 26.9200 71.9532 0.0000
Generation: 154 71.9532 26.9200 71.9532 0.0000
Generation: 155 71.9532 26.9200 71.5637 3.8754
Generation: 156 71.9532 26.9200 71.8213 1.3129
Generation: 157 71.9532 26.9200 71.7149 2.3705
Generation: 158 71.9532 26.9200 71.9605 0.0728
Generation: 159 71.9532 26.9200 72.0590 0.9015
Generation: 160 71.9532 26.9200 71.9532 0.0000
Generation: 161 71.9532 26.9200 71.9532 0.0000
Generation: 162 86.7958 37.5600 72.1016 1.4768
Generation: 163 71.9532 26.9200 71.9532 0.0000
Generation: 164 71.9532 26.9200 72.0202 0.6671
Generation: 165 71.9532 26.9200 71.9585 0.0528
Generation: 166 71.9532 26.9200 71.6651 2.7979
Generation: 167 71.9532 26.9200 71.5011 3.2579
Generation: 168 71.9532 26.9200 71.9623 0.0906
Generation: 169 76.6872 28.9200 72.1138 0.8680
Generation: 170 71.9532 26.9200 71.9532 0.0000
Generation: 171 71.9532 26.9200 71.3583 4.2357
Generation: 172 71.9532 26.9200 71.9981 0.4467
Generation: 173 76.5414 27.8800 71.7350 3.5668
Generation: 174 71.9532 26.9200 71.6277 2.9977
Generation: 175 69.6469 27.3200 71.9285 0.2299
Generation: 176 72.1140 28.5200 71.7248 3.4426
Generation: 177 81.1583 28.8800 70.6007 6.6507
Generation: 178 69.8696 28.2400 71.7230 1.2987
Generation: 179 71.9532 26.9200 71.6364 3.0151
Generation: 180 71.9532 26.9200 71.4392 3.2656
Generation: 181 71.9532 26.9200 71.5768 2.4040
Generation: 182 85.6584 29.3200 71.9402 2.3830
Generation: 183 71.9532 26.9200 71.8291 3.1343
Generation: 184 71.9532 26.9200 71.7586 2.6860
Generation: 185 71.9532 26.9200 71.3479 4.3857
Generation: 186 71.9682 27.0400 71.8713 1.8741
Generation: 187 71.9532 26.9200 71.9532 0.0000
Generation: 188 71.9532 26.9200 71.6959 2.5597
Generation: 189 71.9516 26.9200 71.8936 1.1823
Generation: 190 71.9532 26.9200 71.8002 1.5225
Generation: 191 71.9832 27.1600 72.0195 0.6614
Generation: 192 71.9532 26.9200 72.0888 0.9497
Generation: 193 71.9532 25.9963 71.6526 2.9904
Generation: 194 71.9532 25.0725 71.9513 0.0182
Generation: 195 71.9532 24.1488 72.0859 0.9326
Generation: 196 71.9532 23.2251 71.9527 0.0048
Generation: 197 71.9532 22.3014 72.0249 1.1474
Generation: 198 71.9532 21.3776 71.9532 0.0000
Generation: 199 71.9532 20.4539 72.0719 0.9875
Generation: 200 78.9875 21.5325 71.7823 1.9981
Generation: 201 71.9532 18.6065 71.6236 3.2791
Generation: 202 71.9532 17.6827 71.8457 1.0692
Generation: 203 74.1649 16.8586 72.0821 1.1052
Generation: 204 71.9679 16.0471 71.5565 3.4925
Generation: 205 72.0524 15.3547 70.5143 6.3945
Generation: 206 67.7192 14.6737 69.3303 7.8878
Generation: 207 71.9532 13.0641 69.9193 6.9344
Generation: 208 69.8987 12.7898 71.1226 4.0390
Generation: 209 77.5517 14.6667 69.7919 7.3526
Generation: 210 71.9824 11.3167 71.2041 4.4388
Generation: 211 71.9982 11.3667 70.7971 6.1966
Generation: 212 72.0723 11.6500 70.5478 5.9091
Generation: 213 78.7611 11.7000 69.9585 6.9322
Generation: 214 72.2078 12.0333 71.4450 4.7309
Generation: 215 57.2441 13.1000 71.4390 5.0891
Generation: 216 85.8287 12.8333 66.7868 11.5783
Generation: 217 86.2202 14.1333 69.2805 9.2655
Generation: 218 81.1774 11.9667 70.1112 7.1468
Generation: 219 69.9182 11.9333 68.0980 9.6615
Generation: 220 72.0292 11.7167 70.0387 7.2607
Generation: 221 63.3612 12.2167 68.0326 10.0835
Generation: 222 81.4889 13.5167 67.6524 10.3341
Generation: 223 84.7556 16.8167 65.9278 12.8575
Generation: 224 85.8360 12.8167 64.6538 13.2890
Generation: 225 89.7057 18.1167 66.0716 11.8619
Generation: 226 90.0946 19.0333 67.5865 10.6034
Generation: 227 64.1871 15.0167 67.2830 11.2856
Generation: 228 87.7796 18.8167 64.2769 13.4584
Generation: 229 83.9807 14.1667 65.5730 11.5449
Generation: 230 81.1160 12.1333 65.5080 12.5504
Generation: 231 74.6123 13.2333 66.0300 11.8673
Generation: 232 87.9011 19.2167 64.7088 13.1002
Generation: 233 69.8570 17.9000 64.2959 12.6846
Generation: 234 81.1497 19.5333 65.9436 12.4759
Generation: 235 70.0549 19.0667 65.4254 12.3663
Generation: 236 85.6275 18.9667 65.2955 12.5365
Generation: 237 90.3863 20.1167 64.4954 12.8953
Generation: 238 69.3236 15.6167 65.6398 11.7719
Generation: 239 78.7988 18.6167 63.1923 13.4353
Generation: 240 85.6253 18.9667 64.0716 12.7750
Generation: 241 79.0177 19.2667 63.7868 13.1306
Generation: 242 76.6942 19.0167 68.2966 9.6084
Generation: 243 76.6777 18.9667 63.0170 12.1587
Generation: 244 76.6762 18.9667 63.6569 12.1937
Generation: 245 90.6329 20.7667 63.3463 13.3590
Generation: 246 68.5887 13.8667 64.0872 12.7665
Generation: 247 90.1356 19.1333 63.9097 13.1502
Generation: 248 69.5074 16.3000 61.4202 13.9214
Generation: 249 72.2716 19.0167 64.1138 12.3266
Generation: 250 90.8061 21.4333 62.4919 13.7931
Generation: 251 90.7032 20.9667 66.5507 11.8589
Generation: 252 87.6719 18.5667 62.8962 13.5198
Generation: 253 85.6454 19.1333 66.0933 12.3371
Generation: 254 90.3657 19.9667 64.1322 12.3589
Generation: 255 82.2393 15.9333 64.8488 12.5041
Generation: 256 90.2429 19.4667 64.6920 12.5915
Generation: 257 87.8742 18.9667 63.2624 13.9582
Generation: 258 67.5439 17.2833 63.2203 13.0777
Generation: 259 76.7011 18.9667 61.1587 13.1137
Generation: 260 90.4097 19.8500 62.7217 12.5961
Generation: 261 76.7018 18.9667 64.4017 12.2790
Generation: 262 72.2980 18.9667 65.0286 12.1445
Generation: 263 87.8499 18.9667 62.6799 13.8306
Generation: 264 90.9032 21.6333 62.5312 13.8496
Generation: 265 69.2010 15.5500 64.5038 11.8469
Generation: 266 90.2779 19.3000 65.3709 11.5983
Generation: 267 76.6777 18.9667 63.3940 11.4054
Generation: 268 76.7003 18.9667 62.3016 11.7912
Generation: 269 78.9666 19.1333 61.4358 12.6919
Generation: 270 74.4474 18.9667 61.4882 11.8618
Generation: 271 76.7003 18.9667 63.3995 12.1381
Generation: 272 66.9508 15.3833 62.4769 11.7380
Generation: 273 76.6996 18.9667 61.8570 12.0086
Generation: 274 81.2003 18.9667 61.1525 12.5897
Generation: 275 76.6989 18.9667 63.7899 11.2796
Generation: 276 78.9467 18.9667 61.3308 12.4617
Generation: 277 76.7003 18.9667 63.8254 10.9761
Generation: 278 81.1897 19.0167 65.1781 10.9440
Generation: 279 81.2181 19.1333 63.0188 11.9961
Generation: 280 72.2798 18.9667 64.4561 11.9031
Generation: 281 72.3024 18.9667 64.4468 11.2832
Generation: 282 76.7018 18.9667 63.3845 10.7407
Generation: 283 72.3209 19.1333 63.3521 12.3270
Generation: 284 72.3013 18.9667 66.7328 9.4122
Generation: 285 78.9240 18.9667 63.3798 11.8169
Generation: 286 90.5720 20.4667 64.0554 12.5872
Generation: 287 76.7166 19.1333 65.8939 9.3253
Generation: 288 78.9269 18.9667 63.1950 12.0895
Generation: 289 72.3209 19.1333 65.3274 11.3230
Generation: 290 72.3013 18.9667 64.5091 11.3930
Generation: 291 81.1989 18.9667 66.8558 9.2252
Generation: 292 81.1996 18.9667 63.8319 12.2995
Generation: 293 76.6989 18.9667 66.1814 10.6305
Generation: 294 90.7720 21.1333 64.8283 10.9729
Generation: 295 85.6242 18.9667 64.7512 12.0577
Generation: 296 90.2474 19.6000 64.0274 11.2713
Generation: 297 90.1656 19.1333 64.8022 10.6851
Generation: 298 85.6026 18.9667 63.5975 10.4713
Generation: 299 85.6438 19.1333 64.7322 8.7204
