8.705983468241691725e-02
-9.885198173617250339e-02
2.841505580525005015e-01
4.419069699380143157e-01
2.423563907143938545e-01
-4.986974548185345024e-01
1.570704428008211917e-01
-1.462941003472111035e-02
-1.156147539454218942e-01
1.706130358339875974e-01
1.165190648252970584e-01
-4.395135001202123970e-01
-3.678385020419046303e-02
2.101202402527457547e-01
-4.026349902215480281e-01
-2.946293347221445869e-01
1.005434085285194235e-01
2.086504724820152368e-01
3.296479669299823279e-01
-3.441015793581902460e-01
1.224277062048089448e-01
1.065069160424985673e-01
1.947271514761175493e-01
6.359984571545015952e-02
-1.838976866612024863e-01
2.459167611379687035e-01
-7.304606174841718480e-02
1.485695536914511394e-01
-6.624373171945724392e-03
2.134657537704651442e-01
-1.253468188673453887e-01
1.493546186569248979e-01
1.965730883679911445e-01
1.266030302611470815e-01
6.982070917589003334e-02
2.586570694584439112e-01
3.204506110353980697e-01
6.410226722823031409e-02
-5.618159348979778756e-01
1.712209516537958331e-01
-9.780572023693927253e-02
1.376199914324542917e-01
3.450482529802679776e-01
2.593306909802102211e-01
3.601684828024793172e-01
3.246000936098695222e-01
1.976599841659161805e-01
-5.187082216201228252e-02
-1.434596962466769265e-03
-1.181785863930497893e-01
3.082479010725956980e-01
2.303939962589298118e-01
-3.401176778577811866e-01
1.752883973452780686e-01
-1.805338033468490977e-01
2.673520250784114372e-01
2.594148551885130938e-02
1.671024987307387910e-01
-6.977396916480428646e-02
-4.677123278425059372e-01
6.233226506381656790e-02
3.637485819292762823e-02
3.319258691463222166e-01
-6.216416590709783474e-02
-3.268585246557514368e-01
-2.763198056872767649e-01
-3.948118111839414579e-02
4.051619242003506871e-03
-2.649558371189395523e-01
-1.046262993378414413e-01
-2.423207906627508623e-01
3.455566928199347854e-01
-2.661491384219499823e-01
-1.520280987355120961e-01
-3.166782698980188382e-01
-8.200805226582723317e-02
3.593312712951898802e-01
3.491371765540280392e-01
8.829098617459572862e-02
7.759609281398544001e-03
-9.499510970229446682e-02
-8.520743541141866106e-02
2.028421784033507258e-03
-5.399547636732445755e-01
2.970478832592468588e-02
1.512278430140903129e-01
1.126419213086548993e-01
-1.148426853383237300e-01
1.516797268068725141e-02
-1.306315571359902283e-01
1.644035442577850281e-01
-1.986638542898048754e-01
-3.645632220950785762e-01
-2.111984563890402788e-01
2.227658053150626261e-01
1.269353466810065612e-01
-2.059457182656446173e-03
1.681167187677301278e-01
1.594355396086224452e-01
1.654727157652869929e-01
-1.235656903006009388e-01
4.020858224821387550e-01
-2.227901540776480727e-01
2.221874893122632866e-01
-2.353154973720507082e-01
-3.931387140345240366e-02
-2.662292063689045141e-01
3.752351102771633862e-02
-1.024830963788908311e-01
9.833927423531084455e-03
1.371990085407789051e-01
-2.288114772899721427e-02
-3.352124163792642997e-01
-4.117382427350444463e-01
2.083534666223627319e-01
3.395743342863934977e-01
-5.161070765351322143e-01
1.044122994352854883e-01
-4.337270927897927120e-01
-1.021453633922249533e-02
5.326894201116214034e-02
3.548799181539413067e-02
4.934455678978709736e-01
1.274777828179560757e-01
-9.362184519011179651e-02
-1.210035123181239930e-01
-2.695692460902872345e-02
6.082999006217705562e-02
-1.898509402570617288e-01
-8.026314993099689654e-02
-7.750727033204349303e-02
-5.000574227565098839e-01
1.469192404425891385e-01
-1.856855660049230028e-01
-4.671950689716256738e-02
1.884783098291719083e-01
1.167150265890001676e-01
2.940796801179472730e-01
-1.403561391932208191e-01
1.167507875784515037e-01
-5.908655095331714069e-01
4.995867926523025332e-02
9.348108619349898563e-02
1.630013874438469290e-01
-4.809172333876693406e-01
-1.169162221031955357e-01
3.612119103475205928e-01
2.260417225622118609e-01
2.104480895055436673e-01
9.861079767345404257e-06
-3.005069353059082460e-02
-7.220827226228074269e-02
-2.869174741574873622e-01
1.077497314480235502e-01
3.648378944690221504e-01
-5.040851960306105828e-02
3.198573729704283497e-02
2.238815250252554900e-01
1.236691395069978716e-01
-3.510051000234466756e-02
-2.333485699622493970e-01
2.893704064013136179e-01
1.100317892867570396e-01
-6.628589865267670717e-04
3.239600887277896413e-01
2.180945966990441298e-01
-6.719734993336778928e-03
3.054413967436534483e-01
-5.277668108969097993e-01
2.762855447032721568e-01
-1.307532070964053661e-01
6.322713970984913945e-02
5.377062350647329181e-01
-1.729777112977991804e-01
7.800588145223659453e-02
-6.928287406661912465e-03
2.216923948968094193e-03
8.923716604420310616e-02
-1.155263418036368284e-01
-4.486990856291696028e-01
-4.262372076472489280e-01
7.970951824914118689e-02
-3.312607508130412381e-01
-1.087123756017422532e-01
3.948422106381570540e-01
-1.796752335475158002e-01
2.845943864396127121e-01
1.808455807501468254e-02
-1.226602885024294098e-01
1.072025596341621631e-02
2.867585729278254725e-01
9.038656648062599885e-02
1.856649636150130289e-02
-4.110711758642177638e-01
-3.304072227395574157e-01
1.409346153630839094e-01
6.499793472962411833e-02
7.978465436854123571e-02
-2.060113136616197604e-01
-1.974310354999619377e-01
2.774545624765182295e-01
1.380963964116143639e-01
4.584803661593452873e-01
1.476531685525455939e-01
-1.017007700964149552e-01
-8.210265630828678107e-02
2.066050892129415451e-01
-5.160377974726615413e-01
-3.823483360825566946e-01
-1.734827322855430065e-01
-6.650812556353855598e-01
1.340945937538354782e-01
1.353370295994127115e-01
3.071786548617721491e-01
4.287357564332296839e-02
-5.023020984279333856e-01
-3.169312752462220550e-01
-1.124382733487304803e-01
2.963780139284312720e-01
1.102908196313853728e-01
6.090931188853159206e-01
5.873794363926108097e-01
9.401248899812270077e-02
3.595535693289649837e-01
-1.468114760717822709e-01
-5.066804153452494353e-01
-9.868548858828028736e-02
2.749395128073245931e-01
-2.749199357411102537e-02
-2.832927337941789081e-01
5.526882369094579528e-02
-4.960917037142592578e-01
1.621494336931919023e-01
1.989248206264664920e-01
6.047936934250881802e-02
1.664524039574034886e-01
-3.280589711067257164e-01
1.401918337825547867e-01
-9.675146857139910184e-03
8.588879728871426367e-02
9.809073759468610321e-02
4.620809051742146012e-02
-1.334553340740786687e-01
-1.617115292707512753e-01
6.589007362309087235e-01
-2.772292505714857302e-01
2.940314021309776149e-01
1.845866503731472263e-01
9.119546932021289909e-02
-5.565170851257590368e-01
1.096114132855950385e-01
-1.507151337248996137e-01
-2.877473805898521086e-01
3.076463360533195912e-01
2.749257378109655203e-01
-1.396168626840548765e-01
-8.215466969883029602e-01
5.708950234517339017e-02
1.099798882008777012e-01
3.195699560322597388e-01
-3.880610144103240344e-01
-2.061139282129968442e-01
-1.709336378211549490e-01
8.217359937800099157e-02
1.008666338524947109e-01
