Generation: 0 45.6239 1.6825 5.7284 16.6999
Generation: 1 38.9194 1.7800 5.5966 16.9990
Generation: 2 40.2428 1.9375 7.1797 17.4318
Generation: 3 45.6239 1.6825 13.8022 19.2438
Generation: 4 55.7213 1.7075 27.6544 20.2693
Generation: 5 43.4314 1.7950 32.2887 18.3146
Generation: 6 59.1427 1.7225 34.6682 17.6117
Generation: 7 40.0021 1.6975 38.8460 15.5418
Generation: 8 45.6239 1.6825 38.5355 16.4502
Generation: 9 45.6239 1.6825 41.3382 13.3258
Generation: 10 45.6239 1.6825 41.8145 13.0274
Generation: 11 45.6239 1.6825 43.9826 8.7327
Generation: 12 45.6239 1.6825 42.7147 11.5190
Generation: 13 45.6239 1.6825 42.5065 11.2695
Generation: 14 45.6239 1.6825 43.9015 7.8444
Generation: 15 36.7237 1.7250 43.6413 8.8639
Generation: 16 45.6239 1.6825 40.0883 15.5051
Generation: 17 33.2740 1.7200 39.7868 15.8398
Generation: 18 45.6239 1.6825 43.2404 10.4479
Generation: 19 45.6239 1.6825 42.3530 11.2782
Generation: 20 45.6239 1.6825 43.3547 8.8366
Generation: 21 45.6239 1.6825 43.6023 9.9695
Generation: 22 45.6239 1.6825 41.8893 12.3828
Generation: 23 45.6239 1.6825 44.7255 5.5746
Generation: 24 45.6239 1.6825 41.9423 12.4635
Generation: 25 45.6239 1.6825 44.4721 7.2381
Generation: 26 45.6239 1.6825 44.6129 7.0918
Generation: 27 45.6239 1.6825 43.5994 9.0586
Generation: 28 45.6239 1.6825 43.9923 8.6929
Generation: 29 45.6239 1.6825 41.3098 13.3071
Generation: 30 36.6819 1.8400 42.1231 12.1638
Generation: 31 45.6239 1.6825 41.6742 12.2923
Generation: 32 45.6544 1.7125 41.7410 11.6459
Generation: 33 45.6239 1.6825 41.4896 12.9816
Generation: 34 37.8027 1.7175 44.1916 7.5936
Generation: 35 33.2641 1.7200 43.4735 8.2986
Generation: 36 45.6239 1.6825 40.9073 13.8853
Generation: 37 53.8116 1.8925 42.5506 11.0142
Generation: 38 45.6239 1.6825 41.1684 12.6311
Generation: 39 45.6239 1.6825 42.8836 10.6375
Generation: 40 45.6239 1.6825 42.8217 11.1576
Generation: 41 45.6239 1.6825 42.6243 10.4012
Generation: 42 45.6239 1.6825 44.9104 5.3372
Generation: 43 42.4103 1.7950 44.9369 5.1898
Generation: 44 45.6239 1.6825 43.4537 9.0483
Generation: 45 45.6239 1.6825 43.3038 9.7022
Generation: 46 45.6239 1.6825 43.3205 8.7307
Generation: 47 45.6239 1.6825 44.5855 6.8077
Generation: 48 56.0272 1.9450 44.7571 3.9622
Generation: 49 40.1557 1.7800 44.1171 4.3752
Generation: 50 49.0050 1.6900 44.0582 4.6107
Generation: 51 45.6239 1.6825 43.6675 7.8039
Generation: 52 62.6853 1.9475 42.7295 9.1525
Generation: 53 57.2694 2.0725 44.1471 6.0902
Generation: 54 52.6772 1.9625 44.7970 6.1672
Generation: 55 41.6356 2.3125 42.7285 9.3600
Generation: 56 58.2281 1.9075 44.4946 4.6685
Generation: 57 59.4322 1.9900 44.4325 5.5348
Generation: 58 60.5342 1.9975 43.4491 7.0909
Generation: 59 56.0630 1.9675 43.8696 7.7189
Generation: 60 52.7643 1.9825 44.2268 8.3714
Generation: 61 60.5202 1.9900 41.3272 11.1094
Generation: 62 56.0345 1.9400 42.4666 11.5980
Generation: 63 52.7878 2.0350 43.5655 8.0654
Generation: 64 56.0736 1.9975 44.6526 5.8551
Generation: 65 34.6633 2.1650 44.6804 4.7566
Generation: 66 61.5971 1.9475 44.7381 4.1657
Generation: 67 56.0558 1.9525 44.6979 5.0645
Generation: 68 58.2376 1.9550 45.3081 5.1151
Generation: 69 62.9746 2.2175 44.8374 6.2306
Generation: 70 56.0781 1.9925 44.0926 5.8372
Generation: 71 58.3555 2.0350 44.9790 8.0581
Generation: 72 56.0954 1.9975 43.4760 8.3066
Generation: 73 55.0685 2.0350 43.9189 8.0523
Generation: 74 58.3723 3.0700 43.3615 7.7065
Generation: 75 57.3236 2.0500 45.0765 5.3210
Generation: 76 51.8334 2.2175 44.5106 4.7836
Generation: 77 57.2341 2.0125 45.3998 5.9150
Generation: 78 55.0533 2.0725 43.5440 7.8464
Generation: 79 52.8043 2.0500 44.0189 7.2631
Generation: 80 56.1353 2.0450 46.6125 5.6619
Generation: 81 45.7782 2.8525 45.5979 9.3302
Generation: 82 58.3545 2.0175 44.3987 7.6750
Generation: 83 37.4646 2.5700 44.9635 7.3542
Generation: 84 36.4039 2.4900 42.9744 7.0193
Generation: 85 34.6863 2.1900 43.5751 8.9587
Generation: 86 57.2683 2.0725 43.4946 9.6548
Generation: 87 66.4621 2.3425 43.7689 10.1799
Generation: 88 62.7820 2.4832 44.2854 7.4897
Generation: 89 52.7891 2.9361 44.0443 8.3629
Generation: 90 56.1138 3.3208 45.4491 6.1449
Generation: 91 50.1717 5.2359 45.6768 6.1560
Generation: 92 56.1317 4.4283 44.5082 6.9097
Generation: 93 52.9020 4.9488 45.6459 9.1963
Generation: 94 55.0159 5.1195 46.1354 7.3087
Generation: 95 38.3693 6.6550 47.1295 7.4936
Generation: 96 34.8490 7.1992 44.8807 8.1354
Generation: 97 34.6651 7.0603 45.0006 8.7320
Generation: 98 57.6644 8.1409 44.5252 8.1306
Generation: 99 58.7976 8.7181 45.4181 7.2681
Generation: 100 52.8263 8.0046 45.6580 9.2948
Generation: 101 56.2103 8.5617 47.4489 6.7701
Generation: 102 54.0121 9.1191 46.1517 6.5313
Generation: 103 58.6763 10.2600 46.0276 7.8520
Generation: 104 53.9158 9.6616 47.8825 7.1133
Generation: 105 57.6606 11.8500 46.4973 9.0731
Generation: 106 53.9685 10.8281 47.8480 7.2124
Generation: 107 34.5832 11.2472 46.9444 8.6680
Generation: 108 57.3666 11.5651 46.8194 8.3774
Generation: 109 54.0408 12.2353 47.8688 6.3096
Generation: 110 58.5784 13.0878 45.6012 8.2059
Generation: 111 56.1680 12.9531 47.1668 8.4096
Generation: 112 34.7542 14.3283 47.2136 6.9958
Generation: 113 56.1337 13.5088 47.9563 7.6717
Generation: 114 58.4513 21.7892 47.8956 7.1312
Generation: 115 59.5132 14.7488 47.2816 8.3799
Generation: 116 59.6310 23.5551 45.7328 9.4160
Generation: 117 58.5635 16.8455 47.4223 8.5535
Generation: 118 52.8702 16.4379 45.8857 8.2371
Generation: 119 48.4744 17.0000 47.1383 7.6190
Generation: 120 63.8024 23.2600 48.2209 8.3810
Generation: 121 51.3602 22.8800 47.3270 8.6867
Generation: 122 64.0177 25.1400 44.6611 9.1294
Generation: 123 57.2976 24.6800 47.1074 8.6629
Generation: 124 63.1795 26.9000 46.3339 8.9988
Generation: 125 49.2502 23.7600 47.4206 8.2750
Generation: 126 57.5077 18.2600 48.6297 9.0309
Generation: 127 56.2202 16.9200 47.3593 9.7137
Generation: 128 59.6660 25.7200 49.1570 8.3306
Generation: 129 49.0818 22.5600 45.9294 10.5497
Generation: 130 49.0204 22.0400 46.4306 11.1647
Generation: 131 62.9262 25.4400 49.6438 9.4841
Generation: 132 45.7562 22.5600 49.1746 9.7105
Generation: 133 46.7663 21.9600 50.2711 8.0217
Generation: 134 64.2061 26.5400 48.4641 9.4278
Generation: 135 57.3301 25.1000 48.8098 9.9284
Generation: 136 57.2949 24.9200 48.7419 9.5838
Generation: 137 59.9753 19.2800 48.4685 10.1180
Generation: 138 50.2483 22.8600 49.0020 9.2974
Generation: 139 55.3717 19.9200 49.3553 9.2778
Generation: 140 55.0487 16.5400 49.8438 8.2828
Generation: 141 62.7753 24.4200 48.5489 8.8127
Generation: 142 58.1943 22.9600 48.7762 7.5556
Generation: 143 58.6405 26.4200 50.5759 6.9356
Generation: 144 58.4252 24.9000 48.2327 8.2193
Generation: 145 65.1018 24.9000 50.2396 9.3387
Generation: 146 57.6899 19.4400 48.6963 8.3268
Generation: 147 59.3829 23.3200 48.9051 8.3890
Generation: 148 57.4603 18.0200 49.1441 8.3205
Generation: 149 56.4984 18.4200 49.9873 7.9941
Generation: 150 60.7351 25.7400 49.1706 7.3431
Generation: 151 59.5916 25.2400 50.1078 8.4083
Generation: 152 57.5204 18.2200 48.5833 10.6197
Generation: 153 45.8197 23.0200 47.9071 10.6942
Generation: 154 58.5465 25.8200 46.5307 12.0882
Generation: 155 58.5645 25.8600 49.6099 8.5209
Generation: 156 60.7248 25.6800 45.7254 10.2169
Generation: 157 57.4976 26.4200 48.6141 8.2918
Generation: 158 59.6341 25.7000 46.7212 10.2347
Generation: 159 49.1757 23.3000 47.8517 8.1250
Generation: 160 57.5078 26.5400 48.0851 10.6234
Generation: 161 45.8678 23.4000 45.7688 10.4607
Generation: 162 45.7753 22.6600 46.5944 10.3130
Generation: 163 57.7303 19.7400 47.2747 9.4561
Generation: 164 58.5515 25.8000 47.7139 8.3214
Generation: 165 46.0077 24.3600 48.5979 10.2835
Generation: 166 60.8278 26.3600 50.2444 8.7158
Generation: 167 58.5960 26.1000 48.9503 8.1255
Generation: 168 58.5268 25.6200 49.1792 8.0007
Generation: 169 58.5558 25.9800 48.2165 8.4330
Generation: 170 56.3021 25.9400 48.2105 9.6525
Generation: 171 57.3594 25.1600 46.4510 10.4742
Generation: 172 58.5674 25.9200 50.1805 9.6745
Generation: 173 48.0183 23.0200 48.4841 10.3360
Generation: 174 58.4611 25.2400 46.1504 10.1576
Generation: 175 58.6038 26.2800 48.0415 9.1831
Generation: 176 60.8714 26.6000 47.6157 8.9327
Generation: 177 56.4055 26.4800 49.8290 9.3115
Generation: 178 58.5239 25.5600 48.6976 9.9923
Generation: 179 58.5153 25.6000 48.2962 10.2946
Generation: 180 58.5664 25.9800 47.5812 9.5946
Generation: 181 58.5758 26.0400 48.3081 9.2498
Generation: 182 59.7428 26.6000 46.6856 10.5788
Generation: 183 58.6643 26.8000 48.4683 8.9825
Generation: 184 60.7275 25.5200 47.0825 9.2665
Generation: 185 61.9887 26.5400 47.3107 10.2246
Generation: 186 62.9595 25.8000 48.4430 10.8952
Generation: 187 60.8978 26.8400 49.1199 9.7194
Generation: 188 58.5197 25.7600 49.3466 9.4290
Generation: 189 59.6846 25.9800 49.8910 10.0636
Generation: 190 56.4298 26.8400 46.9080 11.8051
Generation: 191 63.1442 26.9800 48.2493 11.3129
Generation: 192 63.0371 26.2000 48.8684 10.3483
Generation: 193 62.9751 24.9147 47.2990 10.0286
Generation: 194 60.8507 24.7186 50.3641 8.9171
Generation: 195 57.4248 23.3056 48.8165 9.5272
Generation: 196 59.7694 22.8973 49.7445 10.5922
Generation: 197 63.0470 21.8043 47.9877 9.9826
Generation: 198 57.5515 21.2188 47.6858 9.7062
Generation: 199 58.5140 19.5270 45.8794 12.4177
Generation: 200 60.6598 18.5000 51.0709 9.6177
Generation: 201 58.5658 17.9568 48.9697 9.7549
Generation: 202 57.5237 17.4725 48.1663 11.0212
Generation: 203 57.4866 16.3730 50.5101 9.6109
Generation: 204 57.5106 15.6471 49.9264 8.4618
Generation: 205 57.4622 14.5017 48.4100 11.6199
Generation: 206 59.7399 13.8527 48.5670 11.2185
Generation: 207 62.0147 13.1418 45.5072 14.7107
Generation: 208 57.6920 13.0424 46.8723 10.6913
Generation: 209 61.9289 10.9083 45.4178 13.4088
Generation: 210 59.7699 11.1333 46.7997 14.1006
Generation: 211 57.5624 11.1583 46.3445 12.6209
Generation: 212 56.3970 11.0833 43.7075 14.9848
Generation: 213 63.0992 11.0917 47.4614 12.2948
Generation: 214 57.4672 10.8833 45.6472 16.7294
Generation: 215 59.7226 11.0083 48.2424 15.2008
Generation: 216 63.0577 10.9750 46.6155 12.9632
Generation: 217 66.3907 11.0167 43.7599 17.2192
Generation: 218 57.4457 10.8083 47.9111 11.6611
Generation: 219 57.4941 10.9833 46.6593 12.8814
Generation: 220 59.6867 10.8833 50.6189 9.0348
Generation: 221 63.0892 11.0833 49.8565 9.4154
Generation: 222 62.9736 10.8000 46.5189 13.2834
Generation: 223 58.6566 11.1250 47.0182 10.1129
Generation: 224 57.5413 11.1833 49.4476 9.6781
Generation: 225 56.3893 11.0833 45.8132 13.7018
Generation: 226 57.4909 10.9583 49.4487 8.2884
Generation: 227 59.7055 10.9833 46.3763 9.1060
Generation: 228 57.5758 11.2083 47.3771 10.4710
Generation: 229 56.4386 11.1083 49.3065 10.5763
Generation: 230 58.6625 11.1750 49.6652 10.3889
Generation: 231 59.7635 11.1333 49.8188 8.1938
Generation: 232 59.7122 10.9500 48.2877 8.9118
Generation: 233 59.7782 11.1417 50.0230 9.0579
Generation: 234 59.7885 11.1833 48.7032 9.8702
Generation: 235 57.5700 11.2583 51.6155 8.0141
Generation: 236 60.8357 11.0083 50.7050 9.6472
Generation: 237 60.9133 11.2667 51.1223 9.8656
Generation: 238 63.1916 11.4333 48.4136 10.1228
Generation: 239 59.7177 10.9833 46.4621 11.5274
Generation: 240 58.5588 10.8000 49.9602 9.0118
Generation: 241 60.9132 11.2583 50.4127 9.9399
Generation: 242 58.6692 11.1667 48.2851 9.9559
Generation: 243 58.6694 11.1500 46.4564 14.7775
Generation: 244 59.7301 11.0417 47.5921 11.0503
Generation: 245 58.6248 11.1167 50.1833 9.6136
Generation: 246 56.4523 11.1583 50.5578 10.1541
Generation: 247 67.9732 12.4667 51.6499 8.6943
Generation: 248 57.5702 11.2833 49.3033 10.7882
Generation: 249 55.3073 11.1083 47.9309 10.6848
Generation: 250 59.8248 11.2250 50.5168 8.8650
Generation: 251 59.8705 11.3667 48.1824 10.9646
Generation: 252 56.4555 11.2333 50.0605 10.0219
Generation: 253 63.1142 11.1667 50.7684 8.7196
Generation: 254 58.6835 11.1750 49.6331 8.3871
Generation: 255 58.7421 11.3500 48.1020 8.9665
Generation: 256 63.1994 11.2833 49.1754 10.2136
Generation: 257 57.6364 11.4333 47.3162 10.0097
Generation: 258 58.6714 11.1667 48.1131 8.8338
Generation: 259 58.6934 11.2167 51.2124 9.8298
Generation: 260 59.9091 11.5083 52.1105 7.8208
Generation: 261 62.1218 11.3500 51.2285 10.5534
Generation: 262 66.6990 11.8750 51.0973 9.1624
Generation: 263 58.8021 11.5333 48.2577 10.9958
Generation: 264 59.9671 11.7000 51.9624 8.2119
Generation: 265 59.7735 11.1250 50.1093 9.3308
Generation: 266 57.5212 11.3667 48.1361 12.7873
Generation: 267 58.6819 11.1750 51.4204 8.1954
Generation: 268 57.6127 11.2833 49.8177 11.2069
Generation: 269 59.8118 11.2083 51.9200 7.9202
Generation: 270 57.6899 12.0667 51.5746 8.5610
Generation: 271 59.8440 11.3417 50.8496 8.3263
Generation: 272 60.9647 11.3583 51.1161 8.7784
Generation: 273 59.8482 11.2667 50.8699 8.9591
Generation: 274 63.1386 11.2583 51.7828 8.1595
Generation: 275 59.8096 11.3333 50.6119 8.1274
Generation: 276 62.2484 11.8083 52.0804 8.9227
Generation: 277 58.7921 11.5667 50.9578 9.5731
Generation: 278 59.9031 11.8333 51.6510 8.8514
Generation: 279 58.7967 11.5417 52.6784 8.1573
Generation: 280 57.6252 11.2583 51.9962 8.5830
Generation: 281 59.8106 11.2833 52.5852 8.8160
Generation: 282 62.1313 11.4333 52.4441 8.2946
Generation: 283 63.2767 11.4833 52.2089 8.0751
Generation: 284 65.4436 11.3833 52.0241 8.5380
Generation: 285 56.5600 11.5000 52.6092 8.9255
Generation: 286 62.1647 11.5500 53.3534 7.3468
Generation: 287 63.2297 11.5167 52.5280 8.9773
Generation: 288 58.9230 11.8583 52.4593 8.0508
Generation: 289 57.5983 11.2333 53.1433 7.1406
Generation: 290 59.8634 11.4083 54.0621 7.1237
Generation: 291 62.0691 11.2833 53.2184 7.0750
Generation: 292 61.0362 11.5333 52.4145 7.8288
Generation: 293 59.9538 11.5000 52.4665 8.7704
Generation: 294 58.9884 12.0583 53.3946 8.7574
Generation: 295 62.2044 11.7250 50.7174 8.9498
Generation: 296 60.1793 12.4333 52.6380 8.5664
Generation: 297 59.9781 11.7333 53.3992 7.5418
Generation: 298 61.1423 11.8833 52.4504 7.4447
Generation: 299 60.0337 11.8083 51.5980 9.0270
