-6.150080385650743553e-01
7.957447593802416952e-01
2.184719502468326080e-01
2.325762418628208872e-01
-1.870681672943418805e+00
3.972111065388472251e-01
1.867081718714677097e+00
4.007820166848062859e-01
2.232984446044926630e-01
-1.382831492803743290e+00
-5.069334378768186600e-01
1.395518885761294792e+00
1.108251051562055167e+00
-2.533124681266862854e-01
1.820271568020873643e+00
3.702403582717666009e-01
5.979363207774881506e-01
-1.609050084532344549e+00
-2.057097757010247219e-01
-2.181367211077778201e+00
7.641744688945442121e-01
-9.171969552550576221e-01
-1.004100604814961856e-01
-5.344504088995409852e-01
1.138656777206410675e+00
-1.224379580162340497e+00
-4.881976193978727618e-01
-8.147992130279108070e-01
2.024453386725436843e+00
8.118051615715173863e-01
2.357524999846044800e+00
2.801701808418216588e-01
3.164214091555929143e-01
9.205236262358649224e-01
-1.751978727703913385e+00
-7.104366268737253298e-01
1.211685257675130023e+00
1.262115238674330620e+00
-7.306866348794432975e-03
-7.592169990145856140e-01
4.981580398720770742e-01
7.189694536450529361e-01
-1.623522543324108502e+00
9.803389760051618440e-01
-2.034351450836355379e+00
-9.069013585297422964e-01
8.157722040080582770e-01
-4.705474910901108476e-01
-1.354298306458243673e+00
6.951437609247634875e-01
-6.127528028825844908e-01
2.719735981581292261e+00
-7.280999073863997362e-02
2.012154194391124307e+00
7.313795856066428458e-01
1.280731951965083937e+00
5.236588299780469136e-01
1.418548400941617604e+00
1.291304275958447656e+00
8.220745866345997577e-01
-7.191381650148701565e-01
-1.352424759709465185e+00
-1.478829557728375876e+00
-8.430323085415537543e-01
-6.440781570295603387e-02
1.706763687214269687e-01
-6.461137370302036942e-01
-5.566831305650313810e-01
-1.524479342121582981e+00
3.119638276074396810e-01
-2.941314970998031963e+00
1.402131291175694683e+00
-1.225655965598754671e+00
-1.896154024888635936e+00
-1.325990593303737475e+00
2.652147984312636098e+00
-2.013440206553353207e+00
1.172397361741158051e+00
7.420992805033242989e-01
1.152441848917974410e+00
-1.185913217843495238e+00
-1.714520351135552234e-01
-1.407528302115412133e+00
-1.819392444528908470e+00
1.507557119321855987e+00
-1.015556726916201802e+00
4.627799599912820749e-01
1.761505286639316881e-01
-2.377921673371405031e+00
2.564809003945306420e-01
-9.551767156546033810e-01
3.887983749163926445e-02
7.089952840452351523e-02
4.448649093274718580e-01
-2.837340545526596092e+00
1.748361414242682876e+00
-1.085158996059610192e+00
2.732447697744188275e+00
-1.908325464023286622e-01
-5.659603093680306563e-01
-2.023903189365301447e+00
-9.956772476984296905e-01
1.893561683406905782e-01
2.695134713506551760e-01
-8.228567416091567832e-01
-1.308737889422374234e+00
1.239235111767804376e-01
-9.257636101910998727e-01
-9.506914319834480764e-01
1.512265804629572497e+00
-8.066648458530144561e-01
-1.127944524945715621e+00
-9.073816889746191272e-01
1.797811822521477421e+00
-2.930865940798752067e+00
-3.965351532227961440e-01
5.986580922169861818e-01
1.517154301535811767e+00
2.236169189140378710e-01
7.741968368297709180e-01
1.297378225740867697e+00
-5.264799792233092468e-01
2.836615754831615543e+00
-6.102729254807468529e-01
1.188778639193924347e+00
-2.357172658113429353e+00
3.906165790834909557e-01
6.231733865311397391e-01
-1.000320216124472861e+00
-9.732951917578428480e-01
-8.368378025853583368e-01
1.334232770778318145e+00
1.600066710655792535e-02
-5.553891476615958611e-01
8.476030860250680088e-02
7.022673697981542951e-01
-7.716203413910420750e-01
8.924003207292882101e-01
-4.170891441929194809e-02
2.577501074349018761e+00
4.715995337985749991e-01
-5.230205392490265837e-01
8.817128200185754272e-01
-4.806054880616840719e-01
1.318113925488099802e+00
5.332163051088187333e-02
7.901666981494350761e-01
-1.605188820129050509e+00
-1.612761441190220246e-01
-1.210731292018531580e+00
-2.765253416977978551e-01
1.325872497875193234e+00
-1.116468068017941073e+00
-1.320305440646788453e-01
-1.482448114468647438e+00
1.954707972721240417e+00
-1.854070570620702352e+00
3.089579206073396200e-01
7.989906721513443388e-01
8.804822905585025783e-01
6.330224197817170273e-01
-5.595940039131341859e-01
1.693255674608898254e+00
-3.227906187685202211e-01
1.099804926715775233e+00
6.670729858778919885e-01
1.540589404155600528e+00
8.150176678607194969e-01
1.373378586871028262e-01
-5.848687107617156489e-01
1.312523473449091815e+00
-2.009926538293943798e-01
1.482085098972471870e+00
-1.733629103489983114e+00
1.270295181965994225e+00
-8.387930167135039250e-01
-6.928957701381257550e-01
-1.260443648275697770e+00
-9.120182558459839772e-02
1.785869205719219810e+00
-9.397428479876793750e-01
-7.974564179567004141e-01
-5.189491768462339838e-01
-2.526894718927355510e-01
1.662550490710015705e+00
1.277280755136925294e-01
-3.698100280899132564e-01
-1.942970357500893197e+00
-4.498896761637910524e-01
-4.162386907079929643e-01
-9.920194725311363149e-01
1.368407156836649374e+00
-8.429120900264590599e-01
4.564030781797782932e-02
-8.120313927299289691e-01
-2.437388403553658045e-01
5.028242958040886057e-01
2.210895187989880273e-01
-6.487922667065965099e-02
-1.109663360855277919e-01
-1.386470402750876962e+00
-1.240356430901419671e+00
2.473252342350388822e-01
-2.197114007693544147e-01
9.346283677522360112e-01
-3.710094117830072813e-01
1.885490672138092849e+00
-7.351445343391348475e-01
-4.541152288576711382e-01
-1.646227409870915093e+00
-6.698435729655237703e-01
1.059208592332667509e+00
1.854785818148420029e+00
6.594645195265674831e-01
7.261788539990792213e-01
7.037644235814969340e-01
6.071699389023182958e-01
-8.239614664098885433e-01
-4.015602215103697414e-01
-5.577046764877470197e-01
9.433884096707384481e-01
-2.929939792750894334e+00
1.119757626283545804e+00
-8.309140905727729898e-01
4.759039739999288421e-01
-9.001682749223901547e-01
4.990690528679024851e-01
6.512705403304467344e-01
4.457332498259062303e-01
-1.837165327602008791e+00
-1.705218657094601742e+00
-1.316024319867949710e-01
8.964792047059453317e-01
3.186261885950567585e-01
4.661546415616705241e-01
-1.071418409042450559e+00
1.909158207450362355e+00
9.620921879271291388e-01
9.020687625537523457e-01
-4.172286920343892369e+00
-1.078464434735326938e+00
-2.814919614197743503e+00
-4.688794546156150878e-01
-8.747774219935874340e-01
2.595584748927381447e-01
-6.433206744583865877e-01
-5.345147498650495432e-01
-9.356445051015319647e-01
5.567545870673558106e-01
9.475792265742156717e-01
-3.449669659774907970e-02
-1.695526899335245696e+00
8.273260001624289650e-01
1.674137258485549173e+00
3.399802150112209542e+00
-2.946058446762085392e-01
-5.919430472546238775e-01
-2.890197971730650850e-01
4.659126308666439731e-01
2.069628445757368818e-01
-9.219486956790381438e-01
-2.443039202356558803e+00
2.756699634907114338e-01
2.161880411672252311e-01
6.439743284078223162e-01
