Generation: 0 71.9532 102.8126 9.2531 22.4222
Generation: 1 71.9532 102.8126 21.4063 25.2540
Generation: 2 74.3600 104.9976 37.4848 24.2557
Generation: 3 72.0406 102.8912 49.3417 22.9830
Generation: 4 71.9532 102.8126 57.5955 18.6340
Generation: 5 71.2071 124.9872 64.1114 15.7414
Generation: 6 75.4607 128.8722 61.2871 20.3501
Generation: 7 86.0327 155.5334 62.2483 20.2466
Generation: 8 86.0189 155.5554 63.1913 18.1848
Generation: 9 76.2119 129.6318 65.0756 17.5900
Generation: 10 85.9066 155.4371 67.1875 12.3405
Generation: 11 70.5295 124.3684 68.1702 11.2140
Generation: 12 75.2644 128.6798 68.2798 13.9953
Generation: 13 73.1733 126.7913 67.1863 13.9167
Generation: 14 73.9043 127.5405 64.6329 16.7981
Generation: 15 71.9691 102.8285 69.0654 10.3634
Generation: 16 75.1618 128.5710 67.6375 14.7791
Generation: 17 73.0296 126.6663 67.8488 15.6969
Generation: 18 78.6718 108.8719 69.2715 11.1646
Generation: 19 74.3421 127.9648 70.1153 6.4546
Generation: 20 79.0027 109.2047 68.9295 10.7696
Generation: 21 77.4651 152.6382 70.1137 7.0277
Generation: 22 82.8971 112.6746 67.4632 11.8161
Generation: 23 71.9540 102.8135 69.6172 7.3599
Generation: 24 78.5283 108.7377 68.3074 13.5236
Generation: 25 74.3117 127.9498 69.2144 9.9974
Generation: 26 81.9846 134.9726 64.7939 13.6087
Generation: 27 70.4871 124.3271 70.7229 5.7089
Generation: 28 77.3540 130.7687 66.5521 15.1151
Generation: 29 78.6266 108.8424 64.7591 18.2427
Generation: 30 74.2846 127.9205 69.3887 9.3422
Generation: 31 77.1520 147.5620 70.2477 8.0590
Generation: 32 76.7316 130.1436 68.9900 9.6862
Generation: 33 85.3603 154.9160 66.3987 12.9290
Generation: 34 85.3910 137.9552 66.0285 13.5336
Generation: 35 76.6048 130.0230 65.3081 12.7837
Generation: 36 81.7342 134.7225 63.0817 15.2830
Generation: 37 84.5563 137.1203 65.5929 13.3728
Generation: 38 85.6121 155.1702 63.7416 13.1553
Generation: 39 85.4647 155.0184 65.0278 13.0477
Generation: 40 81.0190 134.0087 66.9050 11.2422
Generation: 41 81.5027 134.4920 67.7298 11.9200
Generation: 42 87.9370 180.2722 65.3112 13.3177
Generation: 43 76.9425 130.3578 65.5444 11.7444
Generation: 44 81.2217 134.2104 66.9417 11.1508
Generation: 45 76.9763 130.3987 66.3925 11.3331
Generation: 46 76.7532 130.1675 66.2528 10.9109
Generation: 47 81.2549 134.2448 67.2973 11.2788
Generation: 48 81.6454 134.6348 65.5304 12.1922
Generation: 49 85.3619 154.9176 67.2731 12.2796
Generation: 50 83.7319 136.5034 67.8428 11.1202
Generation: 51 81.6133 134.6026 65.0765 12.9097
Generation: 52 81.6604 134.6498 67.2409 12.8938
Generation: 53 81.3968 134.3842 66.6034 11.7098
Generation: 54 85.3799 137.9059 67.2395 12.1363
Generation: 55 81.4814 134.4703 64.7284 13.2577
Generation: 56 81.6086 134.5981 67.8674 11.3678
Generation: 57 88.3670 180.7043 66.3038 12.5914
Generation: 58 83.8155 136.5873 67.9936 10.8943
Generation: 59 88.1107 180.4559 67.7479 11.1302
Generation: 60 85.6851 138.2112 69.6043 10.0705
Generation: 61 88.4746 180.8078 67.9017 11.9813
Generation: 62 83.0920 135.8499 68.3725 11.0870
Generation: 63 87.4220 179.7631 68.2428 11.4189
Generation: 64 85.0968 137.6251 67.6349 11.1164
Generation: 65 82.9740 135.7482 69.1629 9.9092
Generation: 66 85.4656 138.0222 69.5631 10.4257
Generation: 67 88.0301 180.3709 70.1914 10.2542
Generation: 68 85.7743 138.3311 71.5824 8.7213
Generation: 69 84.9851 137.5406 69.4236 10.3964
Generation: 70 87.5060 179.8472 69.5205 11.7280
Generation: 71 85.8203 138.3759 72.1582 8.6869
Generation: 72 85.5549 138.1117 69.5238 10.8317
Generation: 73 84.8607 154.4206 68.0336 15.4553
Generation: 74 88.0492 180.3903 68.7999 12.3436
Generation: 75 85.2313 154.7859 70.5797 12.1443
Generation: 76 87.7129 180.0535 69.0453 12.1280
Generation: 77 85.2930 137.8496 68.8226 12.1348
Generation: 78 87.5220 179.8631 70.9206 12.4316
Generation: 79 87.4610 179.8022 72.0104 10.9907
Generation: 80 87.2156 179.4693 70.4121 10.4335
Generation: 81 87.6305 179.9718 70.0257 16.3633
Generation: 82 83.3094 153.0943 71.0309 11.0183
Generation: 83 86.3105 138.8716 71.9863 10.6403
Generation: 84 88.3546 180.7030 70.4673 11.7182
Generation: 85 87.3079 179.6490 66.6598 15.4341
Generation: 86 85.7809 138.3380 69.4295 17.1667
Generation: 87 88.7460 181.0947 70.3147 12.9586
Generation: 88 88.4199 180.7657 70.4230 14.4920
Generation: 89 87.6203 179.9681 72.6589 9.1340
Generation: 90 88.1372 180.4850 72.9408 10.7001
Generation: 91 85.7370 155.3010 71.9523 13.1977
Generation: 92 87.9642 180.3045 69.9184 13.2118
Generation: 93 88.5032 180.8503 67.7851 15.0649
Generation: 94 87.7833 180.1244 67.4495 13.8584
Generation: 95 89.0284 181.3538 71.1122 11.6858
Generation: 96 88.0835 180.4247 70.4701 12.2227
Generation: 97 88.0316 180.3728 73.4436 9.7821
Generation: 98 88.4366 180.7778 71.6185 13.8107
Generation: 99 87.9584 180.3061 71.6004 12.6360
Generation: 100 88.1333 180.4744 74.1394 8.8284
Generation: 101 88.3234 180.6711 72.7347 13.3432
Generation: 102 88.0640 180.4102 70.5680 14.9624
Generation: 103 87.7931 180.1340 72.1940 12.5190
Generation: 104 88.4449 180.7931 73.2371 10.1371
Generation: 105 88.6193 180.9670 71.4558 14.4845
Generation: 106 88.6088 180.9537 73.1149 13.0455
Generation: 107 87.3379 179.6790 73.7303 9.5174
Generation: 108 87.5925 179.9395 73.9697 9.4263
Generation: 109 88.0906 180.4381 73.7425 10.7329
Generation: 110 88.3881 180.7350 73.8861 9.5211
Generation: 111 87.8434 180.1911 73.7856 10.1452
Generation: 112 87.7066 180.0536 75.3836 7.8167
Generation: 113 87.8253 180.1731 75.7471 7.9219
Generation: 114 88.0175 180.3652 75.5161 8.6249
Generation: 115 88.2934 180.6432 75.9382 8.9815
Generation: 116 88.4719 180.8230 76.1518 8.2502
Generation: 117 87.9383 180.2794 76.0254 7.8087
Generation: 118 87.9425 180.2902 76.3535 6.6387
Generation: 119 89.2217 181.5690 76.7467 8.2497
Generation: 120 90.0361 182.3741 75.6435 8.6288
Generation: 121 87.9201 180.2612 75.4991 9.0922
Generation: 122 88.5917 180.9402 75.1671 10.7960
Generation: 123 88.6293 180.9766 75.6793 9.7773
Generation: 124 88.9772 181.3194 73.0306 12.9023
Generation: 125 89.1436 181.4911 76.7212 8.8592
Generation: 126 88.6102 180.9602 70.9077 14.3664
Generation: 127 89.8158 182.1621 73.9680 14.2880
Generation: 128 88.2608 180.6001 72.7090 14.0661
Generation: 129 89.4140 181.7590 73.5829 12.6867
Generation: 130 90.1574 182.5023 75.3307 11.7791
Generation: 131 88.5967 180.9402 76.8355 10.8217
Generation: 132 89.2961 181.6412 73.4805 12.8790
Generation: 133 90.0221 182.3467 75.2546 12.8727
Generation: 134 89.8368 182.1840 69.2570 15.5892
Generation: 135 89.0461 181.3950 72.7381 13.9241
Generation: 136 89.4417 181.7885 70.1669 16.7727
Generation: 137 88.7382 181.0870 70.9210 14.3682
Generation: 138 89.8616 182.2040 73.4269 13.8986
Generation: 139 89.5544 181.8922 72.7600 15.0036
Generation: 140 89.7311 182.0700 74.1268 12.9314
Generation: 141 89.9613 182.2861 74.3417 14.4320
Generation: 142 89.8316 182.1491 73.4122 12.4646
Generation: 143 89.7275 182.0706 74.5553 14.4344
Generation: 144 90.0891 182.3985 75.7045 10.7378
Generation: 145 89.2896 181.6294 73.2782 14.2269
Generation: 146 89.4104 181.7568 70.6355 15.8412
Generation: 147 89.8159 182.1630 75.1368 11.9848
Generation: 148 89.0824 181.4254 75.0454 11.8000
Generation: 149 89.4484 181.7912 74.5192 12.8324
Generation: 150 89.2842 181.6240 72.7199 14.5216
Generation: 151 90.1732 182.4527 73.8639 13.7741
Generation: 152 89.1291 181.4654 75.4814 11.2431
Generation: 153 89.6079 181.9544 74.9639 13.1561
Generation: 154 89.0654 181.4112 71.8888 17.2341
Generation: 155 88.3016 180.6428 72.0179 13.3011
Generation: 156 88.9507 181.2971 75.3010 12.3867
Generation: 157 89.4615 181.8103 75.0478 13.3026
Generation: 158 90.2320 182.5694 74.7084 12.1954
Generation: 159 89.9801 182.3222 74.3651 12.4096
Generation: 160 89.4149 181.7552 73.6189 14.1910
Generation: 161 89.7268 182.0712 76.6659 12.7839
Generation: 162 89.6851 182.0331 72.3354 15.4486
Generation: 163 89.5757 181.9158 74.4336 14.8345
Generation: 164 89.5784 181.9225 73.9381 13.4974
Generation: 165 89.4747 181.8068 77.6674 11.5328
Generation: 166 90.0070 182.3460 75.7178 11.5423
Generation: 167 89.5445 181.8832 75.9615 13.9288
Generation: 168 89.9535 182.2932 75.7489 12.9078
Generation: 169 88.8746 181.2200 74.7974 13.8246
Generation: 170 89.2773 181.6183 75.7663 13.4438
Generation: 171 90.6793 183.0043 74.2217 11.9592
Generation: 172 91.0410 183.3674 75.2431 11.5129
Generation: 173 89.5617 181.9110 75.0852 10.8111
Generation: 174 91.7815 184.1000 77.6466 9.2362
Generation: 175 88.8400 181.1664 72.6157 14.0334
Generation: 176 89.5308 181.8761 75.6694 12.7987
Generation: 177 89.4450 181.7902 77.2400 12.4206
Generation: 178 90.8602 183.1730 76.9045 9.8939
Generation: 179 90.4545 182.7500 75.7369 12.8531
Generation: 180 90.9313 183.2585 77.9834 11.7314
Generation: 181 91.3898 183.7150 76.6475 10.8188
Generation: 182 89.8709 182.2152 75.0000 12.5280
Generation: 183 89.6260 181.9681 74.8582 12.3212
Generation: 184 90.2990 182.6441 78.7047 9.8469
Generation: 185 89.7128 182.0580 76.4850 12.2256
Generation: 186 88.8823 181.2169 78.0495 9.8680
Generation: 187 90.8107 183.1132 78.9989 9.9465
Generation: 188 90.1160 182.4615 78.6273 9.0588
Generation: 189 90.5147 182.8282 79.0175 10.2764
Generation: 190 91.1642 183.4700 78.3581 9.6542
Generation: 191 90.8500 183.1590 77.8561 11.1632
Generation: 192 90.2742 182.6160 78.4254 10.0606
Generation: 193 89.9248 182.2681 79.5865 9.7386
Generation: 194 89.4284 181.7591 79.8704 8.4322
Generation: 195 89.8953 182.2381 79.3641 11.2985
Generation: 196 90.0074 182.3370 80.8961 8.5576
Generation: 197 89.5140 181.8621 80.3971 8.6910
Generation: 198 90.3559 182.6983 81.2507 10.1300
Generation: 199 90.0677 182.4121 81.1072 6.9812
Generation: 200 91.0238 183.3403 80.0339 9.9384
Generation: 201 89.9026 182.2345 80.8006 7.7004
Generation: 202 90.3096 182.6409 79.7340 8.4115
Generation: 203 89.6425 181.9732 81.6966 6.6072
Generation: 204 89.7600 182.1050 80.6557 8.5328
Generation: 205 91.7517 184.0653 80.9620 7.9508
Generation: 206 90.5104 182.8553 79.3307 10.1070
Generation: 207 90.0850 182.4339 81.2781 8.2220
Generation: 208 90.3608 182.7061 82.4152 6.2949
Generation: 209 90.0189 182.3554 82.1908 6.3561
Generation: 210 90.8204 183.1450 82.0104 7.6925
Generation: 211 90.6073 182.9092 80.8864 8.8858
Generation: 212 90.8663 183.1958 82.3104 6.6654
Generation: 213 91.5713 183.8876 80.4663 8.7876
Generation: 214 90.2177 182.5611 81.4462 8.2667
Generation: 215 91.3826 183.6939 80.4375 8.9973
Generation: 216 90.2147 182.5610 81.5236 6.6854
Generation: 217 91.1975 183.5016 82.7111 8.4202
Generation: 218 91.0658 183.3878 81.9682 7.1181
Generation: 219 90.9944 183.3011 81.1097 7.3142
Generation: 220 91.1025 183.4291 80.7505 8.5348
Generation: 221 91.1862 183.4861 82.1043 7.8332
Generation: 222 91.5881 183.9108 83.1103 5.6391
Generation: 223 91.9608 184.2874 82.9548 7.5413
Generation: 224 91.7928 184.1196 82.5127 7.8529
Generation: 225 91.7342 184.0596 82.0752 8.2820
Generation: 226 91.0307 183.3518 81.1655 7.7403
Generation: 227 91.2036 183.5302 82.2425 7.9785
Generation: 228 91.2225 183.5192 82.9107 6.4839
Generation: 229 91.0841 183.4091 83.0335 6.7230
Generation: 230 91.7004 184.0153 82.1895 7.4870
Generation: 231 91.8121 184.1378 83.6114 7.4801
Generation: 232 92.1470 184.4652 82.2740 8.1212
Generation: 233 91.1793 183.5043 82.3621 5.6565
Generation: 234 91.0768 183.3901 83.4866 5.8978
Generation: 235 91.4513 183.7712 83.6090 6.8777
Generation: 236 91.8676 184.1789 82.1994 8.8296
Generation: 237 90.8815 183.1891 81.2186 8.8283
Generation: 238 91.5842 183.9118 81.9178 8.6030
Generation: 239 91.3254 183.6500 83.2292 6.3129
Generation: 240 90.7971 183.1173 83.4472 5.8963
Generation: 241 91.6634 183.9830 82.3095 7.3041
Generation: 242 90.7538 183.0472 81.0854 8.7851
Generation: 243 91.5023 183.8113 81.6830 8.5912
Generation: 244 90.7913 183.1214 82.3460 6.7935
Generation: 245 91.2889 183.6110 81.7458 8.3063
Generation: 246 91.0195 183.3408 82.9297 7.8939
Generation: 247 91.3254 183.6500 83.6188 8.7686
Generation: 248 91.2482 183.5359 82.6145 8.9673
Generation: 249 90.9999 183.3218 81.8921 10.6396
Generation: 250 90.7285 183.0280 83.1224 6.6934
Generation: 251 91.1173 183.4284 82.8077 6.8791
Generation: 252 91.4595 183.7700 83.4060 7.2046
Generation: 253 91.3963 183.7162 83.6058 7.5475
Generation: 254 91.2854 183.6100 83.9853 7.9516
Generation: 255 91.3045 183.6150 84.5923 5.5936
Generation: 256 91.0883 183.4094 83.5207 6.7371
Generation: 257 90.8693 183.1731 83.2278 7.2746
Generation: 258 91.3675 183.6811 82.6388 8.5196
Generation: 259 91.2060 183.5166 83.5148 7.1131
Generation: 260 90.8549 183.1789 83.3222 8.4274
Generation: 261 91.3472 183.6700 83.0794 9.3946
Generation: 262 90.7245 183.0456 83.9903 7.9843
Generation: 263 90.8781 183.2017 84.8535 5.1179
Generation: 264 91.9566 184.2832 85.1951 6.2457
Generation: 265 91.4279 183.7340 85.3103 5.4679
Generation: 266 91.1013 183.4108 85.6360 4.8825
Generation: 267 90.8630 183.1747 84.1629 7.0042
Generation: 268 91.4840 183.7962 84.4436 7.1628
Generation: 269 91.1278 183.4407 85.6347 5.1367
Generation: 270 91.4354 183.7410 84.0512 6.5324
Generation: 271 90.8626 183.1642 84.3479 6.5712
Generation: 272 90.9541 183.2721 85.9021 5.2221
Generation: 273 91.0933 183.4144 84.6210 5.9582
Generation: 274 91.3088 183.6282 85.6970 5.3996
Generation: 275 91.1923 183.5133 84.4646 8.2273
Generation: 276 91.4764 183.7893 85.5937 6.0048
Generation: 277 91.5142 183.8418 85.0115 5.8922
Generation: 278 91.2109 183.5332 85.3301 5.7748
Generation: 279 91.3781 183.6940 85.3476 4.4671
Generation: 280 91.1013 183.4212 84.6329 6.2203
Generation: 281 91.5995 183.9239 84.5577 5.8892
Generation: 282 91.4282 183.7413 84.7223 6.4145
Generation: 283 91.7263 184.0293 85.0529 5.6061
Generation: 284 91.3124 183.6313 85.3773 5.5549
Generation: 285 91.6066 183.9075 84.1837 6.1992
Generation: 286 91.6679 183.9863 83.2565 7.2633
Generation: 287 91.4640 183.7800 85.3440 5.4124
Generation: 288 91.3147 183.6211 83.9861 5.8180
Generation: 289 91.6986 184.0228 82.8940 9.1522
Generation: 290 91.5347 183.8411 84.8632 6.4112
Generation: 291 91.6845 184.0089 84.4691 6.2853
Generation: 292 92.0636 184.3791 84.6828 7.5790
Generation: 293 91.3870 183.7000 85.5521 5.3743
Generation: 294 91.5311 183.8603 84.2205 6.1468
Generation: 295 91.7045 184.0289 85.0499 5.3091
Generation: 296 91.3134 183.6293 84.6799 6.7417
Generation: 297 91.7856 184.1002 84.1251 8.4461
Generation: 298 91.2157 183.5140 84.0015 6.7638
Generation: 299 91.8065 184.1213 83.3432 9.0002
Generation: 300 91.3525 183.6492 84.5399 6.7117
Generation: 301 91.6209 183.9486 84.4632 7.5021
Generation: 302 91.6767 183.9935 84.3166 7.1223
Generation: 303 91.5071 183.8292 83.9098 10.1408
Generation: 304 91.6263 183.9403 85.2583 5.9974
Generation: 305 91.3988 183.7202 83.1246 8.9885
Generation: 306 91.2555 183.5582 84.1133 6.6396
Generation: 307 91.6097 183.9302 84.9335 6.2712
Generation: 308 91.6226 183.9341 85.3361 5.1235
Generation: 309 91.9828 184.3096 85.4972 4.8369
Generation: 310 91.8386 184.1541 85.7202 5.0826
Generation: 311 91.7229 184.0312 84.9458 9.4059
Generation: 312 91.4732 183.7934 84.7788 6.2370
Generation: 313 91.6792 184.0068 84.6871 5.9008
Generation: 314 91.7967 184.1078 84.0631 6.2426
Generation: 315 91.6087 183.9291 84.5363 6.6532
Generation: 316 91.5629 183.8700 81.7961 7.7111
Generation: 317 91.5525 183.8492 83.6714 7.6864
Generation: 318 91.3876 183.6991 84.3785 6.5145
Generation: 319 91.8335 184.1482 84.2164 6.4436
Generation: 320 91.5365 183.8611 84.4282 6.1667
Generation: 321 91.6192 183.9331 83.5418 7.1651
Generation: 322 91.5059 183.8294 85.4165 5.4945
Generation: 323 91.4525 183.7540 84.5430 6.2791
Generation: 324 91.7024 184.0053 85.2328 6.1865
Generation: 325 91.3641 183.6821 86.5549 4.1447
Generation: 326 91.9787 184.3040 84.4223 7.8103
Generation: 327 91.9269 184.2535 86.1647 4.7647
Generation: 328 91.3829 183.6900 86.0107 4.8003
Generation: 329 91.9098 184.2240 85.2509 6.1763
Generation: 330 91.9465 184.2711 84.9365 6.1724
Generation: 331 91.4519 183.7554 86.0076 5.1325
Generation: 332 91.5356 183.8560 84.7875 6.3385
Generation: 333 91.7042 184.0145 85.0038 5.0329
Generation: 334 91.8139 184.1360 84.3787 6.2253
Generation: 335 92.1743 184.4928 83.9511 6.3262
Generation: 336 91.9147 184.2402 85.1942 8.1964
Generation: 337 91.5261 183.8517 85.7350 5.9321
Generation: 338 91.8504 184.1720 84.6693 5.9377
Generation: 339 91.9445 184.2482 84.3163 7.0262
Generation: 340 91.5763 183.9037 82.8992 8.1303
Generation: 341 91.7843 184.0850 84.7599 6.0521
Generation: 342 92.0028 184.3172 85.5288 5.7621
Generation: 343 91.6364 183.9471 83.1789 8.2650
Generation: 344 91.6144 183.9407 85.7039 5.3927
Generation: 345 91.5396 183.8652 84.7987 5.5462
Generation: 346 91.6882 184.0060 83.0713 9.9836
Generation: 347 91.8278 184.1546 83.6229 10.7837
Generation: 348 91.8278 184.1546 83.7840 10.2635
Generation: 349 91.6414 183.9606 84.6766 8.8332
Generation: 350 91.8256 184.1513 82.3050 12.5849
Generation: 351 91.6754 184.0000 83.1594 6.2459
Generation: 352 91.7880 184.1091 84.1768 6.8715
Generation: 353 91.4617 183.7885 84.7891 6.5594
Generation: 354 91.2569 183.5854 84.5645 5.9635
Generation: 355 91.8641 184.1747 83.6510 6.3727
Generation: 356 92.1202 184.4420 84.6932 6.6989
Generation: 357 91.5395 183.8552 84.6198 6.5919
Generation: 358 91.7517 184.0602 85.8376 5.6072
Generation: 359 91.6402 183.9625 85.5048 5.5523
Generation: 360 91.6785 183.9933 85.3502 5.3778
Generation: 361 91.9775 184.3035 83.7075 7.3119
Generation: 362 91.7663 184.0872 83.3913 8.1675
Generation: 363 91.9274 184.2439 85.1143 6.9245
Generation: 364 91.7754 184.0842 82.9942 7.1475
Generation: 365 91.8942 184.2078 84.2027 6.1894
Generation: 366 92.0225 184.3485 84.0856 6.9776
Generation: 367 91.7717 184.0985 82.0953 9.3966
Generation: 368 91.9967 184.3235 83.8121 8.6449
Generation: 369 91.7606 184.0863 84.8921 7.1340
Generation: 370 91.9258 184.2419 85.3103 6.8263
Generation: 371 91.8002 184.1246 84.7411 7.1947
Generation: 372 92.0199 184.3464 83.9808 6.6619
Generation: 373 92.0514 184.3778 84.1110 6.6584
Generation: 374 92.0128 184.3396 84.4906 7.2898
Generation: 375 91.9875 184.3135 83.7428 8.1703
Generation: 376 91.7857 184.1080 83.3589 8.1849
Generation: 377 91.6130 183.9352 83.5686 8.2344
Generation: 378 92.1511 184.4767 85.5724 6.7764
Generation: 379 92.3491 184.6710 85.2799 5.9538
Generation: 380 92.1478 184.4746 85.9266 5.7508
Generation: 381 92.2708 184.5869 85.7883 6.1442
Generation: 382 91.9391 184.2610 84.4632 8.0867
Generation: 383 91.9117 184.2385 85.4963 7.4660
Generation: 384 92.0514 184.3778 84.5716 7.2210
Generation: 385 92.2618 184.5857 85.3709 7.9389
Generation: 386 92.0734 184.3996 86.1502 5.9976
Generation: 387 92.2117 184.5385 85.0313 6.3837
Generation: 388 92.0784 184.4046 85.2333 8.1379
Generation: 389 92.2717 184.5985 85.9194 6.1387
Generation: 390 91.9606 184.2863 84.6833 6.4087
Generation: 391 92.1994 184.5257 85.7359 5.9973
Generation: 392 92.2717 184.5985 86.2399 5.3934
Generation: 393 92.2734 184.5996 85.5395 9.0347
Generation: 394 92.2508 184.5720 85.7846 4.9434
Generation: 395 91.9649 184.2865 84.8724 7.2022
Generation: 396 92.2258 184.5515 84.9740 5.9937
Generation: 397 92.2386 184.5575 85.9987 5.6586
Generation: 398 92.2117 184.5385 86.8879 5.2021
Generation: 399 91.9884 184.3146 86.1252 5.4929
Generation: 400 92.2234 184.5496 85.8266 6.7380
Generation: 401 92.2284 184.5546 86.3302 6.2068
Generation: 402 92.2318 184.5557 85.3095 7.0628
Generation: 403 92.2552 184.5735 84.8186 7.2383
Generation: 404 92.2217 184.5485 86.3070 5.9082
Generation: 405 91.9951 184.3102 84.9467 8.1093
Generation: 406 92.2717 184.5985 85.8661 6.7708
Generation: 407 92.2128 184.5396 86.3862 9.5235
Generation: 408 92.1117 184.4385 85.6534 6.9761
Generation: 409 92.2117 184.5385 84.8936 6.4923
Generation: 410 92.2424 184.5589 84.7710 9.7657
Generation: 411 92.2128 184.5396 85.3542 6.2145
Generation: 412 92.0786 184.3975 85.8044 7.1582
Generation: 413 91.9884 184.3146 84.6253 8.6594
Generation: 414 92.2234 184.5496 84.1056 6.4844
Generation: 415 91.9252 184.2470 85.9361 5.0335
Generation: 416 92.1786 184.4975 85.5136 5.3948
Generation: 417 92.1956 184.5213 84.6123 6.6782
Generation: 418 92.0117 184.3385 84.3916 7.8816
Generation: 419 92.2117 184.5385 84.5590 9.0272
Generation: 420 92.2456 184.5713 82.1396 12.5824
Generation: 421 91.8402 184.1620 85.5073 5.9862
Generation: 422 92.1402 184.4585 84.9491 6.4076
Generation: 423 92.2152 184.5396 84.4527 9.1447
Generation: 424 92.2191 184.5410 84.1147 8.4321
Generation: 425 92.2756 184.6013 84.0932 9.1297
Generation: 426 92.2884 184.6146 83.8214 9.2127
Generation: 427 91.7230 184.0452 84.7003 9.5640
Generation: 428 92.2058 184.5270 83.6717 9.6357
Generation: 429 92.3058 184.6270 86.2050 5.8093
Generation: 430 92.1278 184.4546 84.4668 6.3204
Generation: 431 91.9456 184.2713 86.4180 5.7816
Generation: 432 92.2258 184.5419 83.7900 13.1445
Generation: 433 92.2618 184.5857 83.9439 8.9772
Generation: 434 92.2508 184.5720 84.9494 10.0305
Generation: 435 92.2106 184.5363 84.2161 8.8670
Generation: 436 92.2472 184.5728 85.3532 5.8340
Generation: 437 92.2640 184.5869 84.6528 7.0858
Generation: 438 92.2406 184.5663 85.3657 7.7853
Generation: 439 92.0946 184.4135 84.8227 7.5360
Generation: 440 91.9823 184.2952 85.5973 5.2689
Generation: 441 91.8234 184.1496 85.0178 6.1873
Generation: 442 92.1956 184.5213 85.5302 5.3281
Generation: 443 91.9606 184.2863 85.9489 5.1121
Generation: 444 91.8948 184.2112 83.4469 7.1691
Generation: 445 92.2602 184.5846 83.5368 10.6771
Generation: 446 91.9778 184.3046 84.1012 6.1922
Generation: 447 92.2456 184.5713 85.6114 6.4779
Generation: 448 92.3830 184.7028 84.9432 7.8302
Generation: 449 92.2340 184.5569 86.0951 5.8324
Generation: 450 92.2456 184.5713 85.5607 6.0476
Generation: 451 92.2756 184.6013 84.8695 6.2340
Generation: 452 92.2128 184.5396 86.0378 5.0760
Generation: 453 92.2267 184.5535 85.4044 6.0682
Generation: 454 91.9756 184.3013 85.9893 6.9887
Generation: 455 92.3756 184.7013 85.1781 7.1527
Generation: 456 91.8578 184.1846 85.1465 6.4090
Generation: 457 91.8884 184.2146 84.5708 11.1906
Generation: 458 92.2572 184.5824 84.6620 9.6735
Generation: 459 92.1406 184.4663 82.2821 12.0668
Generation: 460 92.2906 184.6163 83.6903 8.7327
Generation: 461 92.1556 184.4813 84.6188 7.9759
Generation: 462 91.9444 184.2625 82.8037 12.8899
Generation: 463 92.2884 184.6146 81.1434 16.7598
Generation: 464 92.3992 184.7254 82.7746 13.1170
Generation: 465 92.2208 184.5369 84.7815 5.7255
Generation: 466 92.1778 184.5046 84.5390 6.9915
Generation: 467 92.1424 184.4589 83.3065 9.0993
Generation: 468 92.2842 184.6104 84.1783 13.2462
Generation: 469 92.1162 184.4407 85.2555 8.0289
Generation: 470 92.2606 184.5863 86.5495 5.2802
Generation: 471 92.3493 184.6678 84.4191 7.5008
Generation: 472 92.2768 184.6007 86.8708 4.9619
Generation: 473 92.2734 184.5996 86.0558 6.3220
Generation: 474 92.2102 184.5285 86.0138 6.2329
Generation: 475 91.9157 184.2380 85.5678 6.9195
Generation: 476 92.0781 184.4039 85.4714 6.0658
Generation: 477 92.2380 184.5578 85.5078 6.1597
Generation: 478 92.1256 184.4513 85.5461 8.2077
Generation: 479 92.2525 184.5793 86.0795 5.4393
Generation: 480 91.8951 184.2102 84.7698 7.0558
Generation: 481 92.2768 184.6007 85.9591 5.6638
Generation: 482 92.2606 184.5863 85.0019 12.3015
Generation: 483 92.3279 184.6518 84.7795 8.8015
Generation: 484 92.2042 184.5304 85.6521 6.0806
Generation: 485 91.8525 184.1793 85.6020 6.1275
Generation: 486 92.2606 184.5863 87.0764 5.7407
Generation: 487 92.1334 184.4596 84.6814 9.3200
Generation: 488 92.2618 184.5857 85.6566 8.3664
Generation: 489 92.3508 184.6720 86.5458 6.2032
Generation: 490 92.3002 184.6185 87.6007 5.0535
Generation: 491 92.4056 184.7313 86.6312 5.7267
Generation: 492 92.2456 184.5713 86.4120 5.7206
Generation: 493 92.1586 184.4775 85.9787 5.2607
Generation: 494 92.2756 184.6013 86.2888 5.7993
Generation: 495 92.4413 184.7584 86.6957 5.2152
Generation: 496 92.2041 184.5260 86.5900 5.0745
Generation: 497 92.3356 184.6613 85.7831 5.8958
Generation: 498 92.2117 184.5385 85.6146 5.7189
Generation: 499 92.2384 184.5646 84.8501 7.1353
Generation: 500 92.2629 184.5868 85.6302 7.2177
Generation: 501 91.9756 184.3013 86.2113 6.4083
Generation: 502 92.2756 184.6013 85.9147 5.9682
Generation: 503 92.2278 184.5546 86.3340 6.2037
Generation: 504 92.2260 184.5503 86.2806 5.4005
Generation: 505 92.2006 184.5263 86.3968 5.8983
Generation: 506 92.2128 184.5396 85.3768 6.2193
Generation: 507 92.2086 184.5264 85.9723 6.0593
Generation: 508 92.0756 184.4013 86.2080 6.0348
Generation: 509 92.2490 184.5719 87.4300 5.2814
Generation: 510 92.1936 184.5125 84.6735 5.8985
Generation: 511 92.2606 184.5863 85.6382 6.2364
Generation: 512 92.1956 184.5213 86.6461 6.1194
Generation: 513 92.3606 184.6863 86.3449 5.8721
Generation: 514 92.2768 184.6007 87.0022 6.0504
Generation: 515 92.3124 184.6289 87.1381 5.4224
Generation: 516 92.2572 184.5824 87.1961 5.3880
Generation: 517 92.3128 184.6396 85.9561 5.8685
Generation: 518 92.1525 184.4793 86.6020 4.9653
Generation: 519 92.2490 184.5719 86.6032 5.1869
Generation: 520 92.0737 184.3990 86.1349 5.4018
Generation: 521 92.0614 184.3878 85.4216 5.4475
Generation: 522 92.2586 184.5764 85.8892 5.7492
Generation: 523 92.2696 184.5885 87.1469 5.0257
Generation: 524 92.3884 184.7146 88.3294 3.6596
Generation: 525 92.3906 184.7163 86.8878 4.9155
Generation: 526 92.4222 184.7474 86.2478 5.8960
Generation: 527 92.1530 184.4728 86.3018 5.9662
Generation: 528 92.2925 184.6193 85.8361 6.7043
Generation: 529 92.1406 184.4663 86.4377 5.7035
Generation: 530 92.2899 184.6115 87.2067 4.9498
Generation: 531 92.2410 184.5653 85.8470 6.3142
Generation: 532 92.2230 184.5428 86.4538 5.5008
Generation: 533 92.2578 184.5846 86.5388 5.5840
Generation: 534 92.3728 184.6996 86.2787 5.7871
Generation: 535 92.2306 184.5563 86.6133 5.3965
Generation: 536 92.3525 184.6793 87.0217 5.1657
Generation: 537 92.3734 184.6996 86.0383 6.2623
Generation: 538 92.0840 184.4069 85.6576 5.8563
Generation: 539 92.3456 184.6713 85.8286 6.9803
Generation: 540 92.3756 184.7013 86.3732 5.4827
Generation: 541 92.2856 184.6113 86.7621 5.8565
Generation: 542 92.3606 184.6863 85.3293 8.9924
Generation: 543 92.1108 184.4269 87.1406 5.4095
Generation: 544 92.2756 184.6013 85.9864 6.7444
Generation: 545 92.3267 184.6535 86.3235 5.6918
Generation: 546 92.2340 184.5569 86.1627 5.2213
Generation: 547 92.3278 184.6546 86.8033 4.9979
Generation: 548 92.2340 184.5569 86.3275 6.0224
Generation: 549 92.3338 184.6528 87.6166 4.6121
Generation: 550 92.2128 184.5396 86.5976 5.1290
Generation: 551 92.2957 184.6180 86.8125 6.2390
Generation: 552 92.3640 184.6869 87.3858 5.2315
Generation: 553 92.2278 184.5546 87.9028 4.2724
Generation: 554 92.2721 184.5917 87.3972 5.0141
Generation: 555 92.3775 184.6928 86.3051 5.8591
Generation: 556 92.2428 184.5696 87.3712 5.5386
Generation: 557 92.2124 184.5289 87.5711 4.5356
Generation: 558 92.1230 184.4428 86.9252 4.4671
Generation: 559 92.1928 184.5196 87.2653 4.5277
Generation: 560 92.2256 184.5513 88.8320 3.7207
Generation: 561 92.2552 184.5735 87.5040 4.3765
Generation: 562 92.2640 184.5869 86.7205 5.3988
Generation: 563 92.3741 184.6900 88.0738 4.2058
Generation: 564 92.2530 184.5728 88.3145 4.1886
Generation: 565 92.3992 184.7254 87.9844 4.8113
Generation: 566 92.2756 184.6013 88.4184 3.9855
Generation: 567 92.2696 184.5889 88.4361 4.5491
Generation: 568 92.3906 184.7163 88.0311 4.1442
Generation: 569 92.3140 184.6369 88.5025 4.1088
Generation: 570 92.2846 184.6039 88.1806 4.1860
Generation: 571 92.3906 184.7163 88.2688 4.3747
Generation: 572 92.2891 184.6050 87.9791 4.2377
Generation: 573 92.0456 184.3713 87.9778 4.5585
Generation: 574 92.3606 184.6863 87.3886 5.2898
Generation: 575 92.5013 184.8184 87.3553 5.0342
Generation: 576 92.3529 184.6768 88.4113 4.1478
Generation: 577 92.3222 184.6474 88.4018 4.4900
Generation: 578 92.2996 184.6189 88.4536 3.5667
Generation: 579 92.2840 184.6069 87.5516 4.2977
Generation: 580 92.3884 184.7146 87.9507 4.4398
Generation: 581 92.2990 184.6219 87.2390 6.0888
Generation: 582 92.2658 184.5870 88.1938 5.1036
Generation: 583 92.2602 184.5846 88.2712 4.4934
Generation: 584 92.2572 184.5824 88.6158 3.7369
Generation: 585 92.3107 184.6330 88.3077 4.0685
Generation: 586 92.3768 184.7007 88.9105 3.5893
Generation: 587 92.2996 184.6189 88.0913 4.1919
Generation: 588 92.2741 184.5900 88.1698 4.3504
Generation: 589 92.4041 184.7200 88.6111 3.7396
Generation: 590 92.1129 184.4368 87.6548 4.4726
Generation: 591 92.2606 184.5863 88.8265 3.3808
Generation: 592 92.4222 184.7474 87.9151 4.5101
Generation: 593 92.2884 184.6146 88.4900 4.2678
Generation: 594 92.4056 184.7313 87.8949 3.8804
Generation: 595 92.2618 184.5857 88.4949 3.2608
Generation: 596 92.2552 184.5735 88.2120 4.5764
Generation: 597 92.2658 184.5870 87.2840 5.3796
Generation: 598 92.3222 184.6474 88.3600 3.4105
Generation: 599 92.2380 184.5578 87.7437 4.2223
Generation: 600 92.3278 184.6546 88.0281 4.2463
Generation: 601 92.3768 184.7007 87.8482 5.0631
Generation: 602 92.3552 184.6735 87.9713 4.2839
Generation: 603 92.1860 184.5103 88.2518 3.4522
Generation: 604 92.4072 184.7324 87.7105 4.6036
Generation: 605 92.4056 184.7313 88.4658 3.8777
Generation: 606 92.0106 184.3363 87.8498 3.7672
Generation: 607 92.4072 184.7324 88.3812 4.5116
Generation: 608 92.2957 184.6180 88.3096 4.3928
Generation: 609 92.2996 184.6189 88.3550 4.3827
Generation: 610 92.4072 184.7324 88.4057 4.5987
Generation: 611 92.3072 184.6324 88.0761 4.1336
Generation: 612 92.2606 184.5863 88.6231 3.8830
Generation: 613 92.2918 184.6157 88.5388 4.3831
Generation: 614 92.4222 184.7474 87.6383 4.7218
Generation: 615 92.3107 184.6330 88.2966 4.1914
Generation: 616 92.4072 184.7324 88.2831 4.4587
Generation: 617 92.3884 184.7146 88.0487 4.7284
Generation: 618 92.3884 184.7146 88.4900 4.2743
Generation: 619 92.3884 184.7146 88.4254 3.7504
Generation: 620 92.3102 184.6285 88.2296 3.9580
Generation: 621 92.1768 184.5007 88.1913 4.8025
Generation: 622 92.3710 184.6953 87.5757 5.1972
Generation: 623 92.3734 184.6996 88.8547 3.6741
Generation: 624 92.4056 184.7313 88.7053 4.2879
Generation: 625 92.2876 184.6114 88.2710 4.9059
Generation: 626 92.4206 184.7463 88.4732 4.0445
Generation: 627 92.2874 184.6039 88.2825 4.6409
Generation: 628 92.2941 184.6160 88.2309 4.7137
Generation: 629 92.3107 184.6330 88.4556 4.6993
Generation: 630 92.3107 184.6330 88.7946 4.0568
Generation: 631 92.2884 184.6146 88.4401 4.2040
Generation: 632 92.2726 184.5964 89.2148 3.6047
Generation: 633 92.4222 184.7474 89.1138 3.8360
Generation: 634 92.2779 184.6018 88.3624 4.5354
Generation: 635 92.4222 184.7474 88.3315 4.4525
Generation: 636 92.3884 184.7146 88.8561 4.6190
Generation: 637 92.3552 184.6735 88.6632 4.1234
Generation: 638 92.3884 184.7146 89.9480 3.1059
Generation: 639 92.3800 184.7010 89.7755 2.6269
Generation: 640 92.3434 184.6696 88.8742 3.8113
Generation: 641 92.4222 184.7474 89.0250 3.5027
Generation: 642 92.3918 184.7157 88.9239 3.8074
Generation: 643 92.2641 184.5860 89.2230 3.4386
Generation: 644 92.2884 184.6146 89.5979 3.2048
Generation: 645 92.3475 184.6743 89.2812 3.1436
Generation: 646 92.3836 184.7025 89.2048 3.0518
Generation: 647 92.3884 184.7146 89.2440 3.5327
Generation: 648 92.3125 184.6393 88.6677 4.6367
Generation: 649 92.3884 184.7146 89.0668 3.4272
Generation: 650 92.2884 184.6146 89.6211 2.8945
Generation: 651 92.3026 184.6264 89.1353 3.5700
Generation: 652 92.3884 184.7146 89.1189 3.4356
Generation: 653 92.4072 184.7324 89.0767 3.4452
Generation: 654 92.3884 184.7146 89.2385 3.8508
Generation: 655 92.3222 184.6474 89.4101 3.1778
Generation: 656 92.3392 184.6654 90.4724 2.5692
Generation: 657 92.3894 184.7157 89.5820 3.1748
Generation: 658 92.3768 184.7007 89.7614 3.1098
Generation: 659 92.3884 184.7146 89.4370 3.2055
Generation: 660 92.4222 184.7474 89.6308 3.2564
Generation: 661 92.3884 184.7146 90.1169 2.6108
Generation: 662 92.4034 184.7296 89.3016 3.3346
Generation: 663 92.3884 184.7146 89.7166 3.0886
Generation: 664 92.3884 184.7146 89.2153 3.0483
Generation: 665 92.3884 184.7146 90.1622 3.1188
Generation: 666 92.3156 184.6413 89.3848 3.0659
Generation: 667 92.4056 184.7313 89.5994 3.0484
Generation: 668 92.3884 184.7146 89.9948 2.5486
Generation: 669 92.3626 184.6864 89.8409 3.4546
Generation: 670 92.4056 184.7313 90.2458 3.1321
Generation: 671 92.2846 184.6039 89.9232 2.6738
Generation: 672 92.4034 184.7296 90.0118 3.0035
Generation: 673 92.3167 184.6435 90.2010 2.3563
Generation: 674 92.3734 184.6996 90.0529 2.9702
Generation: 675 92.4034 184.7296 90.3398 2.8877
Generation: 676 92.2918 184.6157 89.6855 3.8921
Generation: 677 92.3894 184.7157 89.6625 3.3958
Generation: 678 92.3490 184.6719 89.5258 2.8168
Generation: 679 92.3072 184.6324 89.5774 3.7424
Generation: 680 92.3884 184.7146 90.3634 2.9441
Generation: 681 92.2836 184.6025 89.6485 4.2637
Generation: 682 92.2768 184.6007 89.3248 3.3619
Generation: 683 92.3884 184.7146 90.2006 2.7069
Generation: 684 92.4056 184.7313 90.5407 2.1667
Generation: 685 92.2941 184.6160 89.5389 3.2390
Generation: 686 92.3884 184.7146 90.0311 3.6270
Generation: 687 92.3884 184.7146 90.2726 2.7980
Generation: 688 92.3768 184.7007 89.5630 3.5563
Generation: 689 92.3525 184.6793 89.9361 2.8910
Generation: 690 92.3884 184.7146 89.9030 2.7552
Generation: 691 92.4072 184.7324 90.4255 2.4300
Generation: 692 92.2918 184.6157 90.6884 1.9977
Generation: 693 92.4034 184.7296 90.1821 2.4663
Generation: 694 92.2975 184.6243 90.0277 2.8797
Generation: 695 92.2658 184.5870 89.9564 2.9283
Generation: 696 92.3884 184.7146 90.0518 2.8993
Generation: 697 92.3056 184.6313 90.3685 2.2778
Generation: 698 92.3884 184.7146 90.0480 2.9459
Generation: 699 92.3884 184.7146 89.9334 3.0803
Generation: 700 92.2756 184.6013 89.5381 3.0124
Generation: 701 92.3606 184.6863 89.6020 3.6148
Generation: 702 92.2768 184.6007 90.1158 2.9155
Generation: 703 92.4518 184.7757 89.9323 2.7811
Generation: 704 92.2768 184.6007 90.0294 2.2894
Generation: 705 92.2756 184.6013 89.8636 3.3295
Generation: 706 92.3768 184.7007 90.1842 2.8813
Generation: 707 92.4034 184.7296 89.7270 3.5298
Generation: 708 92.3626 184.6864 90.3568 2.7926
Generation: 709 92.3884 184.7146 90.3135 2.8358
Generation: 710 92.2756 184.6013 90.5720 2.1846
Generation: 711 92.2808 184.6020 89.9061 2.7709
Generation: 712 92.3884 184.7146 89.7818 2.8755
Generation: 713 92.2952 184.6170 89.9880 3.2765
Generation: 714 92.3391 184.6610 89.8545 3.2443
Generation: 715 92.3884 184.7146 90.8404 1.9803
Generation: 716 92.3269 184.6474 89.8960 3.0644
Generation: 717 92.4034 184.7296 90.4216 2.3563
Generation: 718 92.4776 184.8014 90.7472 2.2316
Generation: 719 92.3634 184.6896 90.1632 2.5685
Generation: 720 92.3268 184.6507 90.0426 3.4202
Generation: 721 92.3056 184.6313 90.0563 2.6542
Generation: 722 92.3884 184.7146 90.1274 2.9834
Generation: 723 92.3506 184.6763 90.1583 2.5523
Generation: 724 92.3884 184.7146 90.2624 3.0674
Generation: 725 92.3884 184.7146 90.9138 1.8333
Generation: 726 92.3034 184.6296 89.5794 3.2224
Generation: 727 92.3884 184.7146 90.2930 3.3738
Generation: 728 92.3884 184.7146 90.5011 2.1225
Generation: 729 92.3884 184.7146 90.3164 2.6529
Generation: 730 92.4034 184.7296 90.5318 2.4172
Generation: 731 92.3884 184.7146 90.4150 2.8503
Generation: 732 92.4034 184.7296 90.0555 3.2768
Generation: 733 92.3884 184.7146 89.8968 3.2477
Generation: 734 92.4056 184.7313 90.6863 1.9554
Generation: 735 92.3884 184.7146 90.7109 1.9445
Generation: 736 92.4392 184.7654 90.2623 2.6691
Generation: 737 92.3884 184.7146 89.9536 2.9331
Generation: 738 92.3784 184.7046 90.1143 3.1329
Generation: 739 92.4518 184.7757 89.6766 3.5078
Generation: 740 92.3884 184.7146 90.2768 2.5018
Generation: 741 92.4034 184.7296 89.8945 2.7885
Generation: 742 92.4034 184.7296 89.7273 3.0011
Generation: 743 92.3242 184.6504 90.0443 2.5540
Generation: 744 92.4034 184.7296 90.5245 2.1440
Generation: 745 92.3884 184.7146 90.3843 2.6149
Generation: 746 92.4168 184.7407 90.4263 2.3087
Generation: 747 92.4034 184.7296 90.4473 2.9633
Generation: 748 92.4426 184.7664 90.0557 2.7610
Generation: 749 92.4034 184.7296 90.1407 2.7340
Generation: 750 92.4034 184.7296 90.1294 2.3210
Generation: 751 92.4034 184.7296 89.9775 3.0770
Generation: 752 92.4034 184.7296 90.4935 2.2646
Generation: 753 92.3884 184.7146 89.7392 2.8744
Generation: 754 92.4276 184.7514 90.0119 2.7129
Generation: 755 92.4034 184.7296 90.1846 2.8576
Generation: 756 92.4126 184.7364 89.9642 2.7257
Generation: 757 92.4034 184.7296 89.9686 2.7502
Generation: 758 92.3418 184.6657 90.2899 2.6600
Generation: 759 92.4142 184.7404 89.5505 2.9253
Generation: 760 92.3634 184.6896 90.1869 2.7960
Generation: 761 92.2918 184.6157 89.3745 3.3220
Generation: 762 92.3884 184.7146 90.4159 2.7189
Generation: 763 92.3418 184.6657 89.9708 2.6337
Generation: 764 92.3034 184.6296 89.5101 2.9589
Generation: 765 92.2918 184.6157 90.0913 2.6397
Generation: 766 92.3418 184.6657 89.9100 2.5872
Generation: 767 92.3034 184.6296 89.8487 2.6220
Generation: 768 92.3918 184.7157 90.5743 2.8325
Generation: 769 92.3518 184.6757 90.3303 2.2042
Generation: 770 92.3624 184.6789 90.0054 3.2840
Generation: 771 92.3434 184.6696 89.9892 2.6911
Generation: 772 92.4072 184.7324 90.2043 2.6773
Generation: 773 92.4142 184.7404 89.9775 2.9249
Generation: 774 92.3206 184.6463 89.8880 3.1390
Generation: 775 92.4072 184.7324 90.7189 1.9325
Generation: 776 92.4142 184.7404 90.3801 2.7734
Generation: 777 92.4034 184.7296 90.5961 2.5263
Generation: 778 92.3884 184.7146 90.5793 2.2887
Generation: 779 92.3884 184.7146 90.4401 2.1535
Generation: 780 92.3918 184.7157 90.5014 2.6439
Generation: 781 92.4168 184.7407 90.1779 2.7356
Generation: 782 92.4206 184.7463 90.5315 2.5452
Generation: 783 92.4034 184.7296 90.5893 2.1638
Generation: 784 92.4168 184.7407 90.1462 2.4990
Generation: 785 92.3222 184.6474 90.1253 2.7303
Generation: 786 92.3884 184.7146 90.3701 2.5550
Generation: 787 92.4034 184.7296 90.2435 2.8553
Generation: 788 92.4034 184.7296 90.2810 2.4809
Generation: 789 92.4142 184.7404 90.5711 2.1907
Generation: 790 92.3884 184.7146 90.9147 2.0197
Generation: 791 92.3284 184.6546 90.7726 2.4801
Generation: 792 92.3584 184.6846 90.7456 2.1443
Generation: 793 92.4034 184.7296 91.0708 1.9408
Generation: 794 92.4668 184.7907 90.5762 2.2708
Generation: 795 92.3558 184.6770 90.7203 2.2274
Generation: 796 92.4034 184.7296 90.4031 2.4027
Generation: 797 92.4034 184.7296 90.8149 2.0628
Generation: 798 92.4068 184.7307 90.9039 1.9446
Generation: 799 92.4206 184.7463 90.6967 2.4410
Generation: 800 92.4034 184.7296 90.5027 2.4297
Generation: 801 92.4034 184.7296 90.5501 2.4689
Generation: 802 92.4034 184.7296 90.7573 2.4118
Generation: 803 92.3668 184.6907 90.6921 2.3178
Generation: 804 92.3884 184.7146 90.5397 2.5280
Generation: 805 92.4034 184.7296 90.7256 2.4313
Generation: 806 92.4218 184.7457 91.2302 1.8813
Generation: 807 92.4084 184.7346 90.2731 2.5070
Generation: 808 92.3575 184.6843 90.4162 2.8122
Generation: 809 92.4034 184.7296 90.3974 2.4603
Generation: 810 92.4034 184.7296 90.9165 2.1651
Generation: 811 92.4668 184.7907 91.2682 1.6870
Generation: 812 92.4102 184.7320 90.2866 2.4282
Generation: 813 92.4076 184.7314 90.8711 2.0665
Generation: 814 92.4034 184.7296 90.8921 2.0399
Generation: 815 92.3034 184.6296 90.9764 2.1512
Generation: 816 92.4168 184.7407 91.0717 2.0289
Generation: 817 92.4668 184.7907 90.6351 2.3413
Generation: 818 92.3918 184.7157 91.0238 2.1094
Generation: 819 92.4168 184.7407 91.1271 1.9607
Generation: 820 92.4034 184.7296 90.5865 2.4612
Generation: 821 92.4634 184.7896 90.8509 2.4304
Generation: 822 92.4034 184.7296 91.0574 1.9245
Generation: 823 92.4084 184.7346 90.9582 2.0590
Generation: 824 92.4034 184.7296 91.2278 1.6165
Generation: 825 92.4034 184.7296 90.9873 1.9548
Generation: 826 92.3634 184.6896 90.8680 2.0397
Generation: 827 92.4034 184.7296 90.5380 2.4538
Generation: 828 92.4034 184.7296 90.3632 2.6535
Generation: 829 92.4668 184.7907 90.5030 2.7416
Generation: 830 92.4668 184.7907 90.3533 2.5091
Generation: 831 92.4034 184.7296 90.8106 1.9825
Generation: 832 92.4034 184.7296 90.5158 2.6360
Generation: 833 92.4034 184.7296 90.6651 2.5935
Generation: 834 92.4168 184.7407 90.3187 2.4788
Generation: 835 92.4034 184.7296 90.7657 2.5092
Generation: 836 92.4617 184.7885 90.6497 2.1906
Generation: 837 92.4668 184.7907 90.5884 2.7056
Generation: 838 92.4502 184.7746 90.8767 2.1139
Generation: 839 92.4168 184.7407 90.5251 2.5516
Generation: 840 92.3884 184.7146 90.0547 2.6772
Generation: 841 92.4034 184.7296 91.3186 1.6598
Generation: 842 92.4034 184.7296 91.0821 1.9691
Generation: 843 92.4034 184.7296 90.7706 2.2368
Generation: 844 92.4668 184.7907 91.0646 1.8199
Generation: 845 92.4168 184.7407 90.8919 2.0183
Generation: 846 92.4034 184.7296 90.6832 2.5977
Generation: 847 92.4034 184.7296 91.1339 2.0307
Generation: 848 92.4784 184.8046 90.8921 2.1970
Generation: 849 92.4518 184.7757 91.1608 1.8537
Generation: 850 92.4034 184.7296 91.0360 2.1684
Generation: 851 92.4034 184.7296 90.7292 2.3685
Generation: 852 92.4034 184.7296 90.4751 3.0777
Generation: 853 92.4518 184.7757 90.9447 2.1674
Generation: 854 92.3617 184.6885 90.3436 2.7857
Generation: 855 92.3668 184.6907 91.1119 1.8092
Generation: 856 92.3784 184.7046 90.6130 2.4004
Generation: 857 92.3668 184.6907 90.8126 2.0796
Generation: 858 92.4084 184.7346 90.7188 2.5444
Generation: 859 92.3668 184.6907 90.8800 2.0704
Generation: 860 92.3884 184.7146 90.8889 2.0952
Generation: 861 92.3934 184.7196 91.1017 1.8016
Generation: 862 92.3784 184.7046 90.5422 2.2914
Generation: 863 92.3784 184.7046 90.5747 2.4192
Generation: 864 92.3642 184.6904 90.7722 2.0393
Generation: 865 92.4784 184.8046 90.7589 2.4904
Generation: 866 92.4034 184.7296 90.9646 1.9783
Generation: 867 92.4784 184.8046 90.6414 2.2901
Generation: 868 92.4668 184.7907 91.0712 1.9472
Generation: 869 92.4034 184.7296 90.5049 2.4022
Generation: 870 92.4784 184.8046 90.8744 2.3451
Generation: 871 92.4034 184.7296 90.7131 2.2484
Generation: 872 92.4168 184.7407 90.9076 2.0349
Generation: 873 92.4034 184.7296 91.0439 1.8623
Generation: 874 92.4034 184.7296 90.9281 2.2585
Generation: 875 92.4034 184.7296 91.0033 1.9955
Generation: 876 92.4276 184.7514 91.1262 2.0183
Generation: 877 92.4034 184.7296 90.8159 2.3852
Generation: 878 92.4034 184.7296 91.0085 1.9834
Generation: 879 92.4784 184.8046 90.9387 2.2196
Generation: 880 92.4784 184.8046 91.2279 1.8290
Generation: 881 92.4168 184.7407 90.6941 2.2821
Generation: 882 92.4784 184.8046 90.7807 2.2002
Generation: 883 92.4784 184.8046 90.9602 1.9412
Generation: 884 92.4034 184.7296 90.9985 1.9337
Generation: 885 92.4034 184.7296 90.8649 2.0013
Generation: 886 92.4784 184.8046 91.0138 1.9683
Generation: 887 92.4034 184.7296 91.1388 1.8360
Generation: 888 92.4034 184.7296 90.9767 2.3587
Generation: 889 92.4818 184.8057 91.0136 2.0090
Generation: 890 92.4784 184.8046 90.9802 2.1590
Generation: 891 92.4668 184.7907 91.1594 1.7346
Generation: 892 92.4168 184.7407 90.6554 2.5007
Generation: 893 92.4034 184.7296 90.9525 2.1017
Generation: 894 92.4784 184.8046 91.3435 1.7806
Generation: 895 92.4034 184.7296 91.0674 2.1337
Generation: 896 92.4784 184.8046 91.2179 2.0687
Generation: 897 92.4034 184.7296 90.9488 2.1272
Generation: 898 92.4784 184.8046 91.3495 1.8579
Generation: 899 92.4034 184.7296 90.9815 1.9832
Generation: 900 92.4784 184.8046 91.0981 2.1077
Generation: 901 92.4034 184.7296 90.9640 2.0987
Generation: 902 92.4034 184.7296 90.9304 2.4209
Generation: 903 92.4784 184.8046 91.5319 1.4249
Generation: 904 92.4784 184.8046 91.2162 1.8903
Generation: 905 92.4784 184.8046 90.8437 2.4394
Generation: 906 92.4784 184.8046 91.0047 2.2330
Generation: 907 92.4784 184.8046 91.3092 1.9632
Generation: 908 92.4168 184.7407 91.1317 1.9054
Generation: 909 92.4034 184.7296 91.1933 1.9100
Generation: 910 92.4784 184.8046 91.0795 1.9539
Generation: 911 92.4668 184.7907 91.2501 1.8094
Generation: 912 92.4008 184.7220 91.2107 1.8951
Generation: 913 92.4034 184.7296 91.1852 1.9183
Generation: 914 92.4034 184.7296 91.0800 2.2097
Generation: 915 92.5118 184.8357 91.6858 1.1032
Generation: 916 92.4034 184.7296 91.2674 1.7294
Generation: 917 92.4784 184.8046 91.1697 2.0001
Generation: 918 92.4784 184.8046 91.0404 2.1010
Generation: 919 92.4784 184.8046 91.4677 1.5471
Generation: 920 92.4784 184.8046 91.1999 1.9889
Generation: 921 92.4818 184.8057 91.2105 1.8365
Generation: 922 92.4968 184.8207 91.5824 1.4492
Generation: 923 92.4784 184.8046 91.0046 2.1650
Generation: 924 92.4784 184.8046 91.5576 1.5193
Generation: 925 92.3784 184.7046 91.0342 2.3192
Generation: 926 92.4034 184.7296 91.5910 1.3163
Generation: 927 92.3784 184.7046 91.2636 1.8422
Generation: 928 92.4784 184.8046 91.4434 1.7795
Generation: 929 92.4084 184.7346 91.2491 2.1534
Generation: 930 92.4784 184.8046 91.1783 1.9692
Generation: 931 92.4784 184.8046 90.8167 2.5869
Generation: 932 92.4784 184.8046 91.5033 1.3642
Generation: 933 92.4784 184.8046 91.5397 1.4943
Generation: 934 92.4784 184.8046 91.6219 1.4186
Generation: 935 92.4784 184.8046 91.3218 1.6602
Generation: 936 92.4784 184.8046 91.4744 1.6769
Generation: 937 92.4818 184.8057 91.2106 1.9903
Generation: 938 92.4784 184.8046 91.3619 1.6480
Generation: 939 92.4784 184.8046 91.3512 1.8534
Generation: 940 92.4008 184.7220 91.2336 1.8058
Generation: 941 92.4784 184.8046 91.1241 1.9902
Generation: 942 92.4784 184.8046 91.4126 1.5937
Generation: 943 92.4234 184.7496 91.5984 1.3299
Generation: 944 92.4818 184.8057 91.2519 1.8191
Generation: 945 92.4192 184.7454 91.4358 1.7825
Generation: 946 92.4784 184.8046 91.1852 1.8531
Generation: 947 92.4784 184.8046 91.4415 1.6370
Generation: 948 92.4784 184.8046 91.0944 2.0164
Generation: 949 92.4784 184.8046 91.4414 1.6555
Generation: 950 92.4668 184.7907 91.5594 1.3798
Generation: 951 92.5234 184.8496 91.0717 2.0320
Generation: 952 92.5234 184.8496 91.4823 1.4443
Generation: 953 92.4784 184.8046 91.3240 1.9914
Generation: 954 92.4784 184.8046 91.0004 2.2766
Generation: 955 92.4784 184.8046 91.1656 1.8603
Generation: 956 92.4818 184.8057 91.1876 1.8995
Generation: 957 92.4784 184.8046 91.1341 1.9863
Generation: 958 92.5118 184.8357 91.3739 1.8492
Generation: 959 92.4784 184.8046 91.1107 1.9573
Generation: 960 92.4784 184.8046 91.3641 2.0764
Generation: 961 92.4784 184.8046 91.4694 1.6142
Generation: 962 92.4784 184.8046 91.4732 1.6406
Generation: 963 92.5234 184.8496 91.5325 1.4693
Generation: 964 92.4818 184.8057 91.5250 1.5579
Generation: 965 92.5234 184.8496 91.3842 1.9297
Generation: 966 92.4784 184.8046 91.6102 1.5230
Generation: 967 92.5234 184.8496 91.4642 1.6714
Generation: 968 92.4818 184.8057 91.2755 1.7917
Generation: 969 92.4784 184.8046 91.4506 1.7510
Generation: 970 92.4818 184.8057 91.3650 1.7940
Generation: 971 92.4784 184.8046 91.0221 1.9100
Generation: 972 92.4818 184.8057 91.3958 1.5508
Generation: 973 92.4818 184.8057 91.1450 1.8835
Generation: 974 92.5118 184.8357 91.3154 1.8751
Generation: 975 92.5234 184.8496 91.4609 1.8870
Generation: 976 92.4784 184.8046 91.5314 1.4125
Generation: 977 92.4818 184.8057 91.3946 1.7260
Generation: 978 92.4784 184.8046 91.5336 1.5566
Generation: 979 92.5234 184.8496 91.3416 2.1239
Generation: 980 92.4784 184.8046 91.7301 0.9633
Generation: 981 92.4118 184.7357 91.6582 1.2963
Generation: 982 92.5118 184.8357 91.1150 1.9172
Generation: 983 92.5234 184.8496 91.2101 2.0064
Generation: 984 92.5118 184.8357 91.3513 1.7638
Generation: 985 92.4784 184.8046 91.2289 1.9590
Generation: 986 92.4784 184.8046 91.0203 2.3979
Generation: 987 92.4234 184.7496 91.4928 1.7734
Generation: 988 92.4818 184.8057 91.3403 1.7092
Generation: 989 92.4934 184.8196 91.0540 1.9567
Generation: 990 92.4784 184.8046 91.3488 1.6515
Generation: 991 92.4234 184.7496 91.2069 1.9040
Generation: 992 92.4618 184.7857 91.3948 1.5742
Generation: 993 92.4784 184.8046 91.7301 1.2937
Generation: 994 92.5234 184.8496 91.1682 2.0944
Generation: 995 92.5234 184.8496 91.6614 1.2798
Generation: 996 92.5234 184.8496 91.6524 1.4609
Generation: 997 92.5234 184.8496 91.4998 1.7556
Generation: 998 92.5234 184.8496 91.5593 1.4131
Generation: 999 92.5234 184.8496 91.7437 1.2083
