-3.009271036666633647e-01
1.235596585884056464e-01
-3.506165659720839600e-01
-7.110463482063074381e-03
1.042392516659780138e-01
-1.729862202485671907e-01
-1.427984048788918589e-02
-3.438604562504931628e-01
-2.793782261861426641e-01
3.126048387530490080e-01
-6.787247491200818494e-01
1.156007781165570292e-01
9.266420072199663127e-02
-5.566101100355104192e-01
4.856804215781125762e-03
1.251357478846362170e-01
-3.380422282353725549e-01
-1.450683869063813802e-01
2.564470859722195462e-03
-8.505671187018640222e-02
3.334642791738200163e-02
2.376078596248586694e-01
-1.436589447393196717e-01
2.848549679282289526e-01
-1.915256533695503527e-01
1.787403652008615063e-01
4.444618093532898273e-02
9.754416182085865611e-03
-5.400022987082494508e-01
2.921019327128923093e-01
-1.821359009956875219e-01
-2.667685937261498469e-02
-2.682824817696004560e-01
1.202225013526039832e-02
-2.411029389331999229e-01
2.285588142622569097e-01
-2.108906769377140444e-02
2.832253378974531888e-01
-1.830427124102918524e-01
-6.555753928673914432e-02
1.477437528874227801e-01
-5.489739644192594969e-01
1.809623662352906337e-01
6.357413339861117674e-03
-1.114274431513399138e-01
2.075919756831483831e-01
1.345580427980690441e-01
2.990084013861427636e-01
-2.917539069186770306e-01
-2.086939447734687259e-01
-2.116860145475073784e-01
-1.219706541698931807e-01
-3.696173534326989141e-01
8.016953434177553905e-02
-8.958311203620025753e-02
8.786083715924371262e-02
-2.844524144976282587e-01
1.376434192357630648e-01
2.928181930503633706e-02
-1.855385947783810274e-01
1.732930313169104286e-01
2.773439358546944122e-01
-1.146432817903829393e-01
1.252502157475040845e-01
-4.722614117263537747e-01
-1.668890257922689413e-01
-1.364037376441194771e-01
-3.288685432411270204e-01
6.132644347108134192e-02
1.408285735525939830e-01
-5.227259600154250674e-02
-2.726072994664963112e-01
-1.784255264308362565e-01
9.672687123297077361e-02
3.642513019011363595e-01
-7.044834544918948671e-02
-3.853101552977439281e-02
-5.413412245691563429e-01
-1.800581229889114399e-02
-6.049623400927753303e-02
1.178100709962105058e-02
-4.313639595697366103e-01
-2.978988517033442918e-01
5.782781688503732531e-02
-4.187227797599437640e-01
-1.869902334382325670e-01
-9.878383620604944126e-02
-4.151070000300666196e-02
3.203235167347651680e-01
3.582815279590196300e-01
-1.562825459966072916e-01
-2.216131567057290364e-02
-3.813040195941358457e-01
3.065176931942610317e-01
1.018227525028111424e-01
1.724707687971501202e-01
-7.429752457168914415e-01
-2.906338918691163675e-01
1.681458672330793380e-01
-1.462081934907448477e-02
2.070438061495894488e-01
-4.793958471921374587e-01
-1.570598596806866143e-01
4.594627693409453206e-01
-2.407602693737659616e-01
-5.167493873962099027e-01
1.352615594492839468e-01
4.253055698666097784e-01
-5.150046142181434750e-01
-1.100398293560313767e-01
6.167572306116604619e-02
2.127528112320401787e-01
1.989016204696067991e-01
1.479469383764683288e-01
-4.665654249579705981e-01
2.952690674904744766e-02
6.035875381272334805e-02
1.461218089457436142e-01
-2.763353072205877725e-02
1.101153812073562138e-01
-6.502168219755535827e-02
3.110908506125942274e-02
-7.204433611697119710e-02
-9.367906532614261872e-02
1.031790089165795024e-02
-2.099185156842411082e-01
2.326492282629813724e-01
-1.392407747055209866e-01
1.116107345091488234e-03
-8.850290221183305939e-02
-4.354625029493786742e-02
1.678833176856930898e-02
3.021936934578238199e-01
-1.605701077892154327e-01
1.140809087199855798e-01
2.542534511802075903e-01
-5.976257171785278460e-02
-9.986740536331205342e-02
4.103810017269817791e-03
1.171507362251643231e-01
8.383616536573290645e-02
-1.977479327642870516e-02
-2.472659706220793063e-01
1.392668492777666689e-01
-1.655786858204814083e-01
7.115257251337194777e-01
-2.293419685274350472e-01
8.890795903184328663e-02
-2.220472901194771587e-01
5.384725682235830257e-02
-6.525857146105171758e-01
-1.315378424357342979e-01
1.371591779404920663e-01
-1.890395073658400760e-01
4.451118573445851934e-01
2.270118072537079812e-01
-2.989707683219697265e-01
-3.840925120707623930e-01
3.274368092128168151e-01
-2.518440345503241140e-01
1.929103942331645838e-01
6.782264651154701340e-02
-1.539250314444731704e-01
2.805995716640390936e-01
-1.973900214962074628e-01
-7.131386575039393161e-02
9.372702307901455143e-02
5.567043633485503629e-02
-1.806445577979360062e-01
-1.480688753211001352e-03
-9.790775150857002930e-04
1.797235585733641949e-02
1.152277356806165887e-01
-3.732147053440695861e-02
-1.405469752525409510e-01
3.051519278693123338e-01
-9.107220837494754695e-02
-2.827473753448094262e-01
1.998440719158972589e-01
5.030956522667399261e-02
-2.561820196369239688e-02
-4.699209156518304731e-01
-2.663649325601683687e-02
-4.142603034941291784e-01
-1.117859304016615568e-01
1.688914159511701596e-01
2.414537459053310575e-01
1.802840939603062853e-01
2.478348365660625052e-01
-1.382435345441820895e-01
3.266243001171108551e-01
2.655975057688803043e-02
-5.341592864632985216e-02
1.588507894960843880e-01
1.409564076047749581e-01
2.651734246675152562e-01
-1.857280093748737149e-01
1.960444040346319416e-01
-3.075854775248482720e-01
-2.588127617987490137e-03
4.135177294379203949e-02
7.036839441731959632e-02
-3.365759999540539060e-01
1.802280490088666864e-01
2.093131752997456352e-01
1.832596835922371825e-01
-1.772061093268207654e-01
-3.509988911854045601e-01
7.185289435908708278e-01
-3.490814831234325538e-02
-1.684993256203202172e-01
1.439329904821032013e-01
5.091264913174144979e-01
1.687771081589517219e-01
-5.822465824092823983e-01
-1.806502396801331345e-01
-4.733963727405432476e-01
4.129828471247535271e-01
3.593663901618439627e-01
8.910018833093082818e-04
-2.925133433084738804e-02
2.842369431216783537e-01
-5.089317349308977168e-01
1.244409511900338716e-01
1.155595103597063661e-01
-3.699107401658161542e-01
1.542848150213513847e-01
-3.857447364492999631e-01
1.193334381035331404e-01
1.058393379991627303e-01
-3.034967239801638628e-01
-4.293332034625845783e-01
4.620535923270294720e-01
3.243097916132646197e-01
1.196108115304466979e-01
-2.637275681477896372e-01
2.449951759655767392e-01
7.057976172658853020e-04
1.060147404167859075e-01
1.708999423769823056e-01
-3.268370110521918726e-01
1.136212913097705002e-01
1.849799457229510391e-01
1.905411666351890798e-01
6.432967777642700780e-01
1.353159235616398781e-01
-2.321776971918215748e-01
1.606677794697298767e-01
-7.719034786755223088e-02
7.310453970764108078e-02
4.443594148061544291e-02
-1.662527994818729232e-02
2.550730330798763323e-01
1.622369469244585444e-02
-3.123480578597983559e-01
-1.455999506296536405e-01
6.394784505794087748e-03
-1.241547315765171300e-01
1.721981831971294841e-01
2.898974246560517137e-02
1.649778475880632200e-01
-2.171357921340197616e-01
4.075826858874627145e-01
2.695464628317660871e-01
1.064006080067539661e-01
