Generation: 0 45.6239 1.6825 3.9000 15.4057
Generation: 1 -3.0406 1.6825 7.3475 17.5082
Generation: 2 52.4109 1.7725 14.4905 19.1767
Generation: 3 67.2211 1.9675 25.7028 19.5063
Generation: 4 47.8210 1.6825 32.2992 16.1687
Generation: 5 52.2242 1.7550 40.0619 11.6769
Generation: 6 34.7638 2.1150 39.8445 12.8268
Generation: 7 51.1099 1.7475 38.1253 14.0743
Generation: 8 55.4073 2.3750 40.0634 10.8194
Generation: 9 45.6239 1.6825 40.8497 10.6667
Generation: 10 52.7218 1.9825 43.3614 6.8547
Generation: 11 56.1257 2.0275 42.5105 8.7205
Generation: 12 53.3478 1.7550 43.1259 10.2989
Generation: 13 34.8980 2.2400 44.0067 6.2057
Generation: 14 53.4516 1.7475 41.8559 9.7750
Generation: 15 49.9702 1.7475 43.7280 6.3601
Generation: 16 45.6239 1.6825 44.8773 5.3384
Generation: 17 53.4532 1.7325 43.9332 7.8014
Generation: 18 39.8680 1.8525 44.2899 6.0057
Generation: 19 45.6239 1.6825 43.4092 7.5214
Generation: 20 45.6239 1.6825 43.5877 7.9636
Generation: 21 52.2358 1.7400 44.6728 3.4895
Generation: 22 58.9822 1.7625 44.7326 3.9242
Generation: 23 51.1064 1.7625 44.8148 4.1300
Generation: 24 47.8342 1.7475 42.5920 9.8797
Generation: 25 40.8907 1.7925 42.7962 11.5223
Generation: 26 53.3598 1.7550 43.8664 6.6607
Generation: 27 53.4002 1.7475 44.0831 6.3424
Generation: 28 32.3767 2.1000 43.9129 5.2407
Generation: 29 51.2806 1.8375 43.3690 5.9410
Generation: 30 42.5393 1.7725 43.4642 8.4372
Generation: 31 43.4263 1.8300 43.1717 8.5822
Generation: 32 54.5985 1.7475 43.1710 9.0735
Generation: 33 48.8595 1.7475 44.4159 6.1389
Generation: 34 54.5692 1.7625 42.4396 9.9197
Generation: 35 54.6504 1.8150 43.6234 8.7993
Generation: 36 36.5026 1.8600 44.1148 7.1977
Generation: 37 54.5587 1.7550 43.7268 7.0733
Generation: 38 57.8771 1.7625 43.2727 9.6151
Generation: 39 48.9895 1.8225 42.5953 10.2439
Generation: 40 54.5939 1.7625 40.3584 11.1878
Generation: 41 55.6381 1.7625 45.2386 5.0990
Generation: 42 54.5704 1.7625 42.1100 11.8923
Generation: 43 53.3459 1.7625 42.1122 10.8049
Generation: 44 53.9391 2.3325 40.1227 12.6394
Generation: 45 44.4445 1.7625 41.2002 10.8565
Generation: 46 32.1707 2.0325 42.5163 10.3144
Generation: 47 59.0600 1.7850 38.6509 12.3531
Generation: 48 35.3761 1.8675 42.2902 10.8127
Generation: 49 42.5002 1.7750 42.7226 10.5990
Generation: 50 56.8013 1.7625 42.0231 8.8704
Generation: 51 51.4445 2.0650 43.6217 8.2092
Generation: 52 35.3864 1.8750 44.3948 7.2386
Generation: 53 56.7960 1.7625 42.9444 7.5905
Generation: 54 32.1775 2.0400 42.7278 8.2700
Generation: 55 53.3734 1.7625 42.7147 9.5042
Generation: 56 51.2299 1.7825 43.4193 8.7451
Generation: 57 56.8192 1.7625 43.8650 8.5251
Generation: 58 47.0657 2.0375 44.5909 7.9612
Generation: 59 32.1767 2.0400 44.6252 7.7944
Generation: 60 51.4042 2.0500 44.4700 7.6453
Generation: 61 32.0919 1.9475 43.4606 9.8156
Generation: 62 44.5382 1.7700 44.8366 7.6517
Generation: 63 32.1770 2.0400 43.0396 9.3666
Generation: 64 57.0893 2.1175 41.6595 8.6463
Generation: 65 35.4019 1.8900 43.7030 11.0308
Generation: 66 32.0996 1.9975 40.2872 13.2241
Generation: 67 32.1842 2.0475 44.4277 9.7288
Generation: 68 46.8320 1.7975 43.1387 8.7600
Generation: 69 32.1345 1.9975 42.4067 10.6908
Generation: 70 57.8627 1.7625 43.5245 10.4894
Generation: 71 63.3215 2.7100 43.9107 10.1036
Generation: 72 33.1817 1.9200 44.4441 9.3129
Generation: 73 32.0277 1.8975 44.1052 10.1205
Generation: 74 44.7385 1.9975 44.7946 9.9038
Generation: 75 49.8063 2.7325 45.4201 10.6769
Generation: 76 37.6563 1.8825 44.8322 9.8213
Generation: 77 32.4751 2.2900 44.8360 9.7876
Generation: 78 55.6761 1.7625 45.8394 9.0242
Generation: 79 32.1191 1.9825 47.0646 8.6649
Generation: 80 34.3291 1.9425 46.2537 8.8994
Generation: 81 32.1922 2.0550 43.6673 10.3442
Generation: 82 32.1842 2.0475 43.1304 9.6612
Generation: 83 32.1857 2.0475 45.0517 9.5661
Generation: 84 32.1773 2.0400 44.9792 10.6848
Generation: 85 32.1923 2.0550 46.2250 8.9233
Generation: 86 32.2003 2.0625 46.3016 10.1080
Generation: 87 32.1788 2.0400 45.3121 9.4541
Generation: 88 55.9836 2.5228 46.1122 9.3520
Generation: 89 61.8111 4.8300 45.3302 10.0964
Generation: 90 32.1345 3.3084 45.9203 9.0519
Generation: 91 33.3991 3.8531 46.0822 9.4680
Generation: 92 32.1929 4.3027 43.9549 10.1029
Generation: 93 64.6746 4.8389 45.5978 10.4457
Generation: 94 32.6042 6.0750 45.6666 10.9295
Generation: 95 32.1842 5.6306 45.8470 9.5241
Generation: 96 32.6128 6.9469 45.6530 9.6522
Generation: 97 58.5246 7.8811 47.9117 8.3197
Generation: 98 32.1704 6.9232 49.2642 8.1937
Generation: 99 34.5180 7.4222 48.6686 9.3370
Generation: 100 59.7482 9.1962 48.2324 9.7820
Generation: 101 55.1243 9.3844 47.9482 9.3715
Generation: 102 56.2455 10.4034 48.4483 10.2791
Generation: 103 36.8098 9.3713 46.1170 9.7510
Generation: 104 32.1397 9.7324 47.6562 10.3929
Generation: 105 31.4907 11.9241 46.1816 11.5152
Generation: 106 60.7478 11.7949 47.3762 10.2110
Generation: 107 32.1767 10.9650 49.2832 9.9337
Generation: 108 58.4464 12.8796 47.5651 9.9422
Generation: 109 56.8865 12.3806 49.0489 10.7692
Generation: 110 32.1842 12.3490 49.6698 9.1665
Generation: 111 32.2731 12.7969 49.3709 9.8905
Generation: 112 58.1183 13.2448 50.1761 9.7024
Generation: 113 33.6837 15.3144 49.5006 8.2991
Generation: 114 32.5189 16.2297 48.8596 9.4199
Generation: 115 32.5720 16.8506 47.0807 10.8127
Generation: 116 56.3076 17.1293 45.3924 11.7600
Generation: 117 57.4236 17.6963 45.3099 11.2563
Generation: 118 55.2717 18.5583 43.9427 11.9231
Generation: 119 56.4733 19.8800 45.7725 11.4999
Generation: 120 60.7088 18.6800 47.3892 11.4024
Generation: 121 55.3243 19.3800 45.4249 11.9555
Generation: 122 60.9140 19.6800 45.7110 13.3870
Generation: 123 58.5034 18.8400 47.2064 10.4331
Generation: 124 57.4394 19.3800 47.8735 11.1295
Generation: 125 58.7233 19.8600 47.6255 9.6201
Generation: 126 62.9030 26.5200 48.4361 10.2049
Generation: 127 58.6646 20.2800 46.2396 10.5602
Generation: 128 66.5514 20.5000 46.7214 12.8169
Generation: 129 57.6278 20.3000 48.7875 9.7469
Generation: 130 54.4195 20.3600 45.8545 12.8227
Generation: 131 49.0973 22.7600 47.5585 11.3035
Generation: 132 55.4558 21.1000 45.8149 11.8326
Generation: 133 41.9433 21.5800 47.1462 11.9251
Generation: 134 50.3419 22.6200 46.1286 12.5583
Generation: 135 55.4238 20.2400 47.7092 9.2777
Generation: 136 53.0449 19.8200 46.5611 10.8108
Generation: 137 51.2946 22.5600 47.6170 12.1475
Generation: 138 48.0578 23.1600 48.1210 10.3779
Generation: 139 60.9560 20.0600 49.4576 7.8250
Generation: 140 37.7354 21.9600 47.9930 9.3950
Generation: 141 61.8194 26.7600 49.5634 9.6584
Generation: 142 63.2032 28.5400 48.6444 10.4781
Generation: 143 62.0078 27.6800 47.5246 11.1502
Generation: 144 59.8558 28.4800 45.9546 11.3730
Generation: 145 66.7290 30.0600 49.2020 10.3909
Generation: 146 59.8782 28.6200 48.6035 9.0939
Generation: 147 59.5688 26.7400 44.3430 12.6064
Generation: 148 55.7779 23.1600 47.9523 11.4351
Generation: 149 60.7092 26.9400 46.9896 10.3160
Generation: 150 53.4795 22.7000 48.4776 10.4380
Generation: 151 36.4468 20.6800 49.3541 10.0419
Generation: 152 48.8289 22.5200 50.3057 9.6727
Generation: 153 57.7946 29.6800 51.1906 10.1347
Generation: 154 49.1181 21.9000 47.8219 11.0018
Generation: 155 64.4268 29.2000 49.0261 9.8614
Generation: 156 57.7188 29.1000 49.0601 8.2194
Generation: 157 55.4345 28.7400 49.7959 9.4374
Generation: 158 62.0998 28.7400 49.7514 8.2948
Generation: 159 58.7974 29.0800 49.2885 10.3035
Generation: 160 59.9295 29.0800 51.0514 8.6619
Generation: 161 63.3164 29.3600 50.5959 9.2912
Generation: 162 64.3727 28.9000 49.2729 9.0077
Generation: 163 57.0498 24.6600 49.8245 10.2796
Generation: 164 58.7714 29.2000 51.2735 8.5648
Generation: 165 48.0132 23.1600 48.3467 9.3119
Generation: 166 64.4282 29.1800 50.4485 10.0916
Generation: 167 58.7545 28.7800 51.4169 8.1115
Generation: 168 60.9909 29.0800 51.6218 7.9767
Generation: 169 56.6225 29.4600 51.4872 7.8092
Generation: 170 61.1427 29.6200 51.1808 9.4976
Generation: 171 61.0340 29.1600 52.1083 7.4466
Generation: 172 62.0945 28.5000 49.6542 9.4408
Generation: 173 58.7630 28.8800 49.5066 8.6576
Generation: 174 57.6612 28.6200 51.1247 8.9764
Generation: 175 58.7507 28.7600 49.2293 7.6060
Generation: 176 61.0877 29.5200 52.0877 6.8985
Generation: 177 57.7869 29.6000 50.3775 9.0630
Generation: 178 62.1946 29.2800 49.8703 9.3732
Generation: 179 60.9043 28.0800 49.2929 10.2484
Generation: 180 62.1199 28.9400 49.8463 8.9276
Generation: 181 59.9904 29.3400 50.9815 9.6875
Generation: 182 59.9125 29.0800 50.9651 8.3517
Generation: 183 65.5388 29.1400 50.2260 9.0768
Generation: 184 63.2240 28.7400 49.7722 9.5635
Generation: 185 60.9878 28.6200 50.7428 9.4743
Generation: 186 58.7951 29.0200 48.0367 9.8955
Generation: 187 59.8991 28.9400 51.4054 8.6871
Generation: 188 61.0116 29.1400 50.5794 9.1137
Generation: 189 59.8947 28.6200 51.9670 7.3719
Generation: 190 58.7751 29.4600 51.9210 7.7638
Generation: 191 61.0006 28.7400 52.4955 7.2808
Generation: 192 58.7545 28.6800 49.6987 8.2682
Generation: 193 62.1794 28.2753 50.2991 8.5842
Generation: 194 61.1220 27.6990 50.3504 7.1315
Generation: 195 54.4050 26.3197 50.4762 8.4617
Generation: 196 66.6609 25.0886 50.7229 8.1344
Generation: 197 66.8121 25.2175 49.5669 8.2668
Generation: 198 67.2928 27.2224 51.4552 7.8342
Generation: 199 57.7349 22.2319 49.9818 7.4644
Generation: 200 63.2957 21.1843 51.0282 8.0957
Generation: 201 59.9278 20.0994 50.1131 9.3967
Generation: 202 58.8853 19.2198 50.9602 8.0227
Generation: 203 59.9860 18.3403 51.1964 7.6075
Generation: 204 57.7781 17.3294 50.0253 9.3532
Generation: 205 61.1043 16.3518 51.1665 8.0828
Generation: 206 61.0837 15.2765 49.7917 7.7942
Generation: 207 64.4356 14.1803 49.7576 8.6559
Generation: 208 59.8621 12.9882 50.3809 8.9347
Generation: 209 58.8391 12.2000 51.2950 8.2094
Generation: 210 59.9467 12.2500 50.4296 7.6280
Generation: 211 61.0875 12.2500 51.5151 8.2972
Generation: 212 61.0362 12.2000 48.7987 11.4870
Generation: 213 58.8438 12.2083 50.5539 7.0942
Generation: 214 60.0019 12.2500 51.4166 6.9144
Generation: 215 60.0442 12.3583 51.4592 8.7771
Generation: 216 57.7341 12.1917 50.5553 7.6097
Generation: 217 62.2177 12.3167 50.9623 8.1114
Generation: 218 55.5735 12.3417 51.7551 6.9042
Generation: 219 62.1133 12.1583 50.5439 8.2841
Generation: 220 64.3564 12.1667 51.3263 8.2856
Generation: 221 55.5079 12.1750 51.6626 6.9399
Generation: 222 57.8060 12.3750 52.0800 6.9150
Generation: 223 58.8948 12.3000 50.1526 7.2835
Generation: 224 59.0867 12.9083 49.6850 8.6474
Generation: 225 54.4485 12.2833 48.7691 7.7629
Generation: 226 62.1005 11.8500 52.2304 6.1701
Generation: 227 61.1308 12.4000 51.1869 7.0020
Generation: 228 61.1018 12.3750 49.1927 7.0734
Generation: 229 61.0427 12.2333 50.3972 7.6463
Generation: 230 57.7719 12.3083 50.3587 8.2653
Generation: 231 59.9253 12.1250 50.2906 7.9206
Generation: 232 56.6344 12.1917 51.1691 7.7069
Generation: 233 71.5364 13.4000 52.1179 7.8780
Generation: 234 64.4423 12.1000 50.6692 7.9536
Generation: 235 61.1046 12.1917 51.2810 7.9291
Generation: 236 60.2320 13.0583 51.5236 8.0416
Generation: 237 55.7398 12.8000 50.4205 7.4181
Generation: 238 56.6515 12.2583 50.7367 7.5139
Generation: 239 62.1379 12.0583 50.2430 8.3460
Generation: 240 58.0054 13.0583 50.8470 7.4954
Generation: 241 62.3953 12.7333 51.6444 6.8982
Generation: 242 55.7718 12.9750 52.1612 6.6665
Generation: 243 63.8479 13.8917 52.0441 6.9037
Generation: 244 55.6221 12.4750 51.6878 7.6527
Generation: 245 54.3244 12.0000 51.1256 7.5222
Generation: 246 65.5734 12.2083 53.0663 8.1361
Generation: 247 59.1342 13.0583 51.2835 8.4544
Generation: 248 59.1167 13.0333 52.7654 7.1538
Generation: 249 54.6638 12.9167 52.2014 7.1829
Generation: 250 61.3378 12.9750 51.9952 6.4365
Generation: 251 56.7717 12.6333 51.3287 8.2526
Generation: 252 64.7857 13.2083 52.2554 7.1376
Generation: 253 59.9833 12.1000 51.4589 8.5620
Generation: 254 63.8739 13.8583 52.7160 7.4580
Generation: 255 66.4547 11.7250 51.7163 8.4991
Generation: 256 60.0300 12.4583 52.4187 6.8821
Generation: 257 59.0695 12.9000 49.9691 11.7244
Generation: 258 55.7514 12.8750 52.8745 6.8637
Generation: 259 70.0697 12.3250 53.1040 6.9792
Generation: 260 56.8536 12.9500 51.0532 7.6100
Generation: 261 66.8851 12.9000 51.8658 7.4714
Generation: 262 62.4537 13.0750 52.3368 8.1764
Generation: 263 55.6753 12.5917 53.4082 6.0853
Generation: 264 64.4325 12.1750 53.0328 6.7230
Generation: 265 62.4373 12.8167 53.3307 7.2425
Generation: 266 64.5527 12.4833 51.8555 6.6425
Generation: 267 57.9744 12.9750 53.5107 5.5054
Generation: 268 55.7995 12.9833 53.3983 6.9060
Generation: 269 59.1469 13.1083 51.8855 8.5937
Generation: 270 57.8656 12.5583 53.8974 6.3672
Generation: 271 65.9419 13.5417 53.9603 6.3912
Generation: 272 62.3991 12.9833 51.7845 7.6696
Generation: 273 57.7366 12.3333 53.9905 5.9102
Generation: 274 55.7222 12.8333 53.2499 5.7746
Generation: 275 56.9539 13.2250 54.6076 6.4525
Generation: 276 62.4746 13.1083 52.6143 8.0177
Generation: 277 64.6434 12.8583 50.6043 9.5407
Generation: 278 60.1468 12.9250 51.7994 8.6313
Generation: 279 59.1459 13.0583 53.4822 6.5950
Generation: 280 56.6884 12.4000 53.2142 6.0035
Generation: 281 54.6050 12.8250 54.3399 6.2563
Generation: 282 62.2204 12.4083 53.9829 6.3905
Generation: 283 57.9731 13.1417 52.8402 6.0923
Generation: 284 59.1388 13.1167 53.0915 6.6393
Generation: 285 65.0160 14.0250 52.9631 6.4199
Generation: 286 58.0626 13.2250 54.8286 5.3415
Generation: 287 58.9710 12.6250 53.2894 5.3337
Generation: 288 55.8239 13.1417 53.1479 8.0986
Generation: 289 59.0239 12.6667 53.6989 7.2778
Generation: 290 55.6060 12.4250 53.8102 5.6121
Generation: 291 56.8648 13.0333 52.9826 5.0502
Generation: 292 64.7080 13.1833 51.9189 10.1264
Generation: 293 56.6584 12.2917 53.0038 5.4824
Generation: 294 59.1285 13.0083 53.5845 5.8878
Generation: 295 59.1015 12.9917 54.4047 5.3844
Generation: 296 56.8884 13.1000 52.9971 6.0658
Generation: 297 58.0425 13.1167 53.6998 5.8469
Generation: 298 56.9191 13.0500 54.1945 5.6032
Generation: 299 54.6824 13.0167 52.9338 5.6700
