1.000000000000000000e+00
1.000000000000000000e+00
-5.453957369831186064e-02
1.000000000000000000e+00
-1.000000000000000000e+00
8.827961783000162210e-01
-1.000000000000000000e+00
1.000000000000000000e+00
-1.000000000000000000e+00
1.000000000000000000e+00
9.496976568468052937e-01
-1.000000000000000000e+00
-1.000000000000000000e+00
-1.000000000000000000e+00
-1.000000000000000000e+00
9.367695834877228789e-01
4.317175310931107290e-01
2.345096194585465366e-01
1.000000000000000000e+00
1.000000000000000000e+00
-4.279842818011230232e-01
-6.181513796713017372e-01
-4.658595701808689871e-01
2.821573481312760201e-01
-1.516859638295247059e-01
3.766898082332029718e-01
1.000000000000000000e+00
1.000000000000000000e+00
8.155127528948626914e-01
-8.320732166946613884e-01
1.000000000000000000e+00
7.691049005927208526e-02
-1.000000000000000000e+00
-1.000000000000000000e+00
-7.004455049076512285e-01
1.000000000000000000e+00
1.000000000000000000e+00
6.491818472471928558e-01
-9.353367817847244581e-01
-1.000000000000000000e+00
3.690929481948495017e-01
1.000000000000000000e+00
6.710694317818446386e-01
1.000000000000000000e+00
-1.000000000000000000e+00
9.439440066254258799e-01
-1.000000000000000000e+00
5.425237937706441915e-01
-1.000000000000000000e+00
5.291007099083437915e-01
-2.781664915908006463e-01
2.001706332491817175e-01
1.000000000000000000e+00
-5.038450557781344319e-01
-1.000000000000000000e+00
1.408642866257637793e-01
-1.000000000000000000e+00
1.000000000000000000e+00
-2.340061334039429397e-01
-8.081421918682252237e-01
-1.000000000000000000e+00
-1.567911317317564057e-01
-8.439762917637083639e-02
1.000000000000000000e+00
1.000000000000000000e+00
-6.766471180582088740e-01
2.311375693364592643e-01
-8.912576625216306336e-01
1.000000000000000000e+00
-1.000000000000000000e+00
-1.000000000000000000e+00
-1.000000000000000000e+00
1.000000000000000000e+00
1.000000000000000000e+00
1.000000000000000000e+00
-1.000000000000000000e+00
1.000000000000000000e+00
9.400854943120257046e-02
1.000000000000000000e+00
-4.691728215524815226e-01
-9.928945925736171185e-01
2.145970605487369509e-01
-1.862126006867681483e-01
-1.000000000000000000e+00
-8.874560686083824423e-01
-8.781076072941056410e-01
-1.000000000000000000e+00
3.286175517598611817e-01
-1.000000000000000000e+00
5.700359471980886994e-02
1.000000000000000000e+00
1.000000000000000000e+00
9.341891520508771585e-02
3.494012696934778450e-03
2.307652928454386743e-01
-6.418883743572596501e-01
-1.000000000000000000e+00
-2.324918107449380211e-01
1.000000000000000000e+00
-1.000000000000000000e+00
-1.000000000000000000e+00
1.000000000000000000e+00
8.159514354856025609e-01
4.774717383677324900e-01
-1.438064934002794004e-01
1.000000000000000000e+00
-1.000000000000000000e+00
-1.000000000000000000e+00
-1.000000000000000000e+00
1.000000000000000000e+00
-1.000000000000000000e+00
-1.000000000000000000e+00
-1.000000000000000000e+00
1.000000000000000000e+00
1.000000000000000000e+00
-1.000000000000000000e+00
1.000000000000000000e+00
8.420679503566692592e-01
1.000000000000000000e+00
1.000000000000000000e+00
-1.000000000000000000e+00
-1.000000000000000000e+00
-3.986986467075246399e-01
-9.038115510690603038e-02
1.000000000000000000e+00
9.558935723788852812e-03
1.948788274463593151e-01
8.880708238796525267e-01
5.207525248577176136e-01
-2.188427253265090577e-01
8.528577838245050557e-01
-1.000000000000000000e+00
1.000000000000000000e+00
1.000000000000000000e+00
1.000000000000000000e+00
-7.546680609553726438e-01
2.303492718933131123e-01
-1.000000000000000000e+00
-5.927509978663549894e-01
-1.000000000000000000e+00
-1.000000000000000000e+00
1.000000000000000000e+00
3.555261658254006418e-01
-4.274753913211140066e-01
1.000000000000000000e+00
-1.000000000000000000e+00
1.000000000000000000e+00
-2.541342508335024952e-01
-1.000000000000000000e+00
-1.663758419939674882e-01
1.000000000000000000e+00
-1.000000000000000000e+00
1.000000000000000000e+00
-1.000000000000000000e+00
-1.717037811095698530e-01
-9.512563616744090789e-01
-1.000000000000000000e+00
-9.291852508655635834e-01
-1.000000000000000000e+00
-1.000000000000000000e+00
3.131454547519734177e-01
-8.834035076547274157e-01
-3.150266950255553589e-01
-5.787771582199323639e-01
4.764988536548895315e-01
1.000000000000000000e+00
1.000000000000000000e+00
9.365154972224097873e-01
9.621921211475308322e-01
-1.000000000000000000e+00
-1.000000000000000000e+00
3.801475514080623341e-01
9.752238921283363782e-01
-1.000000000000000000e+00
1.000000000000000000e+00
1.000000000000000000e+00
1.000000000000000000e+00
-1.000000000000000000e+00
1.000000000000000000e+00
-1.000000000000000000e+00
1.000000000000000000e+00
1.000000000000000000e+00
9.459670173449847841e-01
-1.214365716789203020e-01
1.000000000000000000e+00
2.883260491972162165e-01
-1.000000000000000000e+00
1.000000000000000000e+00
1.000000000000000000e+00
1.000000000000000000e+00
1.000000000000000000e+00
-1.000000000000000000e+00
4.186533086824230088e-01
-1.000000000000000000e+00
9.755567922544530202e-01
-8.824281268927117727e-01
-1.000000000000000000e+00
1.000000000000000000e+00
1.000000000000000000e+00
-3.211955573686143817e-01
-9.932997195740249641e-01
-1.000000000000000000e+00
-1.000000000000000000e+00
-1.000000000000000000e+00
1.000000000000000000e+00
-1.000000000000000000e+00
-1.000000000000000000e+00
-1.000000000000000000e+00
-1.000000000000000000e+00
-1.000000000000000000e+00
1.000000000000000000e+00
2.272972266137837372e-01
8.402734480768359049e-02
-7.948225466479030832e-01
-1.000000000000000000e+00
1.000000000000000000e+00
1.000000000000000000e+00
3.409849635229916798e-01
-1.000000000000000000e+00
-1.000000000000000000e+00
1.000000000000000000e+00
1.000000000000000000e+00
-7.944543452278778339e-01
-7.587260855568255247e-01
-1.000000000000000000e+00
-1.000000000000000000e+00
-1.624417357069658507e-01
5.013824529215675785e-01
1.000000000000000000e+00
-1.000000000000000000e+00
1.000000000000000000e+00
-1.000000000000000000e+00
7.722551664208052724e-01
1.000000000000000000e+00
-1.000000000000000000e+00
-1.000000000000000000e+00
-7.184825141013486682e-01
1.000000000000000000e+00
1.000000000000000000e+00
9.972235494939850620e-01
-1.000000000000000000e+00
1.000000000000000000e+00
1.000000000000000000e+00
1.000000000000000000e+00
1.000000000000000000e+00
1.000000000000000000e+00
1.737642604091460541e-01
-1.000000000000000000e+00
-1.811398328889016751e-01
-1.000000000000000000e+00
-1.000000000000000000e+00
-1.000000000000000000e+00
1.000000000000000000e+00
1.000000000000000000e+00
1.000000000000000000e+00
2.872203345071382419e-01
-1.000000000000000000e+00
-8.661745898762648332e-01
-1.057671582494754958e-01
1.000000000000000000e+00
-9.300051653138079466e-01
5.697585455367060181e-01
6.417587623144808129e-01
1.000000000000000000e+00
-2.352871434313215382e-01
