-1.266557562338102572e-01
1.386376277955472525e-01
3.930597071747572446e-01
6.494422818397727060e-02
1.383300923618422940e-01
-2.636710670135686274e-01
-2.301266330049021869e-01
1.555059625371789100e-01
-9.190663817591201989e-02
1.936146271197400071e-01
-8.993505895524697702e-02
-3.205190290289261501e-03
2.433732836304204061e-01
-5.911256068878887465e-02
-2.201778768476672643e-03
1.946674217386440697e-01
-1.660076521460820687e-01
2.048271722309474852e-01
3.095675797345750491e-01
-2.233739253732304475e-02
-2.059968149765531789e-02
4.377192974470169307e-01
1.953185602300808732e-01
-2.031651985995608090e-01
8.404218865261844917e-02
1.204661696312468722e-01
2.887922837321403868e-01
-4.657490506850463924e-02
-1.664700097856695177e-02
-2.913122463192720502e-01
9.575925437095869630e-02
-5.321014769674089484e-01
-2.058017137702732868e-01
-8.661568671387578910e-03
1.509750294128487380e-01
6.889565432959957048e-02
2.000132633870481125e-01
2.022139954110363236e-01
7.771351585939109685e-02
-3.503030147312104214e-03
-1.516708229999177149e-01
-1.349854953823841353e-01
-4.435340134362061176e-02
2.318260986337112584e-01
5.657648700360500688e-02
-3.161899931386530360e-02
-8.248182733842396308e-02
-2.708945591499430927e-01
-3.352304043620066287e-02
2.169098385804396623e-01
1.051678388097339600e-01
2.881905819696359977e-02
4.949799031579679709e-02
-8.217103083186967638e-02
1.126495480245401082e-01
2.184926494920375606e-01
-2.409766477395917372e-01
-3.548801466951769790e-01
-2.225466689569389755e-01
-6.181774650790446135e-02
1.532856809221404548e-01
-1.657445564357988843e-01
5.052445140127216627e-02
-2.852066140896087898e-01
-1.851687281521348094e-01
-1.382104214702258860e-01
7.528078189906223239e-02
-8.844362949901618531e-02
-1.481211873133710388e-01
8.236067312487120595e-02
1.194025025754308772e-01
1.121069994276933379e-01
2.536986045878800167e-01
1.516169665733431426e-01
1.909183292902745521e-02
3.169998076768738848e-02
-2.852700352005072548e-01
2.455962586589490737e-01
3.451735131828474745e-02
-1.430567381114882242e-01
4.932608976955328572e-02
-3.403068806755465414e-01
7.156575201956114074e-02
-4.507389440000800773e-01
-3.809719706903065550e-02
-1.097759604362114894e-01
1.143665405197703266e-01
3.327206171970656379e-02
-1.104378404359919047e-01
-1.029536542628198131e-01
2.821027365895477645e-01
6.854342307352376262e-02
-3.142946076180193615e-01
2.415853323857972135e-01
-7.159784314797990046e-02
-2.925347790683208160e-05
9.785997476000747597e-02
1.768835201863047935e-01
1.355521482470671280e-01
-1.233889265317205108e-01
-2.693134051086655267e-01
6.310727944189538363e-02
-2.263237589037445652e-01
2.253571694627296007e-01
-2.451905988340351977e-02
-3.880582908809457332e-02
3.680839745775935090e-02
1.713667664754288666e-01
2.821111466597183148e-01
9.762316231314001336e-02
-1.643027921098441091e-01
4.961810138579312857e-01
4.989432971763627794e-02
-2.212329564985886232e-01
8.843237134586305614e-02
-3.686425522492288442e-02
9.240794496170692818e-02
1.154307520386729791e-01
1.049492371821664077e-01
9.260943311184963167e-02
7.084816640492198891e-02
1.741853827424836298e-01
-2.336372282992167648e-01
6.482509688741279474e-02
-3.214828747519730689e-01
-7.335043556372788931e-02
1.592396554743468751e-01
-2.505273207676652486e-02
1.283884161677673885e-01
3.453856335170495395e-01
-2.256092589351939293e-01
-5.336836720688384328e-02
1.215892709075352129e-01
-1.552964578463769674e-01
1.140610058848353092e-01
-1.616047420546781188e-01
1.092157154100019956e-01
2.364434830647147989e-01
2.291969045358602242e-02
1.552432137427212366e-01
1.482335648304990983e-01
2.359115730778007514e-01
2.251218403051015449e-01
-2.474177583058640717e-01
-8.761072161853176998e-02
-4.218089112818959041e-01
6.195728620463941683e-02
5.536267333225163706e-02
1.930753470243631587e-01
4.225763238052467063e-03
-6.208594230125503988e-02
-2.734966895266984777e-01
-2.808151228703498203e-02
1.347692815944959710e-01
-1.282308275653701868e-01
7.477171142450349250e-02
1.041584930635581357e-02
1.665604307013335283e-01
1.018335094242230621e-01
7.644566096950025647e-02
1.047111186144410039e-01
-4.244229684857813573e-02
3.110772130547911352e-01
-6.878767706463699561e-02
-4.252628505042758966e-02
-7.857600599211898851e-02
-1.412844979698240633e-01
1.510502030259330830e-01
2.951835655131327396e-01
2.946434572585258094e-01
-2.397345806714845096e-01
2.046078656391277228e-01
-4.120769963483094100e-01
-1.388240895325517921e-01
1.350540118628101305e-01
5.127296608907275233e-03
-2.968733738977631931e-01
-2.429750716192785320e-01
2.394808830715291353e-02
-1.055067463799305993e-01
-1.444977471714382344e-01
-1.643568804198113908e-01
5.164627777712257894e-02
-1.584905395917378390e-02
4.750429914302052581e-02
3.518551766190798347e-01
1.469107260573219997e-03
-4.173910774754560071e-01
-2.640859042594633777e-01
7.443109036658228372e-02
4.255604721234640397e-02
2.680657548095257137e-01
5.719149380707712338e-02
8.447496998011241875e-02
-4.249889595497157724e-01
3.150145737904652687e-02
-3.263700234098707714e-02
-6.628001333602165368e-02
2.458742275359019902e-01
-1.754938929979949214e-01
9.641829406484260512e-02
2.971660380528577672e-02
-8.898449407782459825e-03
4.103420108141787592e-01
-6.344905836846663483e-02
-3.448255925508963982e-02
9.218004612879732163e-02
7.382546597537424649e-02
1.746949784067399203e-01
-1.616400213729134172e-01
-8.795577052561531772e-02
-5.620594762783522047e-02
2.924518417339874721e-01
3.189590938394236130e-01
2.987135727379265915e-01
-1.940482212653826533e-01
-2.236841705420807846e-01
-2.465660008127285377e-02
1.648007349387868026e-01
-2.308414989501968717e-01
-1.991678497476900567e-01
-1.279632225882094687e-01
1.820802074614129018e-01
1.050528690546193855e-01
-1.045807119898486265e-02
5.716967551695530808e-02
1.791488059761768004e-01
2.157061066376979586e-01
-1.409186492742684205e-01
-1.890069087840387796e-01
-1.614788702287073274e-01
-2.780580672263265052e-02
-1.423963343812962301e-01
-8.410786193156682966e-02
1.278393569829960885e-01
2.109104181813024337e-01
1.928186869794954461e-01
1.975663663176490947e-01
-1.735694058661407801e-02
1.736521702386271682e-01
-1.069352752607525825e-01
1.360364137033268361e-01
-2.418503501421471191e-01
1.602724126957101869e-01
2.084113966162669807e-01
-9.000209606928552541e-02
-1.280213740338446704e-01
1.413475184341600466e-01
1.309728449667726113e-01
1.066060339501452570e-01
-4.075352875790558826e-01
2.457170686862218123e-01
-6.718946935081186733e-02
1.825163623193023221e-01
3.780467157529112110e-01
-3.954315590267838965e-01
-4.079693367227027467e-02
3.059070223882889156e-02
7.297877058474510070e-01
1.446136629157250553e-01
1.115651689393112045e-01
-4.211827992982973556e-02
-4.432612321533711819e-02
3.994648681726757633e-02
-1.412921226063685587e-01
