Generation: 0 71.9532 3.3650 10.6675 23.6759
Generation: 1 71.9532 3.3650 8.6000 22.9033
Generation: 2 71.9532 3.3650 9.8441 23.2012
Generation: 3 71.9532 3.3650 12.8505 25.2344
Generation: 4 71.9532 3.3650 13.5159 24.7908
Generation: 5 71.9532 3.3650 18.7818 27.1444
Generation: 6 71.9532 3.3650 29.5880 29.4942
Generation: 7 49.3594 3.5750 41.8589 27.4179
Generation: 8 69.9853 3.5650 48.1544 28.8348
Generation: 9 71.9532 3.3650 48.6769 30.9161
Generation: 10 71.9532 3.3650 57.0193 26.6632
Generation: 11 71.9532 3.3650 60.2549 22.8895
Generation: 12 72.1143 3.5150 64.4190 19.8159
Generation: 13 71.9532 3.3650 59.7059 24.3268
Generation: 14 71.9532 3.3650 66.9021 15.0605
Generation: 15 68.9794 4.5600 67.9443 16.3143
Generation: 16 71.9532 3.3650 67.1135 17.1265
Generation: 17 74.3926 3.5150 67.7144 14.5219
Generation: 18 75.1052 4.0050 65.6403 17.7492
Generation: 19 65.3237 3.4250 68.7104 13.1477
Generation: 20 71.9532 3.3650 68.1072 12.3919
Generation: 21 74.4040 3.5000 69.1993 11.9407
Generation: 22 71.9532 3.3650 69.1604 13.5874
Generation: 23 71.9532 3.3650 66.9611 17.5296
Generation: 24 71.9532 3.3650 70.7311 5.3713
Generation: 25 71.9532 3.3650 70.3698 8.9003
Generation: 26 71.9532 3.3650 70.6877 8.2924
Generation: 27 71.9532 3.3650 69.3120 13.6853
Generation: 28 67.5486 3.4600 71.0656 4.4043
Generation: 29 71.9532 3.3650 69.6069 11.7163
Generation: 30 71.9532 3.3650 69.3427 12.7506
Generation: 31 71.9532 3.3650 70.2526 9.1449
Generation: 32 71.9532 3.3650 68.8950 13.9926
Generation: 33 71.9532 3.3650 68.2141 15.1040
Generation: 34 71.9532 3.3650 70.4504 9.0099
Generation: 35 71.9532 3.3650 66.8760 14.9734
Generation: 36 71.9532 3.3650 68.4884 12.6737
Generation: 37 51.5686 3.5450 69.8749 7.0492
Generation: 38 71.9532 3.3650 69.5472 10.5571
Generation: 39 71.9532 3.3650 69.4110 10.0129
Generation: 40 51.5285 3.4850 69.4321 13.4199
Generation: 41 71.9532 3.3650 70.7404 5.5299
Generation: 42 71.9674 3.3800 70.8154 5.1945
Generation: 43 67.7342 3.5450 69.4793 7.8639
Generation: 44 47.6108 4.0500 68.8465 10.5945
Generation: 45 71.9532 3.3650 69.5253 7.5584
Generation: 46 71.9532 3.3650 70.3742 6.2796
Generation: 47 71.9532 3.3650 69.5113 10.1673
Generation: 48 56.0926 3.4850 69.9678 6.5889
Generation: 49 71.9532 3.3650 68.2405 11.3498
Generation: 50 71.9532 3.3650 69.0165 10.4452
Generation: 51 71.9532 3.3650 69.5237 9.6619
Generation: 52 71.9532 3.3650 69.2678 12.3406
Generation: 53 71.9532 3.3650 71.9092 0.3080
Generation: 54 71.9532 3.3650 69.3167 8.7639
Generation: 55 49.3121 3.5300 71.3356 3.6421
Generation: 56 67.1915 3.3800 70.7654 8.1013
Generation: 57 71.9532 3.3650 71.1962 7.7600
Generation: 58 71.9532 3.3650 71.4402 3.6002
Generation: 59 71.9532 3.3650 71.9532 0.0000
Generation: 60 71.9532 3.3650 71.9532 0.0000
Generation: 61 71.9532 3.3650 71.4851 5.1343
Generation: 62 71.9532 3.3650 70.8930 8.2160
Generation: 63 71.9532 3.3650 69.6150 13.2955
Generation: 64 71.9532 3.3650 69.7541 10.4289
Generation: 65 71.9532 3.3650 69.3540 12.6181
Generation: 66 55.9500 3.4400 69.4229 11.7406
Generation: 67 71.9532 3.3650 70.6754 6.6796
Generation: 68 71.9532 3.3650 71.2381 4.1968
Generation: 69 71.9532 3.3650 71.4248 3.5827
Generation: 70 71.9532 3.3650 70.8930 8.2160
Generation: 71 71.9532 3.3650 71.6935 2.8040
Generation: 72 71.9532 3.3650 71.4967 3.0503
Generation: 73 71.9532 3.3650 71.6046 2.8692
Generation: 74 71.9532 3.3650 71.8188 0.9407
Generation: 75 71.9532 3.3650 71.7181 2.3389
Generation: 76 71.9532 3.3650 71.4472 3.5635
Generation: 77 71.9532 3.3650 71.9514 0.0179
Generation: 78 71.9532 3.3650 71.9548 0.0157
Generation: 79 53.8190 3.5600 71.7718 1.8043
Generation: 80 71.9532 3.3650 70.5725 5.9257
Generation: 81 71.9532 3.3650 71.6879 2.0708
Generation: 82 71.9532 3.3650 71.4446 3.5798
Generation: 83 71.9532 3.3650 71.6723 2.7940
Generation: 84 71.9532 3.3650 71.9532 0.0001
Generation: 85 71.9532 3.3650 71.6732 2.7853
Generation: 86 71.9532 3.3650 71.2605 4.1171
Generation: 87 71.9532 3.3650 71.9532 0.0000
Generation: 88 71.9532 4.1011 71.6724 2.7940
Generation: 89 71.9532 4.8372 71.9532 0.0000
Generation: 90 71.9532 5.5733 71.9532 0.0000
Generation: 91 71.9532 6.3094 71.8866 0.6621
Generation: 92 71.9532 7.0455 70.9163 8.2193
Generation: 93 71.9532 7.7816 71.3949 3.9079
Generation: 94 71.9532 8.5177 71.9528 0.0035
Generation: 95 71.9532 9.2538 71.7288 2.2327
Generation: 96 71.9532 9.9898 71.9743 0.2222
Generation: 97 71.9532 10.7259 71.9532 0.0000
Generation: 98 71.9532 11.4620 71.9532 0.0000
Generation: 99 71.9532 12.1981 71.8851 0.6680
Generation: 100 71.9532 12.9342 71.9532 0.0000
Generation: 101 53.7589 14.0969 71.1695 4.3233
Generation: 102 71.9532 14.4064 71.2714 4.9131
Generation: 103 71.9532 15.1425 71.6049 2.8687
Generation: 104 71.9532 15.8786 71.8858 0.6706
Generation: 105 65.2192 16.6888 71.1930 6.6632
Generation: 106 71.9532 17.3508 71.2807 3.9845
Generation: 107 71.9532 18.0869 71.3821 3.6027
Generation: 108 71.9532 18.8230 71.3512 3.5260
Generation: 109 71.9532 19.5591 71.4365 3.9635
Generation: 110 71.9532 20.2952 71.7550 1.9717
Generation: 111 71.9532 21.0313 71.9317 0.2137
Generation: 112 71.9532 21.7673 71.9532 0.0000
Generation: 113 71.9532 22.5034 70.6140 8.6444
Generation: 114 71.9532 23.2395 71.5487 2.8339
Generation: 115 71.9532 23.9756 71.9532 0.0000
Generation: 116 71.9532 24.7117 71.1738 7.7550
Generation: 117 71.9532 25.4478 71.9532 0.0000
Generation: 118 71.9532 26.1839 71.4847 4.6610
Generation: 119 53.8362 28.3600 70.1682 10.7513
Generation: 120 71.9532 26.9200 70.7355 8.2710
Generation: 121 71.9532 26.9200 69.1014 13.4781
Generation: 122 62.9510 26.9200 68.7900 12.8207
Generation: 123 71.9532 26.9200 66.8083 17.9008
Generation: 124 71.9532 26.9200 69.4792 12.2554
Generation: 125 71.9532 26.9200 71.2175 7.3083
Generation: 126 71.9532 26.9200 71.1511 7.3326
Generation: 127 71.9532 26.9200 71.6050 2.8678
Generation: 128 71.9532 26.9200 71.1107 4.7902
Generation: 129 71.9532 26.9200 71.6970 2.5594
Generation: 130 71.9532 26.9200 71.6724 2.7940
Generation: 131 71.9532 26.9200 71.8845 0.6715
Generation: 132 71.9532 26.9200 71.8857 0.6715
Generation: 133 71.9532 26.9200 71.9532 0.0000
Generation: 134 71.9532 26.9200 71.9532 0.0000
Generation: 135 71.9532 26.9200 71.9532 0.0000
Generation: 136 71.9532 26.9200 71.5075 3.8153
Generation: 137 71.9532 26.9200 71.9532 0.0000
Generation: 138 71.9532 26.9200 71.0382 4.7493
Generation: 139 71.9532 26.9200 70.8270 5.5362
Generation: 140 71.9532 26.9200 70.2359 6.2450
Generation: 141 71.9532 26.9200 70.7435 5.5383
Generation: 142 51.4230 27.1600 69.7575 7.1372
Generation: 143 49.2574 27.8000 70.4872 5.5015
Generation: 144 47.0786 28.3600 68.6166 8.7013
Generation: 145 53.8760 28.7200 69.9985 6.4611
Generation: 146 49.3693 28.3200 68.2648 9.2064
Generation: 147 65.2202 27.0400 66.7248 10.2831
Generation: 148 71.8383 26.9200 68.0956 9.3630
Generation: 149 76.4163 27.0400 69.3965 7.9548
Generation: 150 71.9532 26.9200 70.9191 4.7435
Generation: 151 71.9532 26.9200 71.3895 3.9310
Generation: 152 78.7469 26.9200 70.8003 5.3517
Generation: 153 65.2469 27.0400 70.6105 5.5145
Generation: 154 45.1244 30.2800 71.1132 4.4445
Generation: 155 49.3451 28.0400 69.3438 7.6022
Generation: 156 71.9532 26.9200 68.9425 8.5044
Generation: 157 71.9532 26.9200 69.0676 7.4331
Generation: 158 56.0393 28.0400 69.7971 6.7911
Generation: 159 51.4818 27.6400 70.0840 6.7177
Generation: 160 53.9286 27.8000 71.3355 3.1348
Generation: 161 71.9532 26.9200 69.8303 7.0934
Generation: 162 49.3393 28.0800 71.1179 4.5487
Generation: 163 49.4150 29.0000 70.3370 5.8967
Generation: 164 71.9863 27.0400 68.3446 8.9599
Generation: 165 65.2192 27.0400 69.3070 7.5835
Generation: 166 49.2893 27.6800 69.5427 7.4890
Generation: 167 51.3791 27.0400 69.0303 7.8504
Generation: 168 58.4377 29.2400 69.3182 7.5198
Generation: 169 65.2192 27.0400 68.5621 8.6481
Generation: 170 65.4597 28.2400 68.0214 9.0423
Generation: 171 71.9532 26.9200 68.6735 8.6031
Generation: 172 72.0006 27.0400 68.7380 8.7148
Generation: 173 49.3098 28.2000 71.1479 4.4005
Generation: 174 74.1019 27.0400 70.0667 6.4262
Generation: 175 45.4288 31.7200 70.4624 6.6339
Generation: 176 71.9532 26.9200 70.2895 6.6948
Generation: 177 71.9532 26.9200 69.3807 8.2083
Generation: 178 71.9532 26.9200 71.6259 2.9529
Generation: 179 65.2192 27.0400 70.4341 5.8592
Generation: 180 65.2516 27.0400 71.1507 4.0443
Generation: 181 71.9532 26.9200 70.6132 5.8418
Generation: 182 71.9592 27.4000 71.0262 4.5723
Generation: 183 65.3016 27.4000 70.7539 5.5269
Generation: 184 56.2799 29.8000 69.8419 6.5849
Generation: 185 58.3877 28.8400 69.4597 7.6772
Generation: 186 74.1206 27.1600 70.6289 5.9493
Generation: 187 65.2192 27.0400 69.0052 8.2412
Generation: 188 71.8782 27.0400 69.7517 7.1732
Generation: 189 76.4478 27.0400 69.7864 9.1910
Generation: 190 62.6933 27.9200 70.7765 5.0764
Generation: 191 51.6150 28.8400 68.2972 8.9771
Generation: 192 49.3710 28.8800 70.1243 8.8838
Generation: 193 71.9532 25.9963 71.1667 4.5516
Generation: 194 71.8533 25.1843 67.8753 10.4701
Generation: 195 60.5892 25.3329 69.9624 6.8541
Generation: 196 60.5156 24.9851 66.4279 14.6045
Generation: 197 58.2719 23.1298 66.1028 15.2494
Generation: 198 49.2063 21.7588 66.1698 15.6646
Generation: 199 58.1673 20.6363 70.2414 8.7388
Generation: 200 49.2051 19.8784 68.1213 9.4331
Generation: 201 53.7960 19.5188 68.3060 9.8378
Generation: 202 49.2436 18.1820 66.5687 11.3509
Generation: 203 53.8500 17.8796 66.7137 14.3604
Generation: 204 67.3997 15.9059 65.0348 12.9327
Generation: 205 51.5705 15.7757 67.7821 11.3808
Generation: 206 73.8310 14.1125 64.8762 11.3391
Generation: 207 56.0706 13.7047 65.0218 10.8280
Generation: 208 74.1392 12.1945 67.3220 10.0739
Generation: 209 83.5270 19.5667 67.5784 9.7073
Generation: 210 51.5400 11.7667 69.1138 7.8904
Generation: 211 53.7450 11.6167 68.4440 8.8606
Generation: 212 51.5400 11.7667 65.0998 12.0914
Generation: 213 65.2456 11.2667 66.7817 10.3793
Generation: 214 62.7056 11.8667 66.0664 11.3089
Generation: 215 71.8533 11.2667 68.0716 11.0534
Generation: 216 67.4722 11.4333 68.4672 8.5671
Generation: 217 76.4761 11.8000 67.9587 9.0400
Generation: 218 71.8528 11.2667 66.6548 9.7279
Generation: 219 71.8541 11.2667 66.6845 11.6720
Generation: 220 65.5932 12.3833 68.6196 8.6975
Generation: 221 65.2192 11.2667 64.2749 12.4404
Generation: 222 71.8541 11.2667 65.2776 10.6452
Generation: 223 49.2101 11.4333 67.0390 10.6588
Generation: 224 49.2606 11.7000 67.9112 11.0707
Generation: 225 49.3063 11.7500 64.9801 11.9690
Generation: 226 49.2972 11.8167 65.7543 11.7170
Generation: 227 49.2780 11.6500 66.0863 9.9676
Generation: 228 58.2378 11.7667 65.2577 10.5083
Generation: 229 60.5014 12.0167 62.6429 14.2197
Generation: 230 64.9985 11.9167 67.2194 10.1452
Generation: 231 51.5901 11.8667 62.4023 12.3566
Generation: 232 49.2930 11.7000 63.4488 11.4866
Generation: 233 69.9890 11.8167 65.6557 10.2920
Generation: 234 49.3413 11.8667 63.2139 12.6073
Generation: 235 49.3407 11.8667 62.9761 11.5471
Generation: 236 51.5700 11.8667 61.7039 13.4824
Generation: 237 53.8806 11.9667 63.4617 11.2146
Generation: 238 65.1838 12.4167 60.8358 11.6180
Generation: 239 58.3855 11.8667 61.9721 11.6026
Generation: 240 49.4700 12.2667 63.3695 11.4205
Generation: 241 51.5884 11.8667 62.2233 13.9401
Generation: 242 56.1097 11.9000 62.6413 11.4951
Generation: 243 51.6330 12.0167 64.6093 11.4786
Generation: 244 49.3690 11.9667 61.0805 11.7038
Generation: 245 58.4273 12.0667 59.4117 11.6531
Generation: 246 49.3401 11.8667 61.1713 11.6548
Generation: 247 49.3263 11.8167 59.5557 12.1144
Generation: 248 58.3008 12.0167 61.6689 11.1600
Generation: 249 51.5897 11.8667 60.7593 11.5000
Generation: 250 49.4162 12.0833 59.2048 11.5845
Generation: 251 49.5000 12.3667 63.4727 10.7476
Generation: 252 49.3724 11.9667 60.4883 11.0638
Generation: 253 49.5024 12.3667 59.2098 11.5134
Generation: 254 51.6365 12.0167 62.8715 11.1603
Generation: 255 49.3101 11.8667 59.4693 11.7299
Generation: 256 49.3574 11.9167 57.8869 11.4364
Generation: 257 49.3407 11.8667 59.7347 11.4955
Generation: 258 51.6505 12.3667 63.0481 10.7201
Generation: 259 58.3816 12.3667 59.0484 11.2577
Generation: 260 51.8077 12.5667 60.6527 11.5811
Generation: 261 49.5174 12.4167 59.6202 11.2261
Generation: 262 56.2609 12.4667 60.4358 11.4809
Generation: 263 58.4466 12.5667 58.4640 11.0177
Generation: 264 56.1214 12.4167 57.3320 10.8992
Generation: 265 58.4149 12.5667 62.0881 11.0538
Generation: 266 51.7916 12.5167 61.1957 11.2632
Generation: 267 56.2690 12.5667 62.5868 10.7790
Generation: 268 54.0260 12.4167 60.7505 10.8276
Generation: 269 56.2817 12.4167 63.6303 10.2709
Generation: 270 58.4424 12.5667 61.7476 10.8020
Generation: 271 58.3999 12.5167 60.2046 10.9413
Generation: 272 56.1049 12.3667 61.4796 10.6402
Generation: 273 51.7179 12.4167 60.1009 10.4552
Generation: 274 58.4021 12.5167 61.7762 10.6810
Generation: 275 58.4109 12.4667 61.4357 10.9951
Generation: 276 58.3999 12.5167 60.6653 10.5225
Generation: 277 58.3714 12.4167 64.2121 9.3426
Generation: 278 58.4149 12.5667 61.8044 10.0451
Generation: 279 58.4136 12.4667 61.5767 10.1111
Generation: 280 58.3999 12.5167 60.5219 10.7335
Generation: 281 60.6506 12.5167 62.5014 9.7785
Generation: 282 58.3706 12.4167 60.9348 10.3088
Generation: 283 62.8699 12.4167 60.1890 10.1918
Generation: 284 58.4042 12.4167 62.8044 9.6264
Generation: 285 58.4149 12.5667 62.1761 10.9075
Generation: 286 56.1214 12.4167 62.0248 9.8685
Generation: 287 56.1499 12.5167 62.0200 10.5057
Generation: 288 58.4006 12.5167 61.3046 10.0027
Generation: 289 51.7479 12.5167 60.8181 11.2520
Generation: 290 58.3721 12.4167 63.6704 9.5041
Generation: 291 62.9110 12.4167 61.2203 10.1773
Generation: 292 58.4141 12.5667 62.0344 9.9696
Generation: 293 58.4021 12.5167 61.4246 10.2179
Generation: 294 56.1199 12.4167 62.3681 10.0186
Generation: 295 56.1514 12.5167 62.8797 9.4382
Generation: 296 56.1206 12.4167 62.4115 10.1426
Generation: 297 58.4149 12.5667 61.6609 10.2574
Generation: 298 54.0129 12.5667 62.0741 9.9283
Generation: 299 58.3999 12.5167 60.4241 10.1691
