-1.670229684473631293e+00
1.085393015355324620e+00
-1.350249678733902670e+00
-6.136451759428034336e-01
1.204017640168233289e-01
-4.896208205245696221e-01
1.291101349810215293e+00
-5.103826195785276382e-02
5.469492365561400282e-01
-3.255291535357223709e-01
-1.480490897498302205e-01
2.659827552108030013e-01
1.082493889889654337e+00
-2.456336411211930582e+00
6.003925139767184449e-01
9.538455405850563285e-01
2.452795231324640390e+00
-4.928942196208406790e-01
2.148514681281010752e-01
-3.844424579061292424e-02
-4.093269793833335113e-01
-5.563106409551628329e-02
8.082447314944773975e-02
-4.608425701971290422e-01
-1.330941984794572708e+00
7.884968680839465893e-01
-7.283643459108027907e-01
8.673440478589844460e-01
-8.894908595095696313e-01
2.523928554110571598e-01
1.403556627692620795e+00
-6.886351568644736298e-01
-5.355767542985661045e-01
1.185136349481180851e+00
1.246154020630025450e+00
-6.907127548250553417e-01
4.678159788564821842e-01
3.264180116707364465e-02
2.724455090548745795e-01
8.397454695652655232e-01
2.363398012899482481e-01
-1.586821597513148885e-01
-1.093310450922641008e+00
4.198355107033834299e-01
-6.200848171156121413e-01
3.714036363398481866e-01
7.430640879513927821e-01
4.122636946743760133e-02
3.205592470357340185e-01
-5.489036042329845794e-02
3.894011501037761280e-01
-5.473670535627905842e-01
-8.843927955485516579e-01
1.761448937730117903e-01
-8.615875942174076041e-01
1.092859520734152490e+00
5.538109203645114054e-01
-1.856467298510908748e-01
1.240859096847424903e+00
-3.099855705097267489e-01
-3.711778843495277536e-01
7.143395938216671182e-01
-1.383005017254709257e-01
2.093700864863487499e-01
7.713250432074019169e-01
-6.241049761946515506e-01
-7.689951563797337020e-01
1.425611340642904123e-01
4.275876015488060400e-01
1.458313939020131844e+00
2.763960657651391428e-01
-1.732726707207440653e-01
-2.567132859765895447e-01
-6.690051229642625108e-01
-2.494679612489709708e-01
1.002443135239968086e+00
1.761334493368627019e+00
5.164851080898953395e-01
2.723417546802520128e-02
1.173554203406992902e-01
4.568412276599392863e-01
8.440918105586658893e-02
-8.891907624793461418e-01
-2.733127026825962202e-01
5.631776510475827724e-01
1.214767145474517696e+00
3.430363222490760977e-01
-8.781007076097315789e-01
-7.688430157917621743e-01
-2.325419979904834455e-01
-3.513250930753070156e-01
-4.188648929805319221e-01
1.775130196560124329e-01
1.808492683337176443e-01
5.187416050071959051e-01
9.939489242550836323e-03
-6.730511226346376219e-01
4.513720927953270845e-01
7.636049492120332571e-01
1.598600885741799260e+00
-8.717417801845495084e-01
1.280286687741910345e+00
8.497138641621376776e-01
8.902413707166687562e-01
-3.677459036523924585e-01
-1.105433507704145724e+00
-6.416676140671149220e-01
-4.822368979555100715e-02
-1.491130579668520806e+00
6.238763018129309668e-01
6.803563238199460406e-01
-1.766165767013407606e-01
3.201720901586240231e-01
2.165092023134921106e+00
-1.463224700838543502e+00
-4.662883520372832491e-01
-8.199105752492918953e-01
-3.515983760124885560e-01
-1.624537334645598463e+00
2.410069009363456360e-01
-8.692892348388634449e-01
-1.313952917635312079e-01
-1.039211038500704953e+00
-4.160549704126846327e-01
1.763174543302028774e-01
-1.383830492078976238e-01
-3.566756539519210789e-01
-1.734253771136147759e-01
3.332987463225362545e-01
6.247345338808827364e-01
-2.214493859286138511e-01
6.269538954039854950e-02
-6.483698235797853426e-01
-1.117420374960584883e+00
5.735061596903463510e-01
1.521245101521926157e+00
1.086047595649014763e+00
2.878721149087311582e-01
4.564007355795104415e-01
-8.397242908563444796e-01
6.538930541178459288e-01
-3.876116612851520649e-01
8.935595237879272457e-01
-3.434278341545791979e-02
-1.586835368451747552e+00
-7.224607467237267322e-01
-6.224749441633304903e-01
6.688308917957584976e-01
-9.327984372249176204e-01
-1.491094348150921789e+00
-5.889835613424223570e-01
7.170667175675764227e-02
1.576468256150502789e-01
-2.608301335628029904e-01
1.153258582949348243e+00
1.328436926034759269e+00
-2.211797901370001207e-01
4.529366090827764424e-01
-2.995204130456049496e-01
4.168694816062604169e-01
-5.871052734670918483e-01
-4.016290525623530394e-01
-5.469765174190350798e-01
-5.673541736484757347e-01
1.272472036349183711e+00
-9.276942248817797720e-01
-1.002917199691469585e-01
-1.695999854384750538e+00
6.970260994128034682e-01
-3.906716416123324209e-01
-1.065698772355218260e+00
6.753098680159456135e-01
5.519693170531663196e-01
3.227834890518065936e-01
2.131036615125279643e-01
-1.311033156303489156e+00
-6.553090355573324421e-01
-2.200180512112624776e+00
7.990602705641572379e-02
2.130649078841566624e+00
8.545910541777200775e-01
-5.007816052737866785e-01
-4.634286593324368209e-01
-1.278948146482525638e+00
6.756395937732618817e-01
-1.724243877272894743e+00
9.469381614796189561e-01
-1.044565309743728798e-01
-9.725638459487737641e-01
-1.937281211220192034e+00
-9.107537809958106134e-01
8.586181994678614426e-01
1.959505733907895841e-02
1.411705991742944422e+00
-5.597259550332432942e-01
1.054399760824565463e-01
-1.536218519833376428e+00
-1.079661337983631286e+00
-1.070136671382533988e+00
-1.273951510931037756e+00
8.265425221575575243e-01
4.055885548646961936e-01
-5.925088180143200933e-01
-9.501511962752375862e-01
-1.014356702466518573e-01
1.034651121656156691e+00
-9.900004956241523768e-01
4.600285942031396291e-01
3.672491242520693477e-01
5.643939228410246312e-01
-2.246821212639339205e+00
-4.776965721151410493e-02
7.380359859047740390e-01
-8.407691965655914590e-01
1.583422690841825020e-01
-9.794217826126340454e-02
4.276909896243941689e-01
9.834582736319199547e-01
4.544459343112646765e-01
-2.887962304596345398e-01
-9.306919055281412390e-02
-4.268119633295741622e-01
-3.923371060906101770e-01
7.639243855593293997e-01
9.360806449774949911e-01
2.620771400081027824e-01
-1.074954883264107819e+00
9.291143537941790598e-01
-1.619326886051959957e-01
-8.988138715762782061e-02
-3.382309072913227133e-01
-1.095980016512768440e+00
-2.437202522666941928e-01
1.178156564500937531e+00
1.552089132522772141e+00
7.677985851098354519e-01
-1.149879834040957505e+00
-3.783854657434983504e-01
-4.373130542621336270e-01
-8.056916898343005062e-01
-8.203165931243765474e-01
3.784052814193489267e-01
1.297783595431977632e+00
1.828344168451635721e+00
-1.470085032991975460e+00
-4.603317216224465241e-02
-1.528338266274505419e-01
1.420067686269526952e+00
3.470460408451401246e-01
-2.790889410620516209e+00
-6.333671651328309782e-01
-5.338809315721393389e-03
1.061962454990237559e+00
-1.324819348072230119e+00
-9.715488790079973569e-01
1.914885826471233177e-01
-1.830331560654657519e+00
-6.885738679689599184e-01
8.070520812074161165e-01
-6.354941247684664507e-01
1.766925694754111764e-01
-1.341973082622211766e-01
5.358207364329735656e-01
3.024783934299959953e-01
1.115748088616694611e+00
