Generation: 0 71.9532 102.8126 9.2646 21.9230
Generation: 1 56.1608 109.9912 27.0591 28.3494
Generation: 2 74.2595 104.9069 49.7587 19.7051
Generation: 3 71.9565 102.8161 51.6331 24.5686
Generation: 4 71.9576 102.8179 59.4316 24.1794
Generation: 5 68.5335 139.6485 59.2703 24.1645
Generation: 6 83.1487 136.1218 62.8484 21.6798
Generation: 7 75.0854 128.5012 63.7799 17.7416
Generation: 8 70.3065 124.3101 64.5075 19.5694
Generation: 9 72.1135 102.9713 67.3744 15.3045
Generation: 10 71.9548 102.8143 68.8532 12.3241
Generation: 11 71.9598 102.8195 71.4186 3.3208
Generation: 12 71.9598 102.8195 68.3798 14.2168
Generation: 13 71.9674 102.8274 67.0275 13.8216
Generation: 14 74.2182 104.8614 64.9408 17.1323
Generation: 15 71.9581 102.8178 68.7784 10.6646
Generation: 16 71.9581 102.8178 68.9284 12.2437
Generation: 17 74.1682 104.8108 67.9756 14.2386
Generation: 18 71.9598 102.8195 70.2961 9.0299
Generation: 19 71.9556 102.8152 69.1353 10.5486
Generation: 20 74.3816 105.0247 69.1663 8.5441
Generation: 21 76.3395 129.9613 70.8399 5.5470
Generation: 22 72.1532 103.0126 70.5898 8.6379
Generation: 23 72.1874 103.0480 71.0788 4.7545
Generation: 24 74.5939 105.2142 69.1007 10.7243
Generation: 25 74.2162 104.8637 67.8929 10.1783
Generation: 26 76.5245 106.9556 67.3711 12.3928
Generation: 27 74.2571 104.8928 66.9619 10.8346
Generation: 28 78.6045 132.0101 68.1475 9.6991
Generation: 29 74.4407 105.0842 68.6106 9.0522
Generation: 30 55.8028 109.7553 66.2250 11.0532
Generation: 31 76.2786 129.9006 63.7953 13.5015
Generation: 32 71.1636 123.9875 65.1737 11.8748
Generation: 33 56.4931 110.4333 62.8391 13.6539
Generation: 34 68.2968 139.2295 63.9585 13.1794
Generation: 35 78.5887 131.9941 62.2885 13.2306
Generation: 36 85.7270 155.2708 60.0104 14.7050
Generation: 37 80.7745 133.9619 61.5589 14.3472
Generation: 38 83.0308 136.0050 62.4861 14.1582
Generation: 39 73.2351 125.7833 65.0475 11.6586
Generation: 40 68.2104 139.1389 64.9280 12.2271
Generation: 41 87.5343 140.0436 64.5143 13.0960
Generation: 42 68.3102 139.2133 63.3289 13.0874
Generation: 43 69.0183 139.9435 67.2937 10.4302
Generation: 44 76.6721 107.0921 63.0680 13.0993
Generation: 45 72.9271 143.6752 64.7406 11.4684
Generation: 46 86.1273 155.6434 66.5758 11.7738
Generation: 47 89.9133 182.1939 61.6166 14.0400
Generation: 48 68.8614 139.8045 63.3035 13.0714
Generation: 49 66.7742 137.8411 65.0036 12.2514
Generation: 50 68.2178 139.1880 63.9856 12.2548
Generation: 51 87.7010 140.2110 64.4606 14.6734
Generation: 52 86.0707 155.6217 62.6615 14.0887
Generation: 53 68.7021 139.6097 64.1383 13.1799
Generation: 54 86.3772 155.9140 61.5995 18.9016
Generation: 55 85.8653 155.4184 66.7872 12.8090
Generation: 56 84.2850 154.0198 63.5948 13.1618
Generation: 57 89.9514 182.2239 63.5101 13.4558
Generation: 58 90.9073 183.1840 65.1901 13.2182
Generation: 59 87.1172 156.6021 63.7523 15.3664
Generation: 60 86.3797 155.8834 63.3137 17.1727
Generation: 61 86.8443 156.3778 63.9325 17.1281
Generation: 62 90.2491 182.5582 61.8258 17.6506
Generation: 63 86.4174 155.9135 66.4880 15.6950
Generation: 64 86.6580 156.1700 61.5085 18.0378
Generation: 65 90.9573 183.2340 63.2466 15.7255
Generation: 66 90.2173 182.4940 62.5664 18.4506
Generation: 67 90.5628 182.8398 64.2057 15.4298
Generation: 68 90.1991 182.5082 66.2632 13.9564
Generation: 69 90.2923 182.5690 63.4820 17.6784
Generation: 70 86.6612 156.1620 64.1785 16.2861
Generation: 71 90.2923 182.5690 66.0221 16.0248
Generation: 72 89.9418 182.2181 64.6153 17.9383
Generation: 73 90.3923 182.6690 64.5976 19.9656
Generation: 74 90.4150 182.6981 69.5593 16.8643
Generation: 75 90.3923 182.6690 67.5603 14.7641
Generation: 76 90.5642 182.8486 67.6250 19.7297
Generation: 77 90.5268 182.8031 66.1437 17.8350
Generation: 78 90.5842 182.8686 66.4942 15.1822
Generation: 79 90.7218 182.9981 66.9550 20.2641
Generation: 80 90.8940 183.1781 68.6418 17.2391
Generation: 81 90.3923 182.6690 63.9661 19.2975
Generation: 82 90.5042 182.7886 67.2162 18.1464
Generation: 83 90.6411 182.9299 67.8246 17.6617
Generation: 84 90.8651 183.1262 69.1603 17.8456
Generation: 85 90.3918 182.6681 64.8033 21.0640
Generation: 86 90.5223 182.7990 67.8852 16.2308
Generation: 87 90.5042 182.7886 68.7889 14.7640
Generation: 88 90.4892 182.7736 69.0009 16.4388
Generation: 89 90.4068 182.6831 68.3145 16.9675
Generation: 90 90.9483 183.2248 69.8620 16.6218
Generation: 91 90.7842 183.0686 68.6306 17.3998
Generation: 92 91.1307 183.4096 71.2760 17.5324
Generation: 93 90.5042 182.7886 66.9705 18.0728
Generation: 94 90.8754 183.1514 70.2771 16.4217
Generation: 95 90.5192 182.8036 69.5276 17.1853
Generation: 96 91.1403 183.4222 71.5684 14.4177
Generation: 97 90.8147 183.0963 71.0343 15.4261
Generation: 98 90.5778 182.8548 69.7736 16.9127
Generation: 99 90.8467 183.1295 71.8980 15.8320
Generation: 100 90.6228 182.8998 72.7066 13.8280
Generation: 101 90.6692 182.9536 72.6994 15.5757
Generation: 102 90.5042 182.7886 70.1720 15.0008
Generation: 103 90.6497 182.9313 71.3506 14.0986
Generation: 104 90.7111 182.9999 72.9712 13.9359
Generation: 105 90.6305 182.9089 74.0531 13.8256
Generation: 106 90.8924 183.1598 72.4831 14.9846
Generation: 107 91.0346 183.3425 70.3957 16.4604
Generation: 108 90.7097 182.9913 73.9394 14.8770
Generation: 109 91.3536 183.6535 69.9975 15.7548
Generation: 110 91.0342 183.3186 75.1779 14.2006
Generation: 111 90.5447 182.8263 75.8507 14.1686
Generation: 112 90.7611 183.0499 73.5143 15.2170
Generation: 113 90.9256 183.2056 72.1060 15.7230
Generation: 114 91.2382 183.5099 73.6911 15.3749
Generation: 115 90.8392 183.1236 73.3189 16.6693
Generation: 116 91.0995 183.4059 75.2126 14.6312
Generation: 117 90.5192 182.8036 74.4993 13.1775
Generation: 118 90.6197 182.9013 74.2363 13.6633
Generation: 119 90.4742 182.7586 71.3552 15.8910
Generation: 120 90.8224 183.1025 73.2501 15.5249
Generation: 121 90.6722 182.9466 75.0408 14.3956
Generation: 122 91.1420 183.4268 71.7723 15.9786
Generation: 123 90.8174 183.1045 73.6731 14.3999
Generation: 124 90.6018 182.8781 73.1930 16.4289
Generation: 125 90.9228 183.1998 72.3969 16.2584
Generation: 126 90.5928 182.8698 71.9878 16.1913
Generation: 127 91.1549 183.4060 73.4885 14.9913
Generation: 128 90.9482 183.2581 70.7390 15.8262
Generation: 129 90.6378 182.9148 69.4517 17.6206
Generation: 130 91.6431 183.9121 75.5181 13.7007
Generation: 131 90.8446 183.1237 73.6282 15.5201
Generation: 132 90.8147 183.0963 74.6923 14.8788
Generation: 133 90.6682 182.9695 73.0020 16.7665
Generation: 134 91.3680 183.6503 75.6191 14.7550
Generation: 135 90.6692 182.9536 75.4747 15.3544
Generation: 136 90.8896 183.1687 76.2545 14.8879
Generation: 137 90.5342 182.8186 77.1003 14.7203
Generation: 138 90.9451 183.2295 73.3326 16.1824
Generation: 139 91.3000 183.6066 75.1426 14.6847
Generation: 140 90.9692 183.2704 74.0835 14.7655
Generation: 141 91.3178 183.5884 75.2203 14.9276
Generation: 142 90.9183 183.1892 75.3960 13.9584
Generation: 143 90.8979 183.1712 77.6220 13.2769
Generation: 144 90.7445 183.0273 75.2749 14.8696
Generation: 145 90.6842 182.9686 72.5049 14.9774
Generation: 146 90.8461 183.1349 75.4997 14.0518
Generation: 147 90.9855 183.2681 76.5648 13.4765
Generation: 148 90.8594 183.1329 75.7454 13.3900
Generation: 149 91.0438 183.3207 76.4417 14.8705
Generation: 150 91.1637 183.4375 75.9144 15.2214
Generation: 151 91.3178 183.5884 76.3287 14.9971
Generation: 152 91.1637 183.4375 74.3717 15.4881
Generation: 153 90.7069 182.9725 73.4741 16.4041
Generation: 154 91.1353 183.4336 73.6969 15.3581
Generation: 155 90.9429 183.2162 77.0297 14.5271
Generation: 156 91.0833 183.3542 74.9435 15.1055
Generation: 157 91.2682 183.5695 76.5880 14.2837
Generation: 158 90.6842 182.9686 79.7370 11.8478
Generation: 159 90.7483 183.0289 78.3222 13.1322
Generation: 160 91.1622 183.4327 78.9363 13.9697
Generation: 161 90.6988 182.9756 76.8477 14.4795
Generation: 162 91.2144 183.4881 77.1400 14.9950
Generation: 163 90.9879 183.2577 77.5201 15.0458
Generation: 164 90.9489 183.2192 78.9362 13.0343
Generation: 165 90.7738 183.0506 80.1392 12.1343
Generation: 166 91.1586 183.4585 80.7458 12.1588
Generation: 167 90.8296 183.1087 79.2099 14.1446
Generation: 168 91.3533 183.6196 78.6867 15.1629
Generation: 169 90.6797 182.9613 78.0155 13.7696
Generation: 170 90.7984 183.0720 78.6571 14.7903
Generation: 171 91.1576 183.4536 77.4116 15.3678
Generation: 172 91.1733 183.4685 78.0293 13.4234
Generation: 173 91.2797 183.5586 81.3529 11.7207
Generation: 174 91.1978 183.4684 81.7536 10.9292
Generation: 175 90.9483 183.2192 78.0112 14.1430
Generation: 176 91.2378 183.5181 78.1391 14.6635
Generation: 177 91.2479 183.5157 79.0913 13.9766
Generation: 178 91.2633 183.5398 78.8353 14.2016
Generation: 179 91.5878 183.8577 80.3386 12.7788
Generation: 180 91.4524 183.7198 78.2722 13.5433
Generation: 181 91.1396 183.4136 80.0237 14.1335
Generation: 182 91.1279 183.3957 80.5356 12.3307
Generation: 183 91.2029 183.4707 80.6331 13.0622
Generation: 184 90.8559 183.1571 78.0542 13.5599
Generation: 185 91.1423 183.4190 79.2472 14.9979
Generation: 186 91.0383 183.3092 81.2938 11.4776
Generation: 187 91.3924 183.6598 77.9720 17.0504
Generation: 188 91.2492 183.5534 81.2194 12.3768
Generation: 189 91.2428 183.5134 83.0677 10.4998
Generation: 190 91.1678 183.4384 80.0022 15.4900
Generation: 191 91.0533 183.3242 80.8008 13.9022
Generation: 192 91.1783 183.4492 79.7081 15.7972
Generation: 193 91.0533 183.3242 79.6729 15.6236
Generation: 194 91.6507 183.9542 81.3300 14.2543
Generation: 195 91.5033 183.7985 81.1098 13.1639
Generation: 196 91.1979 183.4712 81.4959 11.3812
Generation: 197 91.2428 183.5134 81.6000 12.2970
Generation: 198 91.3367 183.6068 79.3998 14.2962
Generation: 199 91.1431 183.4475 77.1929 14.6090
Generation: 200 91.2491 183.5582 82.7681 10.7860
Generation: 201 91.0878 183.3537 79.1461 15.6876
Generation: 202 91.2023 183.4790 80.2092 14.7400
Generation: 203 91.1528 183.4234 78.3074 13.9538
Generation: 204 91.3650 183.6095 82.4497 12.1777
Generation: 205 91.3760 183.6870 78.8226 13.8165
Generation: 206 91.3404 183.6444 78.8322 14.2888
Generation: 207 91.1873 183.4640 78.2626 14.2108
Generation: 208 91.1423 183.4190 79.3319 14.2127
Generation: 209 91.1832 183.4931 81.2576 12.3763
Generation: 210 91.0591 183.3682 80.5905 13.2235
Generation: 211 91.2032 183.5131 80.2656 13.2686
Generation: 212 91.1873 183.4640 79.7743 13.4763
Generation: 213 91.5737 183.8680 77.8929 17.0843
Generation: 214 91.2132 183.5231 79.3893 14.4712
Generation: 215 91.4274 183.6948 79.8032 13.3386
Generation: 216 91.2492 183.5534 74.5987 21.7314
Generation: 217 91.2642 183.5684 80.2606 15.2312
Generation: 218 91.2545 183.5245 74.9178 19.9187
Generation: 219 91.5282 183.8010 79.4124 18.3651
Generation: 220 91.2342 183.5384 77.4470 16.7407
Generation: 221 91.3198 183.6191 77.3420 18.9230
Generation: 222 91.4384 183.7422 79.7290 14.1552
Generation: 223 91.4834 183.7872 79.3584 14.6128
Generation: 224 91.1429 183.4107 78.7981 15.3576
Generation: 225 91.3772 183.6725 80.9380 12.9691
Generation: 226 91.2840 183.5542 80.4762 14.1286
Generation: 227 91.4454 183.7534 79.8483 16.0214
Generation: 228 91.5446 183.8482 81.0935 12.5289
Generation: 229 91.3917 183.6618 79.8217 16.1261
Generation: 230 91.3528 183.6227 78.6583 14.4377
Generation: 231 91.3445 183.6145 81.7952 13.6704
Generation: 232 91.1873 183.4640 78.1685 17.6486
Generation: 233 91.2191 183.4866 80.8077 12.8007
Generation: 234 91.1892 183.4934 78.3709 18.9991
Generation: 235 91.3313 183.5989 79.1288 17.9276
Generation: 236 91.2332 183.5345 80.1339 12.6254
Generation: 237 91.3304 183.6301 79.0193 16.2092
Generation: 238 91.1145 183.4209 78.8644 17.8437
Generation: 239 91.1594 183.4301 80.8565 12.8038
Generation: 240 91.2342 183.5384 78.5383 17.8240
Generation: 241 91.4419 183.7244 80.4931 14.1769
Generation: 242 91.4295 183.7294 82.4061 10.8650
Generation: 243 91.3103 183.5775 81.8825 11.8488
Generation: 244 91.5140 183.8106 82.0006 11.3595
Generation: 245 91.3536 183.6535 81.6111 12.7615
Generation: 246 91.2941 183.5616 82.8653 10.2550
Generation: 247 91.4690 183.7656 81.9301 11.4883
Generation: 248 91.2563 183.5239 82.9688 12.6716
Generation: 249 91.2483 183.5435 80.6271 12.4789
Generation: 250 91.2278 183.4977 81.8424 11.8217
Generation: 251 91.4987 183.7930 80.6164 12.6703
Generation: 252 91.3836 183.6812 79.8469 15.5411
Generation: 253 91.2413 183.5410 82.1163 10.9830
Generation: 254 91.3545 183.6544 83.3063 10.4117
Generation: 255 91.1883 183.4835 81.1752 10.8292
Generation: 256 91.2842 183.5530 82.4903 11.9413
Generation: 257 91.1051 183.4141 79.8838 16.0020
Generation: 258 91.4825 183.7770 82.5878 10.1304
Generation: 259 91.4145 183.7144 81.1133 14.2778
Generation: 260 91.4690 183.7656 81.3875 13.2323
Generation: 261 91.2880 183.5596 83.1851 9.9497
Generation: 262 91.3686 183.6685 82.9429 12.4287
Generation: 263 91.5195 183.8194 81.9294 11.1709
Generation: 264 91.4090 183.7056 81.7739 12.1264
Generation: 265 91.5633 183.8585 82.1563 12.8853
Generation: 266 91.6641 183.9625 82.1017 12.1862
Generation: 267 91.5287 183.8230 82.9609 10.3714
Generation: 268 91.3386 183.6385 83.5958 9.2922
Generation: 269 91.3774 183.6448 81.2523 12.6524
Generation: 270 91.4540 183.7506 83.8720 9.6499
Generation: 271 91.1573 183.4340 80.7796 12.5163
Generation: 272 91.3395 183.6475 81.8563 9.1818
Generation: 273 91.4495 183.7494 81.8351 12.3640
Generation: 274 91.4186 183.7185 84.0406 9.5953
Generation: 275 91.4384 183.7422 82.2631 10.5988
Generation: 276 91.3386 183.6385 80.6452 12.5325
Generation: 277 91.3536 183.6535 81.0659 10.0058
Generation: 278 91.3836 183.6835 81.1900 12.9416
Generation: 279 91.4225 183.7170 77.7657 15.9306
Generation: 280 91.4375 183.7320 80.8030 10.5511
Generation: 281 91.4604 183.7684 81.4478 12.5311
Generation: 282 91.4390 183.7356 79.5802 16.9330
Generation: 283 91.5384 183.8086 82.0489 11.2851
Generation: 284 91.4240 183.7206 82.4883 13.2072
Generation: 285 91.4222 183.7175 79.3847 12.0689
Generation: 286 91.3086 183.6085 80.6703 14.1473
Generation: 287 91.4987 183.7930 80.1916 13.5801
Generation: 288 91.6086 183.9085 81.7417 11.8246
Generation: 289 91.5137 183.8080 81.4105 12.9866
Generation: 290 91.5301 183.8266 81.8847 10.9053
Generation: 291 91.4849 183.7905 81.0735 12.1265
Generation: 292 91.3695 183.6694 82.4005 10.0974
Generation: 293 91.3236 183.6235 81.8706 10.6111
Generation: 294 91.3995 183.7075 81.9827 11.1307
Generation: 295 91.5887 183.8830 79.4471 13.7542
Generation: 296 91.4234 183.7272 82.0175 10.1876
Generation: 297 91.3386 183.6385 81.2775 10.5665
Generation: 298 91.4540 183.7506 83.0739 10.6622
Generation: 299 91.3317 183.6025 82.7451 10.5957
Generation: 300 91.3545 183.6625 83.4645 8.4440
Generation: 301 91.3245 183.6244 82.0981 11.7913
Generation: 302 91.4540 183.7506 82.5180 10.7218
Generation: 303 91.5137 183.8080 82.6263 11.5495
Generation: 304 91.3931 183.6975 82.9184 10.2850
Generation: 305 91.4486 183.7485 81.2705 12.7547
Generation: 306 91.3472 183.6425 82.3491 11.4716
Generation: 307 91.5446 183.8482 80.8122 13.0139
Generation: 308 91.4372 183.7077 81.8031 11.5923
Generation: 309 91.4534 183.7572 82.9835 10.0093
Generation: 310 91.3772 183.6725 81.8129 12.0716
Generation: 311 91.2442 183.5540 83.3250 9.1210
Generation: 312 91.4975 183.7920 83.9807 9.4524
Generation: 313 91.6398 183.9340 83.2635 10.1088
Generation: 314 91.5133 183.8085 81.7623 11.2731
Generation: 315 91.3622 183.6668 82.8463 11.3567
Generation: 316 91.4440 183.7406 83.5705 10.2771
Generation: 317 91.5287 183.8230 85.2366 8.9880
Generation: 318 91.3492 183.6534 83.1485 9.8553
Generation: 319 91.3950 183.7020 83.4162 10.2275
Generation: 320 91.2941 183.6032 85.4296 8.6831
Generation: 321 91.5596 183.8632 83.3256 10.4095
Generation: 322 91.3772 183.6725 82.5414 11.3728
Generation: 323 91.5446 183.8482 83.3251 10.5183
Generation: 324 91.4534 183.7572 83.0419 10.7295
Generation: 325 91.4225 183.7170 83.4867 10.5407
Generation: 326 91.5596 183.8632 84.2692 8.7314
Generation: 327 91.5084 183.7786 83.8022 10.5637
Generation: 328 91.6536 183.9535 84.2572 10.2396
Generation: 329 91.5737 183.8680 83.5084 10.1240
Generation: 330 91.5534 183.8236 83.2447 11.0056
Generation: 331 91.4375 183.7320 84.0279 9.1921
Generation: 332 91.5287 183.8230 83.1187 9.7869
Generation: 333 91.7336 184.0335 84.2557 9.9427
Generation: 334 91.5446 183.8482 83.9115 9.1130
Generation: 335 92.0966 184.4040 85.0947 8.3529
Generation: 336 91.5596 183.8632 84.4342 9.1898
Generation: 337 91.6046 183.9082 83.6351 9.2012
Generation: 338 91.5596 183.8632 84.6038 9.5660
Generation: 339 91.4546 183.7582 84.6830 9.8587
Generation: 340 91.5896 183.8932 84.3873 9.7634
Generation: 341 91.5287 183.8230 85.2849 8.1796
Generation: 342 91.5787 183.8730 85.1259 8.7885
Generation: 343 91.5596 183.8632 86.0815 7.7587
Generation: 344 91.6998 183.9940 85.7016 6.6986
Generation: 345 91.5446 183.8482 83.6811 10.3990
Generation: 346 91.5446 183.8482 81.8202 11.4545
Generation: 347 91.5137 183.8080 82.2503 11.3078
Generation: 348 91.6078 183.8777 83.9212 9.1803
Generation: 349 91.5995 183.8695 85.1119 7.6340
Generation: 350 91.6348 183.9290 83.7979 9.4966
Generation: 351 91.5487 183.8430 85.4129 8.5594
Generation: 352 91.5586 183.8333 83.3377 9.4699
Generation: 353 91.5695 183.8694 84.2399 9.7437
Generation: 354 91.4425 183.7370 84.6947 8.1101
Generation: 355 91.5596 183.8632 82.7556 10.0154
Generation: 356 91.5896 183.8932 83.2619 9.5394
Generation: 357 91.8437 184.1380 84.8696 9.0072
Generation: 358 91.5746 183.8782 84.0020 10.5002
Generation: 359 91.5896 183.8932 85.1196 7.4664
Generation: 360 91.5596 183.8632 84.9316 9.4187
Generation: 361 91.5887 183.8830 85.7291 6.9330
Generation: 362 91.8290 184.1256 85.2127 7.7922
Generation: 363 91.5140 183.8106 86.3579 6.8967
Generation: 364 91.4374 183.7048 83.7977 10.4463
Generation: 365 91.3941 183.6925 86.2083 6.6678
Generation: 366 91.5596 183.8632 85.2168 8.4107
Generation: 367 91.6507 183.9542 86.1517 8.1296
Generation: 368 91.4904 183.7984 85.4235 7.0136
Generation: 369 91.5596 183.8632 86.9621 7.3489
Generation: 370 91.8737 184.1680 85.1654 7.2275
Generation: 371 91.4984 183.8022 85.4043 7.5122
Generation: 372 91.5040 183.8006 86.6311 5.6054
Generation: 373 91.5887 183.8830 86.8067 6.2633
Generation: 374 91.6657 183.9692 86.5473 5.3441
Generation: 375 91.4834 183.7872 86.0155 6.9775
Generation: 376 91.6498 183.9440 87.0187 5.7451
Generation: 377 91.8287 184.1230 85.6300 6.4413
Generation: 378 91.4675 183.7620 86.0266 7.7870
Generation: 379 91.6498 183.9440 85.8164 6.9636
Generation: 380 91.6933 183.9885 86.1358 6.6811
Generation: 381 91.7990 184.0956 84.7002 8.9292
Generation: 382 91.5578 183.8277 85.1589 7.9125
Generation: 383 91.8887 184.1830 86.6283 6.3891
Generation: 384 91.7675 184.0620 85.9849 6.3960
Generation: 385 91.6348 183.9290 84.4963 8.4450
Generation: 386 91.4984 183.8022 86.4344 6.1241
Generation: 387 91.6046 183.9082 86.9471 5.7219
Generation: 388 91.6145 183.8845 84.2036 8.3174
Generation: 389 91.6948 183.9890 84.8549 8.1547
Generation: 390 91.5746 183.8782 84.1596 8.8885
Generation: 391 91.6196 183.9232 86.3291 6.1587
Generation: 392 91.7098 184.0040 84.4285 9.1983
Generation: 393 91.5132 183.7860 87.0455 4.5793
Generation: 394 91.6498 183.9440 85.3688 8.0502
Generation: 395 91.8887 184.1830 86.5261 6.0492
Generation: 396 91.7090 184.0056 86.3172 6.8594
Generation: 397 91.5446 183.8482 85.1155 7.4354
Generation: 398 91.6536 183.9535 86.5424 6.3210
Generation: 399 91.5437 183.8380 85.4459 7.0576
Generation: 400 91.5936 183.8935 86.6324 6.6597
Generation: 401 91.5448 183.8390 83.7523 9.7603
Generation: 402 91.6086 183.9085 85.8313 7.1731
Generation: 403 91.6046 183.9082 86.8368 6.5160
Generation: 404 91.7540 184.0506 85.9727 6.6065
Generation: 405 91.8437 184.1380 85.8736 7.7469
Generation: 406 91.5746 183.8782 82.9181 10.3055
Generation: 407 91.5737 183.8680 86.0003 6.4180
Generation: 408 91.5287 183.8230 85.3544 7.9842
Generation: 409 91.7525 184.0470 83.7822 10.0659
Generation: 410 91.7225 184.0170 84.6050 8.9656
Generation: 411 91.5437 183.8380 84.9926 8.1810
Generation: 412 91.5178 183.7877 85.0651 8.8888
Generation: 413 91.5596 183.8632 85.7288 6.9611
Generation: 414 91.5596 183.8632 85.4270 8.5186
Generation: 415 91.5787 183.8730 86.8417 5.3203
Generation: 416 91.6657 183.9692 86.4911 6.6187
Generation: 417 91.6087 183.9030 86.2627 7.8307
Generation: 418 91.6640 183.9606 84.6793 9.0137
Generation: 419 91.5596 183.8632 86.5883 6.4520
Generation: 420 91.5887 183.8830 86.6034 8.3013
Generation: 421 91.5290 183.8256 85.0603 8.5786
Generation: 422 91.5737 183.8680 84.5156 8.9861
Generation: 423 91.3872 183.6577 83.9331 9.2369
Generation: 424 91.6728 183.9387 85.2855 8.9050
Generation: 425 91.5437 183.8380 86.4938 6.8012
Generation: 426 91.5287 183.8230 85.7257 7.7303
Generation: 427 91.5737 183.8680 86.1020 6.4402
Generation: 428 91.6798 183.9740 85.3869 7.1519
Generation: 429 91.4525 183.7470 85.0034 7.8277
Generation: 430 91.6536 183.9535 87.2175 5.4740
Generation: 431 91.6087 183.9030 84.7821 8.3296
Generation: 432 91.5737 183.8680 85.7093 7.2202
Generation: 433 91.5598 183.8540 86.3677 6.5293
Generation: 434 91.5887 183.8830 86.3217 7.9884
Generation: 435 91.6348 183.9290 86.8138 6.2738
Generation: 436 91.5340 183.8306 86.3703 7.1440
Generation: 437 91.6087 183.9030 85.4358 7.7987
Generation: 438 91.6237 183.9180 86.6703 5.6547
Generation: 439 91.5898 183.8840 86.9556 6.7284
Generation: 440 91.6940 183.9906 86.8287 6.0961
Generation: 441 91.4690 183.7656 86.7413 6.0607
Generation: 442 91.4582 183.7595 86.6692 7.0141
Generation: 443 91.5133 183.8085 87.3106 6.2315
Generation: 444 91.5898 183.8840 86.9307 6.0662
Generation: 445 91.5887 183.8830 87.0163 6.1112
Generation: 446 91.5887 183.8830 87.9717 4.4068
Generation: 447 91.5437 183.8380 86.5835 7.4272
Generation: 448 91.5748 183.8690 85.7005 7.7621
Generation: 449 91.6348 183.9290 86.5376 6.1796
Generation: 450 91.5937 183.8880 88.3277 4.4668
Generation: 451 91.6237 183.9180 87.5684 5.7847
Generation: 452 91.4987 183.7930 86.9548 6.2099
Generation: 453 91.5783 183.8735 88.1529 4.9619
Generation: 454 91.6037 183.8980 86.8993 5.8560
Generation: 455 91.6348 183.9290 86.2421 6.2010
Generation: 456 91.6037 183.8980 87.1089 6.7074
Generation: 457 91.5887 183.8830 86.0354 7.2957
Generation: 458 91.4845 183.7794 87.6175 5.7559
Generation: 459 91.5587 183.8530 87.2719 5.9340
Generation: 460 91.6087 183.9030 87.3705 6.1228
Generation: 461 91.5133 183.8085 87.6640 5.6993
Generation: 462 91.5437 183.8380 87.1830 5.8356
Generation: 463 91.5783 183.8735 87.2439 5.7923
Generation: 464 91.6845 183.9844 87.4537 6.0373
Generation: 465 91.5783 183.8735 87.4189 6.3099
Generation: 466 91.6798 183.9740 86.6219 6.9330
Generation: 467 91.5887 183.8830 87.4013 6.5345
Generation: 468 91.6387 183.9330 87.7545 5.6568
Generation: 469 91.4240 183.7206 86.4853 6.3624
Generation: 470 91.6086 183.9085 87.1389 6.2944
Generation: 471 91.5748 183.8690 87.6888 4.5206
Generation: 472 91.6086 183.9085 87.6128 5.7070
Generation: 473 91.5887 183.8830 86.8729 5.9361
Generation: 474 91.5887 183.8830 87.0808 5.0367
Generation: 475 91.6395 183.9344 87.8139 4.4045
Generation: 476 91.6387 183.9330 87.1258 5.9366
Generation: 477 91.6187 183.9130 86.7844 6.1162
Generation: 478 91.5598 183.8540 86.8297 6.1732
Generation: 479 91.6348 183.9290 86.7555 6.6549
Generation: 480 91.5140 183.8106 87.9238 5.4394
Generation: 481 91.4990 183.7956 88.3615 3.6788
Generation: 482 91.5737 183.8680 88.2647 3.9990
Generation: 483 91.6387 183.9330 86.8476 5.5578
Generation: 484 91.6648 183.9590 87.3457 5.7994
Generation: 485 91.6198 183.9140 86.8534 7.4426
Generation: 486 91.6648 183.9590 85.5565 8.0384
Generation: 487 91.5887 183.8830 87.1849 6.2304
Generation: 488 91.5887 183.8830 87.3734 5.9770
Generation: 489 91.5887 183.8830 87.6472 5.2933
Generation: 490 91.5737 183.8680 87.0279 7.0625
Generation: 491 91.5887 183.8830 87.2485 5.7563
Generation: 492 91.6798 183.9740 87.6704 5.8602
Generation: 493 91.6348 183.9290 88.6884 3.8437
Generation: 494 91.5737 183.8680 87.2802 6.3774
Generation: 495 91.5887 183.8830 87.7075 4.8802
Generation: 496 91.5887 183.8830 87.8010 4.7142
Generation: 497 91.4987 183.7930 87.5486 6.3803
Generation: 498 91.5183 183.8135 87.5546 6.0966
Generation: 499 91.5937 183.8880 87.6409 5.5392
Generation: 500 91.5887 183.8830 87.6269 6.4545
Generation: 501 91.6198 183.9140 86.3749 6.9216
Generation: 502 91.6087 183.9030 87.5609 5.5029
Generation: 503 91.5898 183.8840 86.3676 7.3394
Generation: 504 91.5737 183.8680 86.2676 8.1586
Generation: 505 91.4987 183.7930 87.3841 5.2226
Generation: 506 91.5137 183.8080 87.0899 6.5853
Generation: 507 91.6948 183.9890 86.8610 9.7708
Generation: 508 91.5333 183.8285 86.7434 9.7144
Generation: 509 91.5737 183.8680 86.8997 6.6791
Generation: 510 91.6245 183.9194 87.2200 5.7553
Generation: 511 91.4987 183.7930 87.0621 7.0828
Generation: 512 91.5887 183.8830 86.8302 6.2665
Generation: 513 91.5887 183.8830 85.4132 9.1057
Generation: 514 91.6248 183.9190 86.8407 6.0105
Generation: 515 91.6037 183.8980 87.5934 5.1342
Generation: 516 91.5598 183.8540 88.0613 4.6391
Generation: 517 91.5287 183.8230 87.2666 6.3491
Generation: 518 91.6387 183.9330 87.3638 5.7667
Generation: 519 91.5737 183.8680 86.5945 7.7080
Generation: 520 91.6648 183.9590 87.3139 6.7190
Generation: 521 91.6695 183.9644 87.4069 7.9711
Generation: 522 91.5898 183.8840 87.9271 5.3048
Generation: 523 91.5125 183.8070 86.5184 7.5467
Generation: 524 91.6348 183.9290 87.5129 6.5009
Generation: 525 91.5887 183.8830 87.7594 5.6770
Generation: 526 91.6037 183.8980 87.2091 6.1750
Generation: 527 91.6086 183.9085 87.6350 6.1137
Generation: 528 91.6498 183.9440 87.9938 4.7652
Generation: 529 91.5887 183.8830 87.2941 5.9948
Generation: 530 91.5587 183.8530 86.7467 7.4148
Generation: 531 91.6695 183.9644 86.6338 6.7668
Generation: 532 91.6187 183.9130 88.5657 4.2734
Generation: 533 91.5737 183.8680 87.1088 6.1766
Generation: 534 91.5737 183.8680 87.6149 5.7990
Generation: 535 91.6245 183.9194 87.8670 5.6961
Generation: 536 91.5425 183.8370 87.0200 6.6746
Generation: 537 91.6198 183.9140 86.8204 6.9937
Generation: 538 91.5587 183.8530 87.0055 7.1072
Generation: 539 91.5937 183.8880 86.6388 6.8383
Generation: 540 91.5948 183.8890 87.0931 6.6735
Generation: 541 91.6648 183.9590 86.7188 7.2511
Generation: 542 91.6387 183.9330 86.6646 6.9285
Generation: 543 91.5887 183.8830 85.3906 8.2005
Generation: 544 91.6348 183.9290 86.3755 7.3028
Generation: 545 91.6037 183.8980 87.7399 5.9423
Generation: 546 91.7445 184.0444 86.4299 7.1955
Generation: 547 91.6098 183.9040 86.2188 8.2884
Generation: 548 91.6236 183.9235 86.9369 6.8878
Generation: 549 91.6348 183.9290 87.2318 6.2090
Generation: 550 91.6037 183.8980 86.5582 7.2469
Generation: 551 91.6848 183.9790 87.7335 5.6436
Generation: 552 91.5887 183.8830 86.2635 6.9566
Generation: 553 91.8737 184.1680 87.0800 5.3892
Generation: 554 91.5137 183.8080 87.8485 5.6127
Generation: 555 91.5437 183.8380 86.4807 7.7431
Generation: 556 91.6836 183.9835 87.4649 5.7543
Generation: 557 91.5887 183.8830 86.9818 5.8298
Generation: 558 91.6387 183.9330 86.1394 7.2224
Generation: 559 91.6798 183.9740 87.1855 6.0400
Generation: 560 91.5878 183.8577 85.3755 8.5240
Generation: 561 91.5787 183.8730 86.4799 7.4896
Generation: 562 91.6198 183.9140 86.4792 6.8819
Generation: 563 91.6536 183.9535 85.9817 6.8310
Generation: 564 91.5737 183.8680 87.5786 5.6242
Generation: 565 91.6198 183.9140 88.6714 3.7168
Generation: 566 91.6387 183.9330 87.9763 5.1930
Generation: 567 91.7295 184.0294 86.6046 6.9011
Generation: 568 91.5887 183.8830 86.7657 6.6318
Generation: 569 91.7840 184.0806 86.8119 6.8058
Generation: 570 91.7295 184.0294 86.1558 6.9206
Generation: 571 91.6895 183.9595 87.6453 6.3724
Generation: 572 91.6536 183.9535 88.0253 4.9110
Generation: 573 91.6187 183.9130 86.9809 5.7840
Generation: 574 91.6836 183.9835 86.9756 5.9195
Generation: 575 91.6995 183.9994 86.0761 7.1350
Generation: 576 91.6198 183.9140 87.5314 6.1187
Generation: 577 91.5587 183.8530 86.8185 6.5879
Generation: 578 91.5887 183.8830 87.3189 6.4791
Generation: 579 91.6187 183.9130 86.7580 6.3869
Generation: 580 91.6248 183.9190 87.1285 4.8510
Generation: 581 91.6198 183.9140 87.5632 6.1696
Generation: 582 91.7390 184.0356 87.5724 6.0095
Generation: 583 91.7098 184.0040 86.6464 6.9434
Generation: 584 91.6687 183.9630 87.4800 5.5871
Generation: 585 91.5783 183.8735 86.5761 6.6356
Generation: 586 91.5887 183.8830 87.0348 6.5058
Generation: 587 91.7398 184.0340 88.6555 4.3096
Generation: 588 91.6198 183.9140 87.3993 5.5015
Generation: 589 91.6536 183.9535 86.4385 5.8194
Generation: 590 91.6348 183.9290 87.4425 5.3263
Generation: 591 91.7675 184.0620 87.2411 5.3732
Generation: 592 91.7525 184.0470 87.9797 5.2704
Generation: 593 91.4840 183.7806 86.6418 6.5338
Generation: 594 91.6845 183.9844 87.9182 5.0287
Generation: 595 91.6836 183.9835 87.5836 5.5161
Generation: 596 91.7248 184.0190 86.3561 7.3907
Generation: 597 91.8737 184.1680 87.0997 6.5111
Generation: 598 91.7248 184.0190 87.3065 5.6408
Generation: 599 91.6798 183.9740 88.2836 4.7359
Generation: 600 91.6798 183.9740 86.5351 6.1348
Generation: 601 91.5887 183.8830 87.1007 6.8549
Generation: 602 91.6086 183.9085 86.9215 6.7832
Generation: 603 91.5898 183.8840 87.8091 5.3780
Generation: 604 91.6498 183.9440 87.9475 5.1099
Generation: 605 91.6037 183.8980 87.5024 5.4773
Generation: 606 91.6198 183.9140 87.5313 6.0911
Generation: 607 91.8737 184.1680 88.0568 5.1025
Generation: 608 91.6187 183.9130 86.6385 6.8111
Generation: 609 91.6198 183.9140 88.4161 5.0549
Generation: 610 91.6295 183.8995 87.6467 5.2331
Generation: 611 91.5587 183.8530 87.9629 5.3234
Generation: 612 91.5437 183.8380 86.4058 7.7442
Generation: 613 91.6648 183.9590 87.3417 5.6772
Generation: 614 91.6836 183.9835 87.7821 5.0567
Generation: 615 91.5490 183.8456 84.8330 8.6629
Generation: 616 91.6187 183.9130 84.3133 9.3805
Generation: 617 91.7248 184.0190 85.9994 7.7353
Generation: 618 91.6237 183.9180 86.5714 6.9413
Generation: 619 91.6387 183.9330 87.0825 6.1203
Generation: 620 91.7393 184.0169 85.5389 8.9295
Generation: 621 91.6037 183.8980 86.6331 6.1295
Generation: 622 91.5437 183.8380 86.5318 6.2909
Generation: 623 91.6595 183.9295 86.6773 6.2474
Generation: 624 91.5740 183.8706 85.5691 8.3032
Generation: 625 91.6195 183.9144 85.6296 6.8274
Generation: 626 91.6687 183.9630 86.0323 6.6494
Generation: 627 91.5290 183.8256 85.7908 6.9611
Generation: 628 91.6237 183.9180 85.4096 7.1250
Generation: 629 91.6698 183.9640 86.3814 5.9431
Generation: 630 91.6536 183.9535 87.2195 5.3687
Generation: 631 91.5040 183.8006 84.0883 8.8426
Generation: 632 91.5887 183.8830 86.3322 6.3715
Generation: 633 91.5587 183.8530 86.8176 5.3200
Generation: 634 91.6798 183.9740 87.1360 5.8716
Generation: 635 91.6536 183.9535 85.4196 8.0835
Generation: 636 91.6948 183.9890 85.3077 7.4087
Generation: 637 91.6845 183.9844 87.3888 5.1549
Generation: 638 91.5787 183.8730 86.0348 6.6976
Generation: 639 91.6198 183.9140 85.7305 7.1858
Generation: 640 91.7687 184.0630 85.6911 6.1232
Generation: 641 91.6836 183.9835 86.8453 6.6840
Generation: 642 91.6940 183.9906 85.9573 7.3832
Generation: 643 91.6948 183.9890 86.1374 6.1886
Generation: 644 91.6731 183.9421 86.4483 5.6132
Generation: 645 91.6048 183.8990 86.7591 6.5108
Generation: 646 91.3913 183.6910 86.4495 6.9907
Generation: 647 91.6536 183.9535 87.7225 4.6123
Generation: 648 91.5290 183.8256 85.9911 6.9806
Generation: 649 91.6836 183.9835 85.3093 7.0389
Generation: 650 91.6386 183.9385 85.6195 7.3861
Generation: 651 91.6848 183.9790 85.5699 7.6301
Generation: 652 91.8737 184.1680 86.3142 7.1345
Generation: 653 91.6198 183.9140 86.4230 7.0130
Generation: 654 91.5195 183.8194 87.2427 6.6208
Generation: 655 91.6386 183.9385 87.6852 5.6755
Generation: 656 91.5933 183.8885 87.5517 5.6568
Generation: 657 91.6536 183.9535 86.7316 6.3567
Generation: 658 91.5040 183.8006 86.6505 5.6600
Generation: 659 91.6536 183.9535 88.2888 4.3597
Generation: 660 91.5195 183.8194 87.0324 6.3184
Generation: 661 91.6686 183.9685 86.7618 6.3200
Generation: 662 91.6986 183.9985 86.8343 6.0916
Generation: 663 91.6087 183.9030 87.2613 5.6297
Generation: 664 91.6386 183.9385 87.8631 4.9746
Generation: 665 91.7445 184.0444 87.3438 6.2168
Generation: 666 91.6836 183.9835 86.1778 6.7266
Generation: 667 91.7090 184.0056 87.2449 5.0328
Generation: 668 91.6087 183.9030 87.2183 5.9772
Generation: 669 91.6986 183.9985 87.6936 5.3084
Generation: 670 91.6198 183.9140 87.3725 6.5726
Generation: 671 91.5648 183.8590 87.8210 5.3865
Generation: 672 91.6236 183.9235 87.1723 5.3485
Generation: 673 91.6037 183.8980 87.3788 5.2509
Generation: 674 91.7240 184.0206 88.0062 5.5222
Generation: 675 91.5437 183.8380 87.2471 6.0678
Generation: 676 91.6836 183.9835 87.6578 5.0272
Generation: 677 91.6198 183.9140 87.9534 4.2106
Generation: 678 91.6098 183.9040 88.8977 3.7486
Generation: 679 91.6337 183.9280 88.2571 5.0818
Generation: 680 91.8595 184.1544 86.8465 6.7216
Generation: 681 91.7445 184.0444 87.3128 5.1145
Generation: 682 91.5787 183.8730 88.1802 5.0299
Generation: 683 91.6398 183.9340 87.9740 5.7067
Generation: 684 91.5787 183.8730 87.8892 4.3622
Generation: 685 91.6536 183.9535 87.6133 5.4786
Generation: 686 91.5887 183.8830 86.4404 6.6361
Generation: 687 91.5887 183.8830 86.4803 6.5652
Generation: 688 91.6387 183.9330 87.1962 6.2705
Generation: 689 91.6087 183.9030 86.1320 7.4776
Generation: 690 91.5783 183.8735 87.0461 6.8375
Generation: 691 91.6086 183.9085 86.7868 7.1182
Generation: 692 91.5887 183.8830 87.6120 5.5018
Generation: 693 91.6037 183.8980 87.3809 5.4668
Generation: 694 91.5887 183.8830 86.0384 7.9869
Generation: 695 91.5879 183.8847 86.6268 6.0747
Generation: 696 91.5925 183.8870 86.6396 6.5502
Generation: 697 91.6798 183.9740 87.0121 5.6302
Generation: 698 91.5490 183.8456 86.3200 6.9910
Generation: 699 91.6090 183.9056 86.8212 6.3653
Generation: 700 91.7240 184.0206 86.7377 8.8454
Generation: 701 91.6237 183.9180 87.1738 5.9197
Generation: 702 91.5587 183.8530 87.7040 5.5233
Generation: 703 91.6187 183.9130 86.8479 7.7056
Generation: 704 91.5887 183.8830 87.1237 6.1959
Generation: 705 91.5737 183.8680 87.9183 5.2590
Generation: 706 91.5886 183.8862 86.4848 6.8225
Generation: 707 91.6845 183.9844 87.4778 6.6116
Generation: 708 91.5137 183.8080 87.1364 6.8175
Generation: 709 91.6775 183.9720 88.0246 4.6211
Generation: 710 91.6536 183.9535 87.1324 6.1389
Generation: 711 91.5345 183.8344 87.4079 6.0467
Generation: 712 91.6345 183.9294 87.1205 6.8876
Generation: 713 91.6401 183.9366 85.9592 6.8493
Generation: 714 91.6995 183.9994 86.4298 7.5736
Generation: 715 91.5887 183.8830 85.3497 8.3286
Generation: 716 91.5590 183.8556 86.3793 7.4806
Generation: 717 91.5887 183.8830 86.2599 8.2399
Generation: 718 91.6536 183.9535 85.7700 8.1383
Generation: 719 91.5587 183.8530 86.0605 6.6744
Generation: 720 91.6040 183.9006 87.4191 5.0951
Generation: 721 91.5787 183.8730 86.0597 7.4914
Generation: 722 91.6187 183.9130 85.8813 8.3538
Generation: 723 91.6237 183.9180 88.5415 4.7627
Generation: 724 91.6698 183.9640 86.2799 6.8675
Generation: 725 91.6198 183.9140 86.2165 7.2233
Generation: 726 91.6090 183.9056 86.3301 7.1876
Generation: 727 91.6995 183.9994 87.2028 5.7045
Generation: 728 91.6548 183.9490 87.2589 5.4805
Generation: 729 91.7990 184.0956 85.5063 6.7874
Generation: 730 91.7295 184.0294 86.0521 7.1277
Generation: 731 91.6686 183.9685 86.2181 6.9657
Generation: 732 91.5790 183.8756 87.1678 5.8098
Generation: 733 91.5645 183.8644 87.1948 5.9824
Generation: 734 91.8601 184.1566 86.8628 6.1522
Generation: 735 91.5787 183.8730 86.3848 6.8196
Generation: 736 91.5737 183.8680 87.7953 5.2317
Generation: 737 91.5787 183.8730 86.4521 6.3347
Generation: 738 91.6386 183.9385 85.8550 7.0641
Generation: 739 91.5936 183.8935 86.3482 6.7252
Generation: 740 91.7295 184.0294 85.5398 7.1234
Generation: 741 91.6948 183.9890 86.6102 6.0716
Generation: 742 91.6536 183.9535 84.6716 8.1791
Generation: 743 91.7295 184.0294 86.4974 6.4932
Generation: 744 91.7098 184.0040 87.4230 5.0643
Generation: 745 91.5437 183.8380 84.6711 9.3792
Generation: 746 91.6087 183.9030 84.7831 9.4203
Generation: 747 91.7098 184.0040 86.4942 6.0283
Generation: 748 91.5937 183.8880 86.1646 7.3885
Generation: 749 91.6386 183.9385 86.0711 7.7677
Generation: 750 91.6237 183.9180 85.3559 8.1966
Generation: 751 91.6048 183.8990 86.4211 7.1032
Generation: 752 91.6536 183.9535 87.4694 5.7746
Generation: 753 91.7840 184.0806 87.1425 5.8204
Generation: 754 91.6686 183.9685 88.5190 4.0193
Generation: 755 91.6387 183.9330 86.9583 6.2372
Generation: 756 91.7148 184.0090 88.6703 4.3381
Generation: 757 91.6037 183.8980 86.3996 5.9198
Generation: 758 91.5737 183.8680 87.1338 5.6301
Generation: 759 91.9337 184.2280 85.5949 7.4671
Generation: 760 91.7286 184.0285 88.1568 4.7048
Generation: 761 91.5737 183.8680 87.2056 5.2598
Generation: 762 91.6648 183.9590 86.8253 6.5521
Generation: 763 91.7990 184.0956 87.2453 6.9491
Generation: 764 91.6295 183.8995 87.0275 6.6794
Generation: 765 91.7445 184.0444 87.6214 5.5977
Generation: 766 91.6545 183.9544 87.9630 3.9953
Generation: 767 91.6648 183.9590 87.0493 6.2309
Generation: 768 91.6986 183.9985 87.5023 5.9846
Generation: 769 91.7525 184.0470 87.4195 6.7388
Generation: 770 91.5887 183.8830 87.5112 6.8397
Generation: 771 91.7075 184.0020 87.3282 6.6451
Generation: 772 91.9187 184.2130 87.9149 6.3209
Generation: 773 91.8587 184.1530 87.0825 7.1545
Generation: 774 91.9648 184.2590 88.1771 4.8816
Generation: 775 91.6536 183.9535 87.3522 5.8325
Generation: 776 91.7687 184.0630 87.3722 6.1872
Generation: 777 91.6948 183.9890 86.9424 7.4062
Generation: 778 91.6187 183.9130 88.2892 4.5660
Generation: 779 91.6641 183.9625 87.6812 5.5293
Generation: 780 91.6695 183.9694 87.7251 5.0995
Generation: 781 91.6648 183.9590 87.3468 6.8757
Generation: 782 91.6348 183.9290 87.6081 5.8717
Generation: 783 91.5887 183.8830 87.9281 5.1588
Generation: 784 91.7098 184.0040 86.7742 6.5477
Generation: 785 91.9348 184.2290 88.7468 4.3910
Generation: 786 91.6648 183.9590 88.4939 5.0006
Generation: 787 91.7840 184.0806 88.4520 5.6705
Generation: 788 91.9648 184.2590 87.2200 6.3425
Generation: 789 91.7840 184.0806 87.1575 6.6730
Generation: 790 91.9187 184.2130 86.9859 6.9324
Generation: 791 91.5587 183.8530 88.0124 6.0410
Generation: 792 91.7990 184.0956 87.2486 6.5855
Generation: 793 91.8287 184.1230 86.7067 8.0124
Generation: 794 91.6387 183.9330 87.2610 6.3655
Generation: 795 91.6698 183.9640 87.3426 5.7939
Generation: 796 91.9948 184.2890 87.4159 6.1575
Generation: 797 91.6537 183.9480 86.3987 7.3086
Generation: 798 91.6948 183.9890 87.2427 5.9830
Generation: 799 91.7328 183.9987 85.8742 7.8761
Generation: 800 91.6941 183.9925 87.5867 7.0129
Generation: 801 91.6536 183.9535 86.7428 7.2594
Generation: 802 91.7687 184.0630 87.4510 6.3587
Generation: 803 91.6648 183.9590 87.6445 6.0840
Generation: 804 91.6145 183.8845 88.0076 5.1898
Generation: 805 91.6848 183.9790 88.8271 4.7845
Generation: 806 91.8887 184.1830 88.5362 5.6298
Generation: 807 91.7875 184.0820 88.2698 5.8011
Generation: 808 91.6348 183.9290 87.0486 5.6656
Generation: 809 91.8887 184.1830 88.1765 6.2977
Generation: 810 91.6491 183.9475 88.5552 5.1348
Generation: 811 91.6995 183.9994 89.0327 4.1446
Generation: 812 91.6536 183.9535 88.7193 4.7204
Generation: 813 91.9198 184.2140 87.6352 5.7393
Generation: 814 91.6798 183.9740 88.4128 4.9126
Generation: 815 91.8437 184.1380 87.2477 6.1607
Generation: 816 91.7148 184.0090 87.9859 5.2892
Generation: 817 91.7675 184.0620 88.5361 5.4912
Generation: 818 91.6536 183.9535 88.0653 5.0798
Generation: 819 91.8887 184.1830 88.5279 4.6940
Generation: 820 91.8437 184.1380 88.2415 5.8430
Generation: 821 91.8437 184.1380 88.3620 4.7126
Generation: 822 91.6998 183.9940 88.1731 5.3591
Generation: 823 91.6798 183.9740 89.3056 4.3969
Generation: 824 91.8887 184.1830 87.9180 5.1075
Generation: 825 91.7595 184.0594 88.1701 6.1189
Generation: 826 91.6686 183.9685 88.1927 5.2424
Generation: 827 91.6445 183.9145 87.5008 5.6859
Generation: 828 91.7445 184.0444 88.8480 4.3731
Generation: 829 91.6836 183.9835 89.5292 4.3703
Generation: 830 91.5787 183.8730 88.1305 6.1337
Generation: 831 91.7833 184.0785 88.6278 4.9460
Generation: 832 91.7407 184.0442 89.2303 5.0371
Generation: 833 91.7448 184.0390 88.9001 5.3501
Generation: 834 91.7441 184.0425 89.0923 4.4968
Generation: 835 91.8887 184.1830 88.4661 5.2969
Generation: 836 91.6995 183.9994 88.7076 4.2627
Generation: 837 91.9798 184.2740 88.2957 5.1495
Generation: 838 91.7875 184.0820 89.2685 3.6340
Generation: 839 91.8887 184.1830 87.8242 5.9178
Generation: 840 91.7840 184.0806 87.7721 6.1924
Generation: 841 91.6798 183.9740 87.2198 7.0679
Generation: 842 91.6995 183.9994 88.6099 4.9797
Generation: 843 91.7445 184.0444 88.1812 5.8755
Generation: 844 91.7286 184.0285 88.3532 5.7435
Generation: 845 91.7445 184.0444 89.3448 3.6565
Generation: 846 91.6237 183.9180 88.9889 4.0811
Generation: 847 91.6836 183.9835 87.5630 6.6210
Generation: 848 91.7540 184.0506 89.5979 3.4778
Generation: 849 91.6998 183.9940 87.9589 5.5873
Generation: 850 91.8437 184.1380 88.1450 5.7001
Generation: 851 91.7840 184.0806 88.3027 5.7163
Generation: 852 91.6995 183.9994 88.2203 6.0403
Generation: 853 91.9348 184.2290 88.2585 5.9178
Generation: 854 91.7495 184.0494 89.2668 3.7902
Generation: 855 91.6986 183.9985 89.3868 3.4836
Generation: 856 91.7375 184.0320 89.2018 3.7652
Generation: 857 91.9498 184.2440 88.4853 6.0757
Generation: 858 91.6348 183.9290 89.6838 3.1753
Generation: 859 91.6348 183.9290 89.6266 3.1021
Generation: 860 91.8287 184.1230 87.9142 6.5822
Generation: 861 91.8737 184.1680 88.3674 5.6038
Generation: 862 91.8437 184.1380 89.2551 4.5278
Generation: 863 91.7298 184.0240 88.6149 5.0493
Generation: 864 91.7537 184.0480 88.2861 5.1129
Generation: 865 91.6657 183.9692 88.3932 4.3938
Generation: 866 91.7407 184.0442 89.3157 3.5701
Generation: 867 92.0098 184.3040 88.8891 4.7642
Generation: 868 91.8737 184.1680 89.3301 3.5056
Generation: 869 91.7298 184.0240 89.2756 4.4613
Generation: 870 91.6698 183.9640 89.3942 3.5831
Generation: 871 91.7748 184.0690 87.8843 5.2723
Generation: 872 91.9087 184.2030 89.2300 4.0398
Generation: 873 91.8437 184.1380 89.0660 4.7605
Generation: 874 91.6895 183.9595 88.9010 4.5359
Generation: 875 91.6798 183.9740 89.4412 3.3437
Generation: 876 91.6698 183.9640 89.2135 4.3436
Generation: 877 91.9187 184.2130 89.7536 3.0961
Generation: 878 91.6807 183.9842 88.5372 5.1252
Generation: 879 91.8887 184.1830 89.3667 3.6674
Generation: 880 91.8887 184.1830 89.2106 4.4599
Generation: 881 91.6957 183.9992 88.5387 5.4573
Generation: 882 91.8937 184.1880 89.2426 4.6023
Generation: 883 91.8587 184.1530 88.9181 5.4343
Generation: 884 91.8937 184.1880 88.5490 5.6433
Generation: 885 91.7495 184.0494 89.8288 2.8111
Generation: 886 91.7675 184.0620 88.4043 6.1379
Generation: 887 91.8887 184.1830 89.0349 4.8241
Generation: 888 91.8887 184.1830 89.3019 4.2003
Generation: 889 91.6998 183.9940 89.9018 2.8161
Generation: 890 91.8887 184.1830 88.2983 5.5262
Generation: 891 91.9037 184.1980 89.0157 5.3740
Generation: 892 91.9198 184.2140 89.1105 4.8907
Generation: 893 91.8437 184.1380 87.9000 10.3736
Generation: 894 91.9237 184.2180 89.2989 5.0976
Generation: 895 91.8437 184.1380 89.1959 4.7046
Generation: 896 91.8887 184.1830 89.6017 3.3622
Generation: 897 91.7148 184.0090 89.5862 3.7423
Generation: 898 91.9087 184.2030 89.3429 4.3373
Generation: 899 91.7833 184.0785 88.8532 5.6195
Generation: 900 91.9698 184.2640 89.3631 4.8975
Generation: 901 91.9848 184.2790 89.2334 4.5387
Generation: 902 91.6998 183.9940 90.1971 2.2189
Generation: 903 91.7107 184.0142 90.5849 1.7266
Generation: 904 91.9387 184.2330 89.9792 3.2549
Generation: 905 91.7740 184.0706 90.1061 3.2491
Generation: 906 91.8239 184.0896 89.7976 3.4831
Generation: 907 91.6957 183.9992 90.2616 2.4995
Generation: 908 91.8787 184.1730 90.2308 3.6870
Generation: 909 91.7445 184.0444 90.2503 2.4071
Generation: 910 91.7107 184.0142 90.1426 2.4923
Generation: 911 91.6807 183.9842 90.5319 1.8327
Generation: 912 91.7598 184.0540 89.4094 4.3516
Generation: 913 91.9798 184.2740 90.2547 2.6981
Generation: 914 91.8937 184.1880 89.9553 3.8814
Generation: 915 91.8887 184.1830 89.3123 3.9985
Generation: 916 91.9948 184.2890 89.9808 2.7462
Generation: 917 91.7690 184.0656 90.0170 3.4070
Generation: 918 91.7540 184.0506 89.8262 3.2710
Generation: 919 91.8737 184.1680 90.3511 3.0597
Generation: 920 91.8887 184.1830 90.3644 2.0596
Generation: 921 91.8337 184.1280 90.7016 1.3315
Generation: 922 91.8887 184.1830 90.2696 2.0865
Generation: 923 91.8887 184.1830 90.3169 2.2189
Generation: 924 91.7595 184.0594 90.2097 2.0843
Generation: 925 91.9498 184.2440 90.1561 2.7554
Generation: 926 91.8287 184.1230 90.5933 1.9628
Generation: 927 91.7448 184.0390 90.2607 1.8838
Generation: 928 91.9648 184.2590 90.5859 2.2089
Generation: 929 91.9798 184.2740 90.5998 2.1582
Generation: 930 91.8437 184.1380 89.6540 5.0571
Generation: 931 91.8437 184.1380 89.6257 5.1830
Generation: 932 91.8287 184.1230 89.3020 5.5031
Generation: 933 91.9498 184.2440 90.2280 3.6647
Generation: 934 91.8287 184.1230 90.6126 1.7134
Generation: 935 91.9348 184.2290 90.6258 1.5225
Generation: 936 91.7557 184.0592 90.2613 2.4350
Generation: 937 91.9348 184.2290 90.8180 1.2228
Generation: 938 91.9498 184.2440 90.4452 4.0061
Generation: 939 91.9948 184.2890 90.2075 3.2303
Generation: 940 91.8287 184.1230 90.9652 1.2313
Generation: 941 91.9948 184.2890 90.6360 2.0087
Generation: 942 92.0148 184.3090 90.7772 1.3624
Generation: 943 91.7240 184.0206 90.4222 2.5848
Generation: 944 91.9948 184.2890 90.7796 1.4974
Generation: 945 91.9348 184.2290 90.8972 1.2976
Generation: 946 91.8437 184.1380 90.7240 1.6977
Generation: 947 91.9798 184.2740 90.5256 1.8897
Generation: 948 92.0248 184.3190 90.3561 2.8451
Generation: 949 92.0098 184.3040 90.0417 4.3472
Generation: 950 91.9348 184.2290 90.6898 1.8266
Generation: 951 92.0248 184.3190 90.9721 1.4358
Generation: 952 91.9198 184.2140 90.6669 2.5125
Generation: 953 91.9948 184.2890 90.6284 1.7521
Generation: 954 92.0398 184.3340 90.5714 2.5587
Generation: 955 91.8737 184.1680 90.5342 1.9652
Generation: 956 91.9798 184.2740 90.4761 2.2827
Generation: 957 92.0398 184.3340 90.8231 1.5518
Generation: 958 91.8737 184.1680 90.7015 1.5864
Generation: 959 91.9498 184.2440 90.7364 2.5334
Generation: 960 92.0398 184.3340 90.6382 2.0433
Generation: 961 91.8287 184.1230 90.8386 1.2126
Generation: 962 92.0098 184.3040 90.9499 1.1822
Generation: 963 92.0248 184.3190 90.7143 1.7562
Generation: 964 91.9195 184.2144 90.5984 1.8963
Generation: 965 91.9198 184.2140 90.4466 1.9807
Generation: 966 91.8887 184.1830 90.6559 2.4889
Generation: 967 91.9187 184.2130 90.7733 1.7871
Generation: 968 91.9498 184.2440 90.6226 2.4822
Generation: 969 92.0098 184.3040 90.5114 3.0881
Generation: 970 91.9998 184.2940 90.4529 2.9383
Generation: 971 91.9348 184.2290 90.6461 2.5750
Generation: 972 91.9798 184.2740 90.7310 2.5614
Generation: 973 91.9348 184.2290 91.2722 0.4237
Generation: 974 92.0448 184.3390 90.9394 1.8289
Generation: 975 91.9848 184.2790 90.6675 1.9083
Generation: 976 91.9187 184.2130 90.0404 4.4530
Generation: 977 91.9348 184.2290 90.5739 2.3242
Generation: 978 91.8737 184.1680 90.7568 2.2382
Generation: 979 91.9387 184.2330 90.9818 0.9869
Generation: 980 92.0398 184.3340 91.0280 0.8049
Generation: 981 91.7990 184.0956 90.7713 1.5182
Generation: 982 91.9848 184.2790 90.8595 1.5429
Generation: 983 91.8187 184.1130 91.0229 0.7322
Generation: 984 91.8595 184.1544 90.7699 1.3949
Generation: 985 92.0098 184.3040 90.6875 2.4285
Generation: 986 91.8787 184.1730 91.1737 0.6500
Generation: 987 91.9648 184.2590 90.6918 1.9969
Generation: 988 92.0248 184.3190 90.8538 1.7385
Generation: 989 91.7248 184.0190 90.8763 1.0614
Generation: 990 92.0098 184.3040 90.9890 1.1133
Generation: 991 91.8287 184.1230 90.6194 1.7605
Generation: 992 91.7945 184.0944 90.8102 1.7781
Generation: 993 91.9798 184.2740 90.7389 1.8009
Generation: 994 92.0398 184.3340 91.0872 0.6189
Generation: 995 91.8887 184.1830 91.0954 0.7793
Generation: 996 91.8887 184.1830 90.9846 0.8786
Generation: 997 91.9798 184.2740 90.6329 2.4632
Generation: 998 91.7295 184.0294 91.0503 0.8510
Generation: 999 91.9387 184.2330 90.7318 2.6525
