1.000000000000000000e+00
-1.000000000000000000e+00
-1.000000000000000000e+00
-5.903857354458357243e-01
1.000000000000000000e+00
2.614123622287570781e-01
1.797422420396893594e-01
7.320941052906551061e-01
-3.894968784375370252e-02
2.635182375100558749e-01
-3.374369471190025171e-01
3.390239589878131787e-01
-1.000000000000000000e+00
2.560567207349474517e-01
1.000000000000000000e+00
8.539240303042645586e-01
-5.880727570307906493e-01
2.076225471868891614e-01
-1.000000000000000000e+00
-3.525894843483515784e-01
-3.262493643337183169e-01
7.313446714831185469e-01
-8.259036685879129758e-01
-3.129999068064223122e-01
1.388636447694983067e-01
1.000000000000000000e+00
5.125715957432492864e-01
-1.000000000000000000e+00
-1.000000000000000000e+00
-6.590836555244160566e-01
-8.913907220200966153e-01
-7.126872315777156297e-01
-3.671299544201371834e-01
1.000000000000000000e+00
7.760946981621954510e-01
9.983503622435373481e-01
-1.483643773470079696e-01
9.019541793673185870e-02
-1.948036545706429701e-01
1.366987783337181017e-01
-1.000000000000000000e+00
-2.505122284951899481e-01
-8.191374138255698156e-01
-1.000000000000000000e+00
-8.584121334493587385e-01
-1.005978070467451468e-01
1.000000000000000000e+00
7.301244807071483045e-01
-1.000000000000000000e+00
-9.645791561538189507e-01
-1.000000000000000000e+00
-4.979240418177839356e-01
-6.092534198151522418e-01
1.704599876196244423e-01
-1.934981491030686451e-01
1.000000000000000000e+00
-1.000000000000000000e+00
1.000000000000000000e+00
7.037866005520837520e-01
-4.002443077277479944e-01
3.748393747405061038e-01
6.913893999614267871e-01
7.743924895500858829e-01
-3.846934946174013215e-01
-2.373424205840799495e-01
2.843751785390622455e-01
-2.489512204743683510e-01
-1.000000000000000000e+00
1.000000000000000000e+00
-1.663055420529942763e-01
-8.073475893679823434e-01
-1.000000000000000000e+00
1.000000000000000000e+00
8.469924675248724499e-01
7.594523473716511264e-01
9.309661378666818088e-01
-3.816009520873512861e-01
1.000000000000000000e+00
-6.892129183076802779e-01
1.000000000000000000e+00
-6.072320235721656578e-01
5.509970179046169703e-02
9.877828865359513655e-01
1.000000000000000000e+00
4.088572703065276870e-01
-8.783789788463935988e-02
-1.000000000000000000e+00
-1.543227826676671632e-01
-1.408403767061532919e-01
1.587003291179852338e-01
6.675578600968726239e-02
6.541038160820918934e-01
-9.101769582766588984e-01
8.517192067310096482e-01
-1.000000000000000000e+00
9.560656227266906004e-02
-5.854886732391076931e-01
-7.356046601862556988e-01
-1.146814846954079536e-01
-8.013182166980815646e-01
3.878396156837005671e-01
-8.597614083570558341e-01
-5.452811032561775129e-01
-4.687940970732128454e-01
6.517967413071343863e-01
8.796666818892563411e-01
-8.327179237640814913e-01
8.059783050224607059e-01
3.203788917180044882e-01
-6.825548122408148233e-02
2.009696828091860343e-01
-5.604883600970701485e-01
1.595957614788268697e-01
1.012524416865403509e-01
9.979572354857744187e-01
-6.101222430712262002e-01
-4.903575171490549556e-01
-3.996448619897817744e-01
-4.647314721465639620e-01
-5.900384501903427337e-01
-1.134527806032316621e-01
-1.000000000000000000e+00
7.134572940612540215e-01
2.194269330013520480e-01
-1.000000000000000000e+00
-1.000000000000000000e+00
5.876045367602278358e-01
-1.000000000000000000e+00
1.675867773363525215e-01
1.438884244598228057e-01
-2.302925034721883535e-01
1.000000000000000000e+00
-3.636562174328950570e-01
-9.023233165880247819e-01
8.825675263324199715e-01
-9.923881368014375592e-01
6.143454843443183488e-01
-6.788118307521162631e-01
-9.255427349731665254e-01
1.864764505123856497e-01
6.394834945461673470e-02
1.000000000000000000e+00
2.809952922996050706e-02
-9.645570657292913408e-01
6.719904608662512491e-01
6.102210762415365419e-01
8.203976569759277027e-01
-7.697080616363827232e-01
2.040346551155298171e-01
-9.556281234385055612e-02
2.448882009760420808e-01
-7.430142476764886594e-02
-1.743430518463898876e-02
1.000000000000000000e+00
-8.095369425959098031e-01
1.568185172784259951e-01
4.127002507041908075e-01
3.158093130927109304e-01
-1.000000000000000000e+00
1.000000000000000000e+00
-9.571381410092483222e-01
-9.981023586417081539e-01
1.000000000000000000e+00
6.441669584912110835e-01
-1.054950471846856086e-01
-1.000000000000000000e+00
-6.959313558811435207e-01
8.775835940388881928e-01
2.482274934070620720e-01
1.000000000000000000e+00
-1.000000000000000000e+00
-1.000000000000000000e+00
-1.000000000000000000e+00
1.638257990460668112e-01
7.025214967513901954e-01
-8.308446339837755046e-01
-7.119786739094589034e-01
1.000000000000000000e+00
-7.667966386032014636e-01
4.310400219213769146e-01
1.000000000000000000e+00
2.467463165986488183e-01
-2.560861487123423652e-01
-8.765800019010587807e-01
-3.809002854204581734e-01
-9.162489803699291890e-01
-1.151301536048195545e-01
-1.000000000000000000e+00
-3.256093217281262886e-01
-1.000000000000000000e+00
-1.000000000000000000e+00
-1.000000000000000000e+00
-4.157657364347098206e-01
3.461116135274324712e-01
-2.891165442324965529e-01
-5.276472557164679777e-01
4.332244854600971751e-01
-3.359721933278783101e-01
1.000000000000000000e+00
-2.577936618879065334e-01
-7.433653717986506981e-01
-6.247913908942381855e-01
2.123740978903363441e-01
-6.885303936763516042e-01
-4.164463039306826597e-01
-1.000000000000000000e+00
-9.459540567862423366e-01
-1.000000000000000000e+00
-3.530781955294437502e-01
1.267805321295099041e-01
-4.863101716442181921e-01
-5.948427549222145005e-01
6.229583616577413219e-01
4.562144347531925659e-01
-4.738121447368587313e-01
8.568529726253255596e-01
-1.000000000000000000e+00
-5.662825646379840983e-01
6.688156731476820882e-01
1.000000000000000000e+00
-1.000000000000000000e+00
9.719006808973598144e-01
-1.000000000000000000e+00
-5.633059563207784004e-01
1.000000000000000000e+00
1.022437516549903475e-01
-1.000000000000000000e+00
1.000000000000000000e+00
-5.483242747295887787e-01
-6.705430738003608226e-01
1.000000000000000000e+00
-7.111455323244397775e-01
-6.253353298354954459e-01
-2.766923859452704582e-01
7.290779045022578453e-01
-1.000000000000000000e+00
-7.611036577509202594e-01
9.665708706112705606e-01
-4.959169978438369153e-01
-5.164171526807183055e-01
-6.689621048785614477e-01
9.378530004768992345e-01
1.361503275345472552e-01
7.172164474743449869e-01
9.037577144682813479e-01
-1.000000000000000000e+00
5.644919841444719921e-01
1.000000000000000000e+00
7.667004396133353383e-01
1.000000000000000000e+00
-5.113251599318220375e-01
-6.103996534827682563e-01
-5.355470335564566087e-02
-9.887380614465500761e-01
1.362580972325031226e-01
-3.241406666394254787e-01
2.019469726220838313e-01
-5.908233889543355044e-01
-1.000000000000000000e+00
4.600424704498040085e-01
-1.000000000000000000e+00
5.026387379878540784e-01
-1.000000000000000000e+00
6.801528793869656697e-01
3.875524753265491285e-02
8.554597781116811683e-01
2.654279223506883501e-01
3.344476458869002355e-01
1.685653835272929446e-01
5.821378830866742460e-01
2.224958295413647924e-01
4.812716374052682378e-01
3.431065215543706581e-01
5.210551504369714815e-01
4.193304419745174094e-01
2.666797492896061383e-01
2.574071047718287097e-01
9.958346374660969058e-01
1.000000000000000000e+00
2.868436540772121845e-01
4.734436680282242960e-01
3.291112545071367412e-01
5.063605735014961029e-01
9.988330010584357543e-01
5.277864347411420631e-01
7.426060947810749768e-01
3.941818602601865340e-01
3.090606151048476691e-01
1.147024140142841181e-01
3.388346071834862361e-01
1.000000000000000000e+00
2.331796311798878252e-01
7.490444142307536302e-01
5.933008144473000955e-01
4.333526830995531598e-01
5.447879529640197172e-01
1.009137037695948536e-01
6.307567029969135541e-01
1.000000000000000000e+00
2.943860548628019491e-01
4.044357225746856854e-01
2.594416769908530762e-01
2.358257408587808579e-01
4.492336412326224937e-01
1.000000000000000000e+00
4.582973579560979949e-01
3.396240891495900804e-01
8.315636045451241243e-01
3.776139851634000011e-01
6.327041271291705682e-01
2.664368875198689368e-01
1.000000000000000000e+00
6.760149455264438667e-02
3.418957574814942002e-01
2.264932513622318622e-01
4.803841906514894067e-01
5.172544399996389375e-01
5.123474688243738751e-01
5.210922240997142296e-01
3.214747567067729461e-01
2.637223532632823608e-01
2.265662260380742754e-01
1.000000000000000000e+00
1.290151888895330612e-01
4.945431702601773560e-01
2.409993290024351476e-01
4.980167203765895056e-01
3.381556140254995957e-01
8.453196102526157052e-01
6.925124970002272118e-02
3.342636136363581478e-01
2.072889458662190432e-01
3.812855693857836181e-01
1.000000000000000000e+00
2.313322175194520158e-01
7.093953143050761578e-02
9.083996785409172992e-01
1.117511097221599997e-01
7.308206470451736880e-01
2.749782339930268438e-01
3.218276615344013436e-01
7.329437587920580865e-01
1.000000000000000000e+00
3.109881507518144073e-01
6.913124670907978553e-01
6.049174577568307010e-01
3.217263049849752865e-01
6.644287002607355275e-01
3.891153842149263076e-01
6.169684312288535866e-01
1.444933831172337257e-01
8.127488683027423999e-01
4.846602287464709669e-01
4.220148128256763775e-01
3.937378982829181084e-01
2.900792985347043773e-01
4.116515283270333336e-01
6.450842208884414175e-01
2.341797213472312233e-01
4.696532637439388980e-01
2.740607892063258166e-01
3.528993484036261341e-01
6.519497612517763940e-01
1.180099847797208418e-01
7.778809086363622782e-01
5.312872956402197033e-01
1.634700317164536343e-01
2.832646678145623320e-01
3.603274003847778406e-01
3.031221383726605545e-01
1.087606777372963907e-01
3.535581524987966295e-01
2.482835681829430041e-01
5.503463287896689371e-01
6.599019098795206872e-01
3.706610853954313556e-01
5.091208581767050489e-01
2.318464061619715522e-01
1.464731941174033381e-01
2.149672997066194025e-01
5.271046639547836143e-01
2.633271312510299111e-01
4.930757579251307532e-01
3.438464575359450048e-01
3.959366714255265762e-01
2.649265798335082578e-01
2.328512732932844498e-01
1.148931226415024764e-01
4.312721968908562187e-01
8.449861409246206545e-01
5.207298991917079789e-01
1.643162369284508206e-01
2.017015489360231284e-01
9.679038130832045006e-01
7.293520772364832094e-01
5.962419705518845481e-01
8.189656577320596487e-01
1.630349874171969360e-01
1.000000000000000000e+00
2.197413708654932241e-01
2.232367370418048003e-01
3.049320623745544467e-01
5.814427110019156908e-01
7.462909991762695094e-01
1.888777752255443032e-01
4.446077544933904613e-01
4.801106813859280509e-01
3.727914604544440569e-01
4.672371767946040255e-01
2.268881798010501938e-01
3.363705568075580632e-01
6.528347644448802001e-01
2.413900707296454395e-01
1.535145226370281668e-01
1.000000000000000000e+00
5.155606059741563163e-01
3.369526484759290952e-01
1.582368972790176298e-01
1.775528347705583598e-01
3.324832554760869252e-01
1.968738442999800053e-01
3.893137364963629721e-01
7.606246046410534978e-02
7.251324425352961844e-01
5.971434356713524183e-01
5.423728714606369516e-01
4.985767272372069736e-01
7.098872064498716883e-01
7.591990180935875854e-02
2.558184805734772804e-01
5.966755589217921374e-01
1.199365329119600337e-01
2.971178228263093302e-01
8.438409377259179500e-01
3.137530557096614992e-01
7.756624586147277123e-01
8.531138853303383840e-01
6.700469213325830342e-01
2.955105353871756435e-01
3.035189171481242898e-01
1.790833842469345405e-01
3.825251012154071151e-01
3.866169329471292326e-01
1.048921692843639147e-01
4.515179283684205291e-01
8.128973717856946557e-01
1.618325114832782630e-01
4.667322409857680432e-01
1.000000000000000000e+00
1.939832199096195309e-01
4.244614362882734304e-01
6.517970561555179454e-02
6.017745252514943299e-01
3.484004938410696361e-01
4.221220600429382852e-01
7.013674857072759172e-01
5.250944564949721061e-01
4.772952748841062798e-01
8.324372824687107375e-01
6.053020176713436173e-01
2.066774832599102829e-01
2.189466640508982431e-01
4.340762677517923107e-01
3.205391679489459356e-01
1.000000000000000000e+00
3.063901394565368697e-01
3.290064382447634439e-01
6.748480718889200425e-01
1.555179724366832217e-01
2.139636658474858566e-01
1.000000000000000000e+00
6.313642583296674715e-01
2.975109152160796966e-01
3.500080219271842763e-01
9.439594306566768678e-01
5.112862696566824461e-01
9.548963913354315824e-01
6.777797436770762740e-01
3.006393424736364395e-01
2.410923153384892381e-01
1.207219642335091575e-01
2.930656110950584092e-01
5.008191999083159152e-01
3.651168673419735167e-01
1.000000000000000000e+00
5.033209202664523652e-01
2.051468005466304534e-01
5.016204300066412491e-01
3.328812462015974249e-01
5.913735303126725906e-01
2.790159757740081625e-01
1.000000000000000000e+00
1.890745340560516519e-01
6.275832067175471929e-01
4.504767438469313157e-01
4.626407829667881777e-01
3.186853109842274212e-01
5.643621938827060314e-01
3.508148544828630366e-01
4.282647204265578877e-01
7.122434177593773841e-01
3.987288906374306108e-01
1.730733870503742833e-01
3.923738161351150167e-01
5.409385477717968405e-01
2.432732312312959333e-01
4.082788066245290892e-01
3.110385351986526548e-01
8.898525065565023873e-01
2.941847182597935872e-01
8.771196764918048894e-01
4.243858978947877558e-01
3.415414122055291934e-01
4.406962455356036035e-01
1.000000000000000000e+00
8.150331122710283704e-01
1.688849091388050228e-01
2.393411897447277337e-01
1.578429456924212715e-01
9.003751869499500293e-02
2.896659533123321917e-01
3.834324925385319549e-01
2.242646056410198541e-01
7.806769789824514749e-01
1.000000000000000000e+00
4.870667669505975295e-01
1.000000000000000000e+00
1.977552901432465815e-01
1.075791124978526109e-01
3.813205473269574708e-01
