-3.835265925591212488e-01
-4.087714527165162148e-01
3.019251488796156208e-02
-9.601532750232192326e-01
4.875008419367801160e-01
3.865960266595079853e-01
1.684387381862529898e-01
-9.999843076304004708e-01
-9.999942000114365737e-01
1.000000000000000000e+00
-9.204917025486059057e-01
5.109029306572288043e-01
-1.000000000000000000e+00
1.000000000000000000e+00
-2.409354466569623709e-01
3.634002732639801669e-02
8.812182754924348382e-02
1.436892112626118045e-01
-1.042972361838264694e-01
7.130422448660791446e-01
3.670169221962586992e-01
1.424984918138578194e-01
-1.696566286824808395e-02
-8.047293339641078402e-01
-8.855960208193860983e-02
1.000000000000000000e+00
-9.013875444841483731e-01
-7.788726762896547307e-01
-9.999754921997136003e-01
1.000000000000000000e+00
-9.247256213511529932e-01
9.951863087102585936e-02
5.054774081881328041e-01
-8.913541306244421314e-01
1.000000000000000000e+00
-7.989858686024797763e-01
7.189136514076385209e-01
-2.514652803392938580e-04
-4.570318433988334039e-01
5.052167493624695194e-01
-8.108372873300694339e-01
-1.000000000000000000e+00
1.269478058298467993e-01
-9.999346757260725305e-01
-2.527512739886325077e-01
9.999721978528919308e-01
-5.197559771002527862e-01
2.566083649418992030e-01
-7.961433370502073448e-01
1.000000000000000000e+00
-4.471481784784305802e-01
-6.860911776616467339e-01
-7.826769498760584032e-01
-9.999937698843972544e-01
-2.851485906296468698e-01
-1.092072001280926935e-02
-6.825379960908890542e-01
9.999688662187325994e-01
7.721329612710915447e-01
-4.170710824463350758e-02
-1.000000000000000000e+00
-1.760490981028287050e-01
6.388381348060568898e-01
-8.132742506256230852e-01
1.000000000000000000e+00
5.754186471773470313e-01
-9.999727797132447193e-01
8.807316350944695005e-01
-4.212316712244398298e-01
1.170108507477587989e-01
-8.766072208312316802e-03
-9.999970519064087515e-01
6.927863174287067771e-01
9.999862815848199471e-01
-9.453088455039115878e-01
-3.055995735315983897e-01
5.703278982897292959e-01
9.999949247144940268e-01
5.744294544894259502e-01
9.255938047515871459e-01
4.604209625014974439e-01
-9.999980208502134982e-01
1.000000000000000000e+00
-4.702043099699452222e-01
-9.999928411587060140e-01
-2.846300981712107658e-01
4.367390293246395938e-01
-9.999694515990255050e-01
-5.518286501963208801e-01
-1.000000000000000000e+00
9.999871727231368634e-01
-1.000000000000000000e+00
1.000000000000000000e+00
1.000000000000000000e+00
-9.999979623288692832e-01
1.661869082738293146e-01
6.815742192786991005e-01
1.364133993821531887e-01
1.380961236110576917e-01
-9.999902999012233451e-01
-7.608961957692644829e-01
1.000000000000000000e+00
-1.000000000000000000e+00
9.999835232006510921e-01
-1.448864064858737255e-01
-7.524171458881978580e-01
-1.000000000000000000e+00
9.999996777906284828e-01
-7.965956796065281065e-01
6.965992266848457515e-01
8.163472813431253972e-01
-1.000000000000000000e+00
1.000000000000000000e+00
1.000000000000000000e+00
1.469444041127151712e-01
-5.628287257727800919e-01
-2.769327506440666942e-01
-1.000000000000000000e+00
1.000000000000000000e+00
1.000000000000000000e+00
2.432569476850223178e-01
-8.812743520790655705e-01
3.862470035872837548e-01
1.000000000000000000e+00
-1.045845437169479752e-01
-4.327953462064030865e-01
7.065818796042664385e-01
-7.372967934438056092e-01
9.999942330401426771e-01
4.092111240981879949e-02
1.000000000000000000e+00
9.999661109465284303e-01
9.999997803000066909e-01
-1.000000000000000000e+00
1.000000000000000000e+00
-3.926134505293702448e-01
-2.803933170571314658e-03
3.179039596085247998e-01
-9.492463295535973344e-01
4.517658253126193291e-01
-2.515166554254112397e-01
-1.119960208822581571e-01
6.874063386339170911e-01
5.978378236814412272e-01
6.155335093402873881e-01
1.000000000000000000e+00
5.395722051913274253e-01
-2.733554937764394177e-01
2.626357851901970353e-01
-9.999895199971288173e-01
6.475433506950046825e-01
7.726775208280090013e-02
4.284951559121934483e-01
3.140204929464771588e-01
2.041104275343719188e-01
-1.832587601089981366e-01
9.550823107266415146e-01
-1.000000000000000000e+00
1.000000000000000000e+00
6.625932842052564276e-01
-1.891819746029176630e-01
1.030036807921601988e-02
-9.999942466997052692e-01
1.000000000000000000e+00
7.459150409186562358e-01
5.782948237884388831e-01
-9.999958094346270698e-01
-6.565144750233904425e-01
4.342207733069110009e-01
-8.320316828489258132e-01
9.721249508148943619e-01
5.184500328400667435e-01
-9.999954202672951542e-01
-1.000000000000000000e+00
4.117823312851022766e-01
5.184735483535436451e-01
6.098617336747885753e-01
1.000000000000000000e+00
-3.382293830834841586e-01
8.234705605643893866e-02
4.884414702984812839e-01
5.143433632975524805e-01
-2.182974538396968700e-01
5.277820803141733963e-01
3.729467018547058532e-01
-9.999884403007615052e-01
-6.848455263321400199e-01
-3.835436669422902511e-01
9.440536112090825993e-01
1.851235314510565498e-03
2.100918868732850053e-01
-3.735172249648427423e-01
9.999795647916187580e-01
-4.457042486036564277e-01
-4.452739454811607822e-01
2.879326333610570526e-02
1.849310266764149224e-01
5.359555643682176740e-01
-3.075376068868872492e-01
-5.128803516545626939e-01
-4.698955242700071366e-01
-4.294798374912689454e-01
-6.549265701340245549e-02
9.921189131901381186e-01
7.638063658677092249e-01
-6.265254178126899998e-02
-8.845833369663755885e-01
-5.525336364364460406e-01
5.670531523156165099e-02
9.999832090468976364e-01
-9.999972488249793123e-01
9.999825448598351763e-01
1.365047712015964865e-01
1.000000000000000000e+00
3.147633352927559081e-01
-9.163056578823495224e-01
-8.667957104786963018e-01
-1.000000000000000000e+00
6.413639765225749301e-01
-3.700781429869441919e-01
-5.436851107557225671e-01
-7.905000548206040367e-01
9.999734669226878481e-01
3.787373903956452459e-01
-6.177080888747386034e-01
1.961472229064247785e-01
4.124457414496745383e-02
7.931328213727373289e-01
1.000000000000000000e+00
9.999830853374198636e-01
-4.310311005387375272e-02
-5.250968284240998818e-01
9.999983753211590942e-01
1.000000000000000000e+00
-3.935878116783433911e-01
6.889906537493460936e-01
-1.755131628986488224e-01
3.890267596836535779e-01
-9.999870185488841656e-01
-1.000000000000000000e+00
2.627377278336786581e-01
1.000000000000000000e+00
-7.176081573524719648e-01
-8.179941579729628209e-01
-1.651309462171558218e-01
7.783414241169803738e-01
-9.999954210333041882e-01
-4.752097426683968839e-01
-7.629318091255662404e-01
9.999799687792954028e-01
1.253105928150439752e-01
-5.311810226828910242e-01
-5.618496556283923971e-01
-4.448830517686783725e-01
6.189763723885717273e-01
-9.999723147204830909e-01
-9.999926619653733972e-01
-2.565857026154538811e-01
1.803166229229381801e-01
-8.658554761590343818e-02
-1.000000000000000000e+00
-3.008039854328785345e-02
-1.705890615561923562e-01
-1.969913056364072657e-01
-9.730649127003527799e-01
4.492218554594182844e-01
3.841082492199345277e-01
8.202730350335298848e-01
1.910557902549624987e-01
7.336131841599393688e-01
2.625982867473506954e-01
5.626486704296068675e-01
4.883653419786895822e-01
8.479702758697341691e-01
9.497760128076107033e-01
1.796324888802339759e-01
4.457904052634006353e-01
7.868144019514573539e-01
5.437220646619584929e-01
8.185816527691602840e-01
4.523357887910789410e-01
6.621752376193679179e-01
3.157459196653664701e-01
2.491756666763979000e-01
4.745524772716200879e-01
7.229616515118710840e-01
6.709736560806989214e-01
8.482327844640297210e-01
5.633494235969438435e-01
1.000000000000000000e+00
5.941262327068284055e-01
4.978300055626484477e-01
3.462583165387417283e-01
3.257057408024123246e-01
2.681340107830662012e-01
1.961127742036031241e-01
2.513282770963505275e-01
2.267033879198269153e-01
3.691110141351628959e-01
3.259652602861140003e-01
3.467235928859480065e-01
6.256798316265348436e-01
4.086231009357257360e-01
3.993940626744032496e-01
2.408967140410364638e-01
9.388047814652339396e-01
9.367433909889266719e-01
6.496126444495666785e-01
9.999943151158305898e-01
5.499532307325472047e-01
6.308341087383053658e-01
5.292245387907542620e-01
2.430212367781316440e-01
9.765802073524968430e-01
7.288232626127141289e-01
7.235625409072130587e-01
7.511160601327430131e-01
2.831843110617530135e-01
2.564967822747436510e-01
4.598206789352067281e-01
3.625008632776580697e-01
3.180345466396123366e-01
4.548089461847617532e-01
7.142989944737822006e-01
5.802276577610288033e-01
6.317900049170184218e-01
3.148235702981674877e-01
5.906363876881105535e-01
2.864522086012700752e-01
6.978666508803421653e-01
1.782235489053911603e-01
5.094002765450438286e-01
4.145984256362794662e-01
1.849989537903143633e-01
4.150111319853946323e-01
5.512329851992157081e-01
2.760900954302277222e-01
1.831602495315808876e-01
7.293491640673783749e-01
6.033667643779792034e-01
4.503303348002898887e-01
5.880374169322291067e-01
4.771251998529864036e-01
2.496501128415210546e-01
2.829202366539460001e-01
3.411501921029638229e-01
2.700140045007468625e-01
2.899106707764858015e-01
3.684382907214203140e-01
4.258314892631225312e-01
5.579715980258153074e-01
2.038249031529930089e-01
8.032342085332164761e-01
1.000000000000000000e+00
9.680788847077004267e-01
5.440270174797405822e-01
3.402635321695902104e-01
2.661779220782419797e-01
8.404410560677566533e-01
1.542372057480918546e-01
5.406987448354630965e-01
2.957008988902962709e-01
3.918476237879582325e-01
5.109082439536793974e-01
6.896892254415796231e-01
3.421428414045259991e-01
3.057843451650263944e-01
7.770506754427841667e-01
4.015181932070713833e-01
4.254542197343600396e-01
1.605164035605555206e-01
4.688867021227420828e-01
3.093596084219629172e-01
2.210405089506477516e-01
7.786248469379104531e-01
2.249820196319902155e-01
6.275360901025066607e-01
1.000000000000000000e+00
7.320739134609941523e-01
5.251554489643888157e-01
4.545160605335797355e-01
6.263442593564201299e-01
8.884469351231893963e-01
3.365902685907816716e-01
6.554740017355368265e-01
6.011589020566632247e-01
4.147351852824766594e-01
2.715297078274770404e-01
3.802233306731611084e-01
6.247180584095733957e-01
7.903707814197011849e-01
5.810724717975618292e-01
3.616659467133282457e-01
2.785063161198136350e-01
2.944292264076177612e-01
7.227277509318985604e-01
6.966533202183051721e-01
3.506652414930975237e-01
4.301017537122726608e-01
9.335923542807393893e-01
2.595945278199598416e-01
5.076348804242178936e-01
4.623829722333545611e-01
7.133401226181707022e-01
5.417392218161038997e-01
7.468298184222759151e-01
8.810601971248983588e-01
7.077956898408976905e-01
6.271839739435349781e-01
3.596352151572828060e-01
8.836060334148776452e-01
3.638762800578787537e-01
2.677415978334575786e-01
3.992989138001861171e-01
3.981207989948166159e-01
2.715822842433184836e-01
5.305385776380654450e-01
5.180014460448079117e-01
8.920446724548947159e-01
3.004976824566095717e-01
2.654854495785880508e-01
6.998952495460926126e-01
2.629042710157605267e-01
9.714954679725187336e-01
5.040200747702783257e-01
9.843617633810791689e-01
4.339437635619461942e-01
6.299545848762271305e-01
2.758391558208823091e-01
7.907250603595886718e-01
2.590855103924560865e-01
2.699813765139554844e-01
3.191182336979728196e-01
6.580103342133378774e-01
6.490415518348201518e-01
3.233157010937958153e-01
2.431166608928238271e-01
4.820546724044008080e-01
4.253826827710526226e-01
2.624533789178255527e-01
4.909116916705698053e-01
2.728333107281092351e-01
1.000000000000000000e+00
5.466943502221730533e-01
1.950468753488646678e-01
4.722922241757901984e-01
3.885610163029793451e-01
3.414710305415932234e-01
3.159807057552493359e-01
3.187534795070176008e-01
6.208110312584348423e-01
9.999923347761472403e-01
3.235332022662648077e-01
2.628212913441467791e-01
4.693819581794524964e-01
7.184047196762534115e-01
8.402620659155399796e-01
7.829563307292174423e-01
3.923738557860921849e-01
8.397814595161635642e-01
2.629213784567269174e-01
3.534359354286059074e-01
4.969729436566961978e-01
5.774733678766476030e-01
2.828727073602795294e-01
5.362681976403549378e-01
7.317081583897782071e-01
5.056643016040835992e-01
2.580163360981457821e-01
3.758117403213045993e-01
3.427385054074956194e-01
4.349562587315641826e-01
2.573905752048200046e-01
2.566034174315416916e-01
7.927871758565958604e-01
7.157532289947959869e-01
4.686553252320330709e-01
5.963871895864216732e-01
7.814744938535380658e-01
4.618188474527405996e-01
2.935598090833613227e-01
2.440267074459865626e-01
5.831268035929948468e-01
1.000000000000000000e+00
4.369463768837774653e-01
6.821908054151997192e-01
4.881996578669811626e-01
4.209977231267553188e-01
7.317692493039245072e-01
6.891408459073024018e-01
3.389523487014045044e-01
7.626438902464058867e-01
5.904807185888658605e-01
3.787390884945308622e-01
4.243487769354241657e-01
3.744566623259140137e-01
5.073922652180136161e-01
5.106253571335468422e-01
9.999955177930528460e-01
3.312765973433758893e-01
7.827701792800823011e-01
7.409924225634305639e-01
6.618449730450269852e-01
1.000000000000000000e+00
8.854378040917143533e-01
2.622409286563460729e-01
4.864334743039236963e-01
1.506391004691793045e-01
6.592182462131985776e-01
1.000000000000000000e+00
6.185699804601163532e-01
1.322168040978070058e-01
2.152613776482214525e-01
9.204556092696791758e-01
8.680102237922761033e-01
3.933676952802540594e-01
5.425452089238252951e-01
1.416196434845199414e-01
4.238047270680370682e-01
7.207159057454196605e-01
8.518094713801906970e-01
8.843086526505952172e-01
9.888885037657482169e-01
5.192056134603340034e-01
9.999959235341656649e-01
5.450019872528958365e-01
6.020136716155849443e-01
4.632544941983433029e-01
6.852219419204491624e-01
6.724556017602751901e-01
