1.000000000000000000e+00
4.467356809603098555e-02
1.263692271433105585e-01
6.732688698492514945e-01
8.397938397239852470e-01
2.831536945152481888e-01
-8.700992036795431872e-01
8.155747347584518803e-02
3.998555362954557268e-01
6.133131028992137024e-01
5.466011157382038022e-01
7.420468713980882258e-01
4.975807958675003695e-01
7.297271338555864073e-01
-8.032337597792296169e-01
-2.827952378935273958e-01
4.198171695718357910e-01
6.597573981166454660e-02
-2.232918813410798842e-02
4.871501532445594029e-01
8.072833347691812378e-01
-3.387052195772318752e-01
1.000000000000000000e+00
-8.717380195041435353e-01
-5.733082897096798414e-01
3.427656667272421798e-01
1.000000000000000000e+00
9.967659583444697657e-02
-1.000000000000000000e+00
-2.241040164223695452e-02
6.323532351139498076e-01
3.839701153371287146e-01
-4.985094191218096826e-01
4.325036933931661887e-01
9.206961594677876004e-01
-8.229870721126650857e-01
-7.172488248277913980e-02
7.625358483570864321e-01
8.068483696480653888e-01
2.936378768349973134e-01
2.743582314373034237e-01
-1.000000000000000000e+00
6.685823592116160174e-01
4.271113373487425702e-01
-9.837945226696866996e-01
-6.971883278014521235e-01
9.251410195760800814e-02
1.119748913886156327e-01
5.639556160539938023e-01
4.138878083641925887e-01
-1.539406044686427166e-01
-7.604208642773474525e-03
2.799228768276755264e-01
1.000000000000000000e+00
-5.638690460294983886e-01
-1.000000000000000000e+00
1.000000000000000000e+00
-8.618109046976404342e-01
-6.950285444508161881e-01
-5.457333115564619863e-01
-1.207369785216404479e-01
-1.000000000000000000e+00
-9.786848388300241064e-01
4.657923817622732221e-01
-1.000000000000000000e+00
-7.594646312749220307e-01
4.709847367120603145e-01
-4.369575173770725574e-01
7.962948105827842848e-01
1.534557308935956266e-01
-7.831922321321003189e-01
6.750863377970350854e-01
1.215092636574223173e-01
1.000000000000000000e+00
1.890013384510490502e-01
-4.193388762129640623e-01
-4.766356814138786868e-01
-3.487002471952068139e-01
-4.219893194596608943e-01
-5.955919903756492495e-01
2.391506379300996077e-01
3.493834498880916128e-01
-6.941391099307364643e-02
-7.584135026491091169e-01
7.728902841173292959e-01
2.165578545405989486e-01
3.627729691730857686e-01
-1.000000000000000000e+00
-4.062401177918329997e-01
-4.151893053153533630e-01
5.862711127086046581e-01
-1.067176669561403779e-02
-7.903829113470548506e-01
8.112790875540448754e-01
-1.000000000000000000e+00
5.341200109719708156e-01
-4.150063705941297587e-01
-1.000000000000000000e+00
4.550930422759935645e-02
2.980029926619480185e-01
-7.239255816308430846e-01
-1.810869311342485632e-01
-9.654524277576758129e-01
8.926329634586422923e-01
-8.810805466394797669e-01
1.000000000000000000e+00
5.261160296067479702e-02
-7.001779932201689371e-01
6.588701418271225574e-02
1.950782997376089289e-01
6.309314394260885361e-01
-2.366462455519907082e-01
-1.000000000000000000e+00
4.087060372635457073e-01
5.789796239855888871e-01
2.443939052580033910e-02
1.257636830371027248e-01
-3.841280268613931348e-01
-1.711564601545848552e-01
1.000000000000000000e+00
-3.587359922184539807e-01
2.215640376828512115e-02
7.002003220613621515e-02
-7.928155691974340114e-01
-8.382615111745681524e-01
-1.447079362965734695e-01
6.214025780190879367e-01
3.250970639760993874e-01
5.595455495292718240e-01
1.000000000000000000e+00
-9.353816374479441142e-01
1.000000000000000000e+00
7.503336867051060288e-01
3.411763673262860896e-01
-5.440062556400450111e-01
-2.496848871778840628e-01
4.381100857386794334e-01
7.932260651013043340e-01
-3.545112785635091135e-01
-6.690022856021845543e-01
1.000000000000000000e+00
1.890012122851845722e-01
1.335591529066964545e-01
3.811905902119483436e-02
2.069670501072312652e-01
-2.934853543688357158e-01
-6.415133795683529705e-01
-1.000000000000000000e+00
-9.151047714997923022e-01
1.000000000000000000e+00
1.000000000000000000e+00
-3.020400332246634956e-01
1.929138974613030522e-01
-1.910454839455908993e-01
-3.599140844119462779e-01
-2.049047593072819140e-01
-6.507231798335592066e-01
7.283965029220907939e-01
7.143519929632544674e-01
7.656734163313300146e-01
-8.174836166065843068e-01
-3.146659462101975002e-02
3.776570526205660916e-01
-6.931449427540441466e-01
8.108648390415214013e-01
7.234640716387003012e-01
7.844115478539424036e-01
1.621342835612035183e-01
2.090815087402524974e-01
-4.350564611142629934e-01
2.719497934430300523e-01
1.000000000000000000e+00
-1.000000000000000000e+00
2.218307564701235968e-01
-3.052539569495723026e-01
-6.170766545459983599e-01
8.114375063411299882e-02
-6.331512942286801060e-01
9.118766150331009124e-02
-4.154208765366914635e-01
3.065901131711107341e-01
-8.875492927065226079e-01
-9.327341023128749020e-02
-1.000000000000000000e+00
6.074099736852230924e-01
2.570040085515178929e-01
4.844166030610414508e-01
-8.520449173641175822e-02
-1.000000000000000000e+00
-1.000000000000000000e+00
-1.000000000000000000e+00
5.000735171876272700e-01
-2.486656390989590570e-01
1.000000000000000000e+00
1.000000000000000000e+00
-9.038263387181783015e-02
9.485255978550142242e-01
6.561693107704440475e-01
-1.000000000000000000e+00
-1.000000000000000000e+00
1.000000000000000000e+00
1.604367120653871215e-03
5.279635157425199843e-01
-2.305766140148538534e-01
-3.134232587337141274e-01
-4.236142700412393047e-01
-1.000000000000000000e+00
1.000000000000000000e+00
-5.827705752161738140e-02
1.000000000000000000e+00
-3.272758135058025930e-01
-1.890834793771626332e-01
1.000000000000000000e+00
-7.466799796079487406e-02
1.000000000000000000e+00
-8.266498958756192117e-01
6.289460679283864764e-01
7.509484962973327349e-01
2.292888532629135390e-01
4.580975231458415675e-01
5.931797099834497100e-01
3.148838864884080935e-01
-5.054453900846651582e-01
-8.039104405349203342e-01
-5.126694921190515508e-01
3.649305297440295914e-02
1.000000000000000000e+00
-5.405261513468800905e-01
1.000000000000000000e+00
9.638100717528363948e-02
-1.750199927693510960e-01
5.647332605955560636e-01
-6.145358085146762628e-01
-5.401047825935404445e-01
-9.447368790909004277e-01
2.429027177526698056e-01
7.479196473918454657e-01
1.000000000000000000e+00
-2.387287300082222563e-01
-2.023026117702065030e-01
-2.755190621016020969e-01
-1.568865836695186033e-01
4.463908262373376123e-01
-1.573113371996878729e-01
9.657653357797957305e-01
-1.000000000000000000e+00
1.000000000000000000e+00
-4.703709696453001743e-01
2.832019353289507158e-01
4.663086008809587679e-01
9.025595390674776564e-01
-3.774445919726535648e-01
-5.219123885978642630e-01
8.667096227644757178e-01
4.951001666199950635e-01
7.189970153733876712e-01
1.000000000000000000e+00
-6.552540887846903805e-01
-5.937356496978607456e-01
1.429377646169534000e-01
6.730305546688182261e-01
-1.000000000000000000e+00
1.987108584593214600e-01
1.000000000000000000e+00
1.000000000000000000e+00
1.894509356036913061e-01
2.456177914519425687e-01
1.000000000000000000e+00
1.000000000000000000e+00
7.457843788441069766e-01
5.733385747172528024e-01
5.053029438881548874e-01
4.015781462207037578e-01
3.614126066237131063e-01
2.290975509882919037e-01
8.737891960746368980e-01
1.885564705480964054e-01
6.704118093596689310e-01
5.357768007489324136e-01
9.597517451921909748e-01
3.904732826704951920e-01
8.943897989534661530e-01
2.686109353878839978e-01
7.046074521830482107e-01
4.543593531224054405e-01
7.059057623961614292e-01
4.292098208809728699e-01
3.501458823376040752e-01
8.668729567703535865e-01
5.322931424937893397e-01
3.092358397679561555e-01
8.484567365372096548e-01
1.946492862415441505e-01
2.557331816539895608e-01
4.135509498426898078e-01
9.145336515691656620e-01
6.109715019683213955e-01
7.146179559748756516e-01
5.544291078191864175e-01
5.933918537730187293e-01
7.162454648449613215e-01
1.640037707608933970e-01
7.634646649745792102e-01
7.229015431178960061e-01
6.200430081664317639e-01
9.755952009619353049e-01
5.301675921673358882e-01
7.297774530154635952e-01
9.480953911597208572e-01
2.149867478801503751e-01
6.689211028501391709e-01
2.870049270956874232e-01
1.632711589239828898e-01
5.335459562190345562e-01
2.025098810668818916e-01
2.641912239737180257e-01
1.910705640520355686e-01
4.511361685896035367e-01
2.191625328023630304e-01
1.000000000000000000e+00
4.663221714847819444e-01
2.797290433700433954e-01
4.084079584371945737e-01
6.049270785428010333e-01
3.981795256508562364e-01
7.529006348169298146e-01
3.861932216318431088e-01
9.523571476792520585e-01
2.864006998665502568e-01
6.283941628174217753e-01
4.519336658552253194e-01
4.650129818890464395e-01
4.559845103339309480e-01
3.772081394926427023e-01
4.501088716090517750e-01
8.700846010850566969e-01
6.893002217727207670e-01
4.431196162801974703e-01
3.773923064325796495e-01
9.922640020059904087e-01
3.652162163033092490e-01
4.470212714772232032e-01
1.379764515798323488e-01
2.451014583999425733e-01
6.489942924177174444e-01
8.053624657457773006e-01
1.969033842418119740e-01
2.977278220013510612e-01
6.094067413078558815e-01
3.907682863995894373e-01
6.686427910644892059e-01
4.348003920147474610e-01
8.226556366151414057e-01
2.063956557220922583e-01
2.139303986648579958e-01
2.952555489049057402e-01
5.675029245412476220e-01
1.099479640116846901e-01
4.502852621780580877e-01
4.318184784763054451e-01
3.266169860215026310e-01
4.816001477640566297e-01
6.516649057233975251e-01
1.254423640776592963e-01
4.680578117736205468e-01
4.429279424745899973e-01
5.530285782472739164e-01
2.295963438870588791e-01
6.475618509471485762e-01
7.643002228730555458e-01
6.786715663734609327e-01
4.601232119925199315e-01
6.632403231426052814e-01
4.297743755844886104e-01
9.324739551241727487e-01
4.542287211733532781e-01
6.633403602212276651e-01
5.078807380460117482e-01
4.088158852790785280e-01
2.870828521936026889e-01
3.177503017282359843e-01
8.574171416357876385e-01
2.424037160932861756e-01
5.804453758187648749e-01
5.125552820397679676e-01
3.197063386074677216e-01
1.653442683042535555e-01
2.461772000866487287e-01
6.246716626082533530e-01
5.255708967652081842e-01
1.908844230261571850e-01
4.153200341476764867e-01
2.867219467458168580e-01
3.505556353705163719e-01
7.076619455021011529e-01
9.346952885890140728e-01
1.000000000000000000e+00
4.917282076753454190e-01
5.871671576663632930e-01
4.078879795826103050e-01
3.514221581007359596e-01
3.189942633359157398e-01
4.359180436651738377e-01
5.885759305722483292e-01
1.934570989347391967e-01
7.815063431447630826e-01
6.286878379674412098e-01
2.493456248003154963e-01
4.159422270299572011e-01
7.145133616550671807e-01
6.822902323848036854e-01
2.597838975445125875e-01
4.082006388335625013e-01
5.394693961953180850e-01
4.787564284910347800e-01
7.407689131241075309e-01
6.994312413152888874e-01
2.737522740513673170e-01
2.123981292474155236e-01
3.506114708105287359e-01
4.487222371981864355e-01
6.629037155151686900e-01
4.349652303555190391e-01
6.143908926521480796e-01
2.427618304622763123e-01
1.684428046496909692e-01
6.432017624958593638e-01
3.611914494480570337e-01
4.594516903981554767e-01
2.043358611527249513e-01
8.264652732036495975e-01
3.212716693201435603e-01
4.652559999092709675e-01
4.420021683817972336e-01
6.987404111055097733e-01
1.284137894196726859e-01
2.360988731344475233e-01
3.006835067157471175e-01
2.636012884846875570e-01
6.341948471435299162e-01
5.709532314477476778e-01
1.994883566103154426e-01
7.746232134455351970e-01
3.012470072038114233e-01
2.759000752541452273e-01
1.000000000000000000e+00
1.000000000000000000e+00
3.388927566391955470e-01
1.000000000000000000e+00
4.392359742332684891e-01
3.047007544072254381e-01
3.554848860395571353e-01
9.122480908709390546e-01
4.764208000245970798e-01
7.616044436238239568e-01
4.013978950798036127e-01
6.643465033195937730e-01
3.365774317676389904e-01
3.029294342580710064e-01
1.000000000000000000e+00
5.338133086080236733e-01
3.212642198497138724e-01
1.600564843906929768e-01
6.173749231942229354e-01
7.449556634524703291e-01
8.610268818398347790e-01
4.592800584192092694e-01
5.957253625232252769e-01
4.378443572622393587e-01
3.090686337132471651e-01
2.502359039789308626e-01
2.672110633741077157e-01
8.836831072734820935e-01
2.977748681566735334e-01
6.413092706363171525e-01
7.071758777626507841e-01
2.655656971005557754e-01
4.991762935610594698e-01
3.847708428573836659e-01
1.889055139146758322e-01
8.721587761282005857e-01
4.146344535312118107e-01
2.941963171321431703e-01
4.599745433931997640e-01
8.310406089848244582e-01
3.973038091715582198e-01
3.241918533591653384e-01
6.275820567697104613e-01
8.230989016291728744e-01
7.751560582201848515e-01
2.339663244145885057e-01
9.265838602010193492e-01
3.444135471491242551e-01
8.832822690000459165e-01
6.093709621149833167e-01
3.393809905384313486e-01
8.786510497338463344e-01
9.267789008453100053e-01
2.714573420006317628e-01
7.225990466208763729e-01
7.996156211385214707e-01
2.371496937531783200e-01
6.579825256977236414e-01
3.758304946348872133e-01
2.691406328835042605e-01
5.268903504222292034e-01
1.409481629213669152e-01
4.129166909470258773e-01
4.834796175533119245e-01
3.602946767150277951e-01
4.889014597343103175e-01
5.271356371391756612e-01
6.018282965113469496e-01
5.527060842227801141e-01
2.617547766150808419e-01
6.219086310838497500e-01
1.000000000000000000e+00
3.453683188501504575e-01
6.108855212515486022e-01
5.280786915890728350e-01
5.332645095297633420e-01
5.409243008915138873e-01
5.769379301752737277e-01
7.807036015566547471e-01
4.461714971914635952e-01
3.991111333461677124e-01
5.658677690973646923e-01
2.289738926012252762e-01
6.011765961087123245e-01
9.549924085992202993e-01
