9.189148966633534088e-02
1.551201560685394609e-01
-1.222296672968324338e-01
-3.690525178576019583e-01
-1.272456394511900513e-01
2.138551480982061326e-01
5.827087001323641435e-02
-3.677707322535639367e-02
1.262876014435727612e-01
2.042007380561473504e-02
-4.575805416898265920e-01
5.510350544303883186e-02
8.979520472408947240e-02
-4.401803167543207884e-01
9.408530065032116863e-03
5.998622760927612568e-02
-7.939302141651396472e-01
-2.561279997500077316e-02
1.001394373026373019e-01
5.158968553081497710e-01
2.052531366231865606e-01
7.550515527984197339e-02
-1.903724370835253865e-03
-1.869473767607496284e-01
3.413331573201747737e-01
7.937551528349567898e-02
2.197675329805378053e-01
-2.239271184185996910e-01
7.441191523870355207e-02
3.359143880028400697e-02
3.461116719272436248e-02
-1.393533530481211868e-01
3.303484989167202457e-01
1.981155223372790264e-01
-4.829496825772528479e-01
7.776575665414930949e-02
7.529160522782071818e-02
-3.477123063173123141e-01
-3.756447395625521490e-03
-1.157226036045433809e-01
-9.389483726618605419e-02
5.126824557490080453e-03
-2.184790591209608834e-01
4.056326469557068326e-01
1.909904713410247312e-01
3.098830369037541832e-01
-4.281485808657349568e-02
-1.032237533414623598e-01
-7.690107422145850413e-02
1.950454055239442819e-01
1.940545639718340154e-01
1.767429250420706754e-01
1.965036547521165078e-01
-1.378420978194555002e-01
-7.335721041104875662e-02
-1.885632837941888518e-01
2.297298614040245157e-01
-2.076699657793913967e-01
4.519364094473056759e-01
-5.243779109021888540e-02
-7.214916747767828875e-01
2.878892571897105623e-02
-2.613283544512600906e-03
6.566939203106506029e-02
1.901906290005253575e-01
1.655598103290640832e-01
-1.649313154248687602e-02
-1.425673643262857504e-01
-3.890910011924809675e-01
-3.565863801440456032e-02
4.222784071556969776e-01
-1.349579511411096999e-01
1.744573059391029690e-01
4.285577022250038337e-01
-3.237794813869744326e-01
-2.093632840325321265e-01
2.133549507356121699e-01
-1.151920437523316493e-01
-2.924827684730227917e-01
-3.536395161808008614e-01
2.461168272438183369e-01
-1.331387547801617111e-01
-1.081894337464403832e-01
4.498538193356225734e-01
3.239250847087089547e-01
-7.450695480104266299e-02
4.833134519877043123e-01
2.083997725486720076e-01
3.209038602182811423e-02
2.559252806172773176e-01
3.333114364603606550e-01
-6.494792914938398720e-01
3.377211717129308122e-01
3.314382522411972731e-01
3.716115993377811511e-01
9.770977450423536104e-02
-1.779711075209896437e-02
-9.574424502674384885e-02
1.033195194281340268e-01
-1.376950680918766212e-01
-9.195193045919926311e-02
-2.262879695802579028e-01
2.262715577142499768e-01
-2.262746167838000089e-01
7.095124657557151659e-02
3.714475175544804109e-02
2.940458870995587004e-01
3.384161557407193710e-01
-9.117367715096653946e-02
5.820967293206219528e-01
-6.576847202567315254e-02
-9.979218446119053620e-02
-1.105047277800329797e-01
-2.971891823407984967e-01
4.051170504225234947e-02
2.487595094340968871e-01
8.375159304459789400e-02
1.730326815791209394e-01
-3.717001571327137044e-01
-6.363364239817016765e-02
-1.280781045928388595e-01
2.542325720649097898e-01
1.804216753458798561e-01
-1.078222306816942894e-01
1.043623095681391194e-01
-2.555879131265842985e-01
-3.509568538561409490e-01
-2.567696993173042008e-01
1.793861758279199081e-01
4.944007010213382486e-03
1.012080112118143999e-01
-1.515976192170037096e-01
-2.367260109492752007e-01
-1.204520546075668885e-01
-7.226969478843939254e-02
-2.048178892413089758e-02
-1.193732868952524506e-01
2.958307995643991717e-01
-1.121987468095561186e-01
-2.063860883490567233e-01
3.137978147317057043e-01
6.836366647638631999e-01
7.671473760853134150e-02
-2.718943703136039725e-02
-2.175625359944457493e-01
-6.068722806004682724e-01
-2.288612123194228576e-01
-4.671997256188322178e-01
-2.573879545366360988e-01
-6.162117385937843084e-01
-7.273786601368958937e-02
4.971937019232284261e-01
4.146825949330768535e-01
6.337800551982214481e-04
-1.619471433369794600e-01
-4.778874710950390403e-01
-3.499611464521211190e-01
4.297844511864694628e-01
1.183921961411407708e-01
-5.802596026146637775e-02
2.935472650487806409e-02
-3.497306608827046026e-01
1.119834459294551943e-01
-9.006400104904946358e-02
5.721824302218122410e-02
2.098419611728014333e-01
8.864756931684826535e-02
-3.733802134949998353e-01
-6.719898832800924593e-02
1.318830886544236358e-01
4.029513667683480571e-02
1.367226246618003238e-01
2.729040803880794508e-01
5.717242054406625196e-02
1.039118904645141284e-01
-6.450664690225892117e-02
1.771548628609225517e-01
-1.380096163964402989e-01
2.235240825971971934e-01
-1.447139507818780493e-02
3.575162363053437375e-01
-1.223146906607987527e-01
-2.165967687708421352e-02
-1.579278238775671805e-01
-1.548088887782748946e-01
-3.150975923756499375e-02
1.147003890752969490e-01
-1.794259831351714685e-01
3.834332315573898420e-01
-2.109772161978190619e-01
1.280355816614058284e-01
-3.611632226203471963e-02
1.544736723160006764e-01
-3.034836350445107023e-01
-9.352423438393597799e-03
1.112213876311438088e-01
-2.960478355367288650e-01
2.136089792712799473e-01
1.862158928772028044e-01
-3.744445975607603172e-01
-2.008526604659358894e-01
3.321939686888555343e-01
-5.452479648228013981e-02
-1.468055760568745260e-01
-2.492716079904316595e-01
2.428522186542169115e-01
2.745014672302304240e-02
3.404352914952529785e-02
-4.563722747799021928e-02
-2.727942316471110296e-01
1.025778399020493697e-01
3.199017234124608700e-01
3.122693599856054755e-02
1.135613321010551374e-01
2.504128581044955948e-01
3.410911325011077855e-01
-2.839989860157106361e-02
2.180196552660982334e-01
1.546682655721937361e-01
1.200991372151271608e-01
-2.041145381587997909e-01
2.826162248587281711e-01
2.182472874048770883e-01
2.493837128946671533e-03
4.196345412312792178e-02
-4.304098456109444748e-01
1.585648272486477051e-02
-7.952378788686617628e-02
2.359054199514578065e-01
2.501117882052417141e-01
-3.118340610798792101e-01
-1.320726955719045692e-01
-2.311347409429835020e-01
2.994139882339900971e-02
1.924298006138956962e-01
-2.677084052052466356e-01
-4.701507509934454432e-01
5.166102538263388916e-02
-1.836764464086675097e-01
7.117168929496747731e-02
-2.239223475160392329e-01
-1.014426702120317103e-01
-1.866665323158857026e-01
-4.776099694108314198e-02
1.323815031103542650e-01
-1.817811547037463671e-01
-2.652738751115129578e-01
9.456235241839486272e-02
-3.722956990133867439e-02
-3.812409836756909809e-01
1.114791063749652200e-01
-6.629931053157270826e-01
2.630231448363203883e-01
8.549525198512114565e-02
-3.276817381626130898e-01
-2.607587258475640435e-01
4.057964945686711178e-01
1.461099159081461485e-01
4.322956930510287732e-01
-2.666308499119321440e-01
1.506195883477113029e-01
1.085729760953834666e-01
7.109316817718226711e-02
-1.624897165747311023e-01
-3.540982986695217355e-02
