Generation: 0 43.3739 1.6825 1.4817 14.2119
Generation: 1 36.6665 1.7575 7.5534 18.3014
Generation: 2 42.5008 1.9600 14.8932 19.4912
Generation: 3 53.6728 1.9825 27.4056 19.3544
Generation: 4 59.3204 1.9100 33.4437 18.4653
Generation: 5 45.6239 1.6825 34.3695 17.2547
Generation: 6 45.6239 1.6825 36.9663 17.4757
Generation: 7 33.4405 1.9075 40.9527 10.8619
Generation: 8 45.6239 1.6825 41.6477 9.8391
Generation: 9 45.6239 1.6825 41.3646 12.3905
Generation: 10 45.6239 1.6825 38.6852 16.1794
Generation: 11 45.6239 1.6825 41.1415 12.4796
Generation: 12 45.6239 1.6825 41.7945 12.4452
Generation: 13 45.6239 1.6825 40.5709 14.0721
Generation: 14 45.6239 1.6825 41.9665 12.3115
Generation: 15 45.6239 1.6825 43.8864 7.8899
Generation: 16 45.6239 1.6825 43.3007 9.0785
Generation: 17 45.6239 1.6825 44.2607 7.4340
Generation: 18 45.6239 1.6825 45.0085 3.0150
Generation: 19 45.6239 1.6825 44.9248 5.3344
Generation: 20 45.6239 1.6825 45.1334 5.1104
Generation: 21 45.6239 1.6825 45.2238 2.2985
Generation: 22 45.6239 1.6825 44.8116 5.4473
Generation: 23 45.6239 1.6825 44.8115 5.4473
Generation: 24 45.6239 1.6825 44.9893 3.1122
Generation: 25 45.6239 1.6825 45.1654 2.5791
Generation: 26 48.8846 1.7950 44.9295 5.2474
Generation: 27 45.6239 1.6825 44.5648 5.4663
Generation: 28 45.6239 1.6825 45.6125 0.1134
Generation: 29 45.6239 1.6825 45.6239 0.0000
Generation: 30 45.6239 1.6825 45.4996 0.8746
Generation: 31 45.6239 1.6825 44.6220 5.4999
Generation: 32 45.6239 1.6825 45.4710 1.5213
Generation: 33 54.6075 1.7625 45.6796 0.9595
Generation: 34 54.6000 1.7550 45.2813 2.6383
Generation: 35 63.5277 1.7775 45.6108 2.5477
Generation: 36 37.6658 1.9825 45.2507 3.2414
Generation: 37 45.6239 1.6825 44.5844 5.4341
Generation: 38 45.6239 1.6825 43.8185 6.5511
Generation: 39 57.1290 1.8400 44.8471 5.6404
Generation: 40 45.6239 1.6825 44.9317 4.4220
Generation: 41 55.6275 1.6950 45.4707 2.0422
Generation: 42 62.4651 1.7975 45.0357 4.1694
Generation: 43 64.9920 1.9675 45.5299 4.4040
Generation: 44 59.8718 2.3475 44.7160 4.9047
Generation: 45 56.0732 1.9975 44.6900 4.3641
Generation: 46 55.0716 2.0350 45.6839 4.1972
Generation: 47 59.6529 2.1600 45.3097 7.7475
Generation: 48 34.8256 2.1750 43.5646 6.1655
Generation: 49 53.8333 1.9900 42.6944 8.0818
Generation: 50 56.1868 2.0800 44.6317 7.0219
Generation: 51 54.8989 1.8775 45.6340 3.7738
Generation: 52 57.6569 2.3925 44.5460 5.1235
Generation: 53 61.7120 2.0400 45.1577 6.1743
Generation: 54 59.3456 1.9175 42.2749 10.5119
Generation: 55 55.2648 2.1950 44.4923 7.4140
Generation: 56 59.8849 2.4050 44.2048 8.1235
Generation: 57 54.2273 2.2325 44.4688 5.7835
Generation: 58 59.4591 1.9800 44.7587 8.0759
Generation: 59 52.8456 2.0100 42.9349 11.7060
Generation: 60 59.5806 2.1350 45.5240 8.3957
Generation: 61 34.8888 2.2150 45.5839 6.5703
Generation: 62 59.3019 1.8925 44.9266 7.4216
Generation: 63 34.8854 2.2150 45.0551 6.9448
Generation: 64 53.0298 2.2050 45.8042 6.3850
Generation: 65 58.4497 2.0650 44.5666 6.6443
Generation: 66 61.8685 2.1750 45.7208 6.4748
Generation: 67 34.9428 2.2650 45.6637 7.5254
Generation: 68 34.8631 2.1900 42.5198 7.2688
Generation: 69 58.6720 2.3100 44.9875 8.0373
Generation: 70 34.8813 2.2150 45.7040 7.5321
Generation: 71 34.8384 2.1650 44.3216 8.2694
Generation: 72 34.9011 2.2400 44.9554 7.7673
Generation: 73 34.8631 2.1900 44.1527 9.0830
Generation: 74 34.9398 2.2650 46.0939 9.0360
Generation: 75 57.3041 2.0300 41.9808 10.4687
Generation: 76 49.5697 2.1500 45.8703 8.1602
Generation: 77 36.3049 2.4650 44.2989 8.3658
Generation: 78 56.0269 1.9175 44.3409 8.1751
Generation: 79 37.3902 2.4250 46.6596 8.3381
Generation: 80 34.9428 2.2650 43.0924 8.0658
Generation: 81 37.4230 2.4400 45.3535 8.7505
Generation: 82 38.5127 2.4300 42.9720 8.7455
Generation: 83 61.8808 2.3175 45.0155 8.7715
Generation: 84 35.0815 2.4400 43.8770 8.9106
Generation: 85 34.8785 2.2150 44.6093 8.7637
Generation: 86 34.8950 2.2150 44.7731 9.3917
Generation: 87 34.9139 2.2400 46.3109 9.9290
Generation: 88 59.8933 2.9220 44.6611 9.0665
Generation: 89 34.9398 3.2559 44.5514 11.4101
Generation: 90 34.8833 3.6603 43.5130 9.2506
Generation: 91 61.9839 4.2938 46.3416 10.5237
Generation: 92 56.6023 5.1454 42.7612 11.4412
Generation: 93 34.9428 5.2378 45.4069 9.2471
Generation: 94 34.9428 5.7333 43.2023 11.6547
Generation: 95 34.9273 6.2288 44.6364 9.7602
Generation: 96 36.2099 7.2438 43.5979 10.2538
Generation: 97 63.2741 7.8652 45.7938 8.2251
Generation: 98 38.6246 8.6093 44.0702 8.9430
Generation: 99 36.1907 8.7906 44.7472 8.3539
Generation: 100 38.5400 9.3884 43.0748 10.2423
Generation: 101 35.0578 9.8516 42.6787 9.3383
Generation: 102 34.9002 9.5900 42.9723 8.5583
Generation: 103 57.7041 10.9688 43.8469 9.1503
Generation: 104 51.9708 11.0537 43.3752 10.0554
Generation: 105 60.8949 11.3316 44.2637 10.0071
Generation: 106 34.8822 11.4211 42.6257 9.3805
Generation: 107 34.8503 11.7713 45.3560 8.6637
Generation: 108 36.2067 13.6068 44.5436 10.2695
Generation: 109 38.4795 13.9500 44.1029 9.9581
Generation: 110 35.0429 14.5655 44.0364 10.7038
Generation: 111 35.0753 15.2500 44.7114 11.2886
Generation: 112 35.0616 15.6867 43.0156 11.4391
Generation: 113 37.4549 16.8859 44.6795 9.4795
Generation: 114 36.2643 16.8513 42.1210 10.6584
Generation: 115 38.6386 18.3825 41.9376 10.8943
Generation: 116 39.5606 18.2676 42.3927 8.8317
Generation: 117 40.7395 18.5848 43.2826 9.8941
Generation: 118 38.6275 19.9005 44.2586 8.6594
Generation: 119 38.5409 19.9600 42.8882 9.0353
Generation: 120 37.4658 20.0400 45.0918 9.1737
Generation: 121 35.0707 19.5200 43.2024 9.4139
Generation: 122 37.4171 19.6200 42.5264 8.8862
Generation: 123 36.2882 19.6600 43.9767 9.4947
Generation: 124 34.9011 17.9200 43.6401 9.0987
Generation: 125 36.2968 19.6600 40.6406 9.6040
Generation: 126 37.4050 19.5400 42.5838 9.4304
Generation: 127 39.6490 19.7200 42.8065 9.1594
Generation: 128 35.0747 19.5200 42.7124 9.4480
Generation: 129 38.5420 19.6200 44.6684 10.2440
Generation: 130 34.0228 19.5200 42.9197 9.8944
Generation: 131 35.1642 19.5200 43.9023 9.7294
Generation: 132 34.9041 17.9200 44.7572 9.4215
Generation: 133 38.5332 19.5600 44.3730 9.4319
Generation: 134 35.0574 19.5200 45.1814 10.2362
Generation: 135 35.0613 19.5200 44.3670 11.1793
Generation: 136 37.3830 19.5800 42.5670 9.7531
Generation: 137 38.5644 19.9000 44.2001 9.4601
Generation: 138 36.2836 19.5200 44.9711 10.2056
Generation: 139 37.3858 19.5200 44.8166 9.9799
Generation: 140 37.4735 19.9800 43.6224 10.5579
Generation: 141 38.5464 19.6400 44.2472 9.8579
Generation: 142 38.6337 20.3400 40.7011 9.4001
Generation: 143 49.8098 19.8200 42.4595 10.1786
Generation: 144 38.6621 20.5600 43.3849 10.3197
Generation: 145 38.5546 19.8200 45.7003 9.9916
Generation: 146 38.5346 19.5400 46.5590 8.8600
Generation: 147 38.8489 22.1200 46.3556 9.2875
Generation: 148 38.7126 21.0200 46.2396 9.7377
Generation: 149 38.8515 22.1600 44.8188 9.6423
Generation: 150 37.5684 20.7000 45.3875 9.9690
Generation: 151 38.6605 20.4000 42.9134 10.3001
Generation: 152 36.2716 19.5200 44.6071 10.5059
Generation: 153 37.6155 21.1600 43.4795 10.3972
Generation: 154 38.6689 20.7400 45.4549 9.8836
Generation: 155 38.6517 20.4600 46.1610 9.2162
Generation: 156 36.3694 20.3000 45.0012 9.4527
Generation: 157 38.5426 19.7800 42.1622 10.2659
Generation: 158 38.9142 22.6400 45.4359 10.8346
Generation: 159 38.8644 22.2400 45.1472 10.8129
Generation: 160 38.7057 20.7200 42.8865 10.5062
Generation: 161 38.7243 20.9400 43.5294 9.0653
Generation: 162 38.8227 21.7600 43.1655 10.2149
Generation: 163 38.8664 22.2600 43.8895 9.8784
Generation: 164 37.4693 20.1800 43.0748 9.5452
Generation: 165 38.7257 21.1800 42.0708 9.7123
Generation: 166 38.6796 20.5800 41.3310 11.3181
Generation: 167 38.5800 19.8000 46.3863 9.8380
Generation: 168 38.6215 20.1000 42.2588 10.6131
Generation: 169 38.5165 19.9800 43.4711 9.7673
Generation: 170 37.5320 20.6000 41.2617 9.6935
Generation: 171 38.6461 20.6200 40.7593 9.9101
Generation: 172 38.8405 21.9200 43.3229 9.7344
Generation: 173 38.5660 19.9200 43.2833 9.8639
Generation: 174 38.7506 21.1200 40.7447 9.2022
Generation: 175 38.6374 20.2600 43.0005 9.6460
Generation: 176 38.7716 22.0400 40.2653 9.2102
Generation: 177 38.6017 20.2200 40.5258 9.3127
Generation: 178 38.6471 20.5600 42.5113 10.0159
Generation: 179 38.6507 20.6600 41.5172 9.8786
Generation: 180 38.6132 20.3000 41.4908 9.2146
Generation: 181 38.5588 19.7200 41.5955 11.0494
Generation: 182 38.8550 22.1800 40.6609 9.7728
Generation: 183 38.9405 22.8600 40.0020 8.3761
Generation: 184 38.5552 19.9800 41.2171 11.3639
Generation: 185 38.7235 20.9800 40.3386 9.9754
Generation: 186 37.6529 21.7000 40.1617 9.4203
Generation: 187 38.6927 20.9400 40.6008 11.1930
Generation: 188 37.5025 20.4600 38.9618 11.2830
Generation: 189 38.7574 21.8600 39.6563 10.5970
Generation: 190 37.6328 21.3000 40.3860 9.7749
Generation: 191 38.6809 21.3400 39.1958 10.0481
Generation: 192 37.5906 21.0600 40.8100 9.4428
Generation: 193 38.6946 20.2601 41.6018 9.6349
Generation: 194 38.9083 21.5147 40.3459 8.9878
Generation: 195 38.8623 19.9506 39.8248 9.0557
Generation: 196 37.6728 18.6525 38.2190 9.2279
Generation: 197 38.7132 17.4799 39.2380 9.5470
Generation: 198 38.6258 16.5653 40.6325 9.6151
Generation: 199 34.2927 16.8221 42.3539 9.5548
Generation: 200 38.6201 15.1337 41.3649 8.8987
Generation: 201 37.7660 15.5653 41.8476 10.8121
Generation: 202 37.7407 14.6480 42.5979 9.2762
Generation: 203 37.7765 14.0447 39.5906 8.0417
Generation: 204 38.9305 13.4000 39.5179 8.7464
Generation: 205 38.8639 12.5962 40.4046 8.7794
Generation: 206 41.0380 11.6392 40.3694 8.8020
Generation: 207 38.8737 10.7541 41.5320 9.4491
Generation: 208 38.8960 10.0929 40.6694 8.9001
Generation: 209 38.7422 8.9000 39.9493 9.4105
Generation: 210 38.9121 9.4333 41.9818 9.7988
Generation: 211 38.8635 9.4750 42.5164 10.0048
Generation: 212 38.7827 9.0083 41.6561 9.4453
Generation: 213 38.7373 8.8750 40.7260 8.7435
Generation: 214 37.6750 9.1167 40.8447 9.3027
Generation: 215 38.8510 9.3583 39.4745 8.7319
Generation: 216 38.8742 9.4833 40.9893 8.5982
Generation: 217 38.7446 8.9000 38.2984 7.3515
Generation: 218 37.7482 9.3250 40.9403 9.3917
Generation: 219 38.8635 9.4417 39.0384 7.3153
Generation: 220 38.8417 9.3750 41.0891 8.6103
Generation: 221 38.9363 9.5000 39.8810 8.6712
Generation: 222 38.7953 9.2333 39.6091 8.6892
Generation: 223 34.2746 9.3083 43.0714 10.1534
Generation: 224 38.8846 9.5250 44.2588 9.7225
Generation: 225 38.8671 9.4417 42.0694 8.6412
Generation: 226 38.8490 9.1750 42.1384 9.3329
Generation: 227 37.7932 9.6417 41.6253 9.1810
Generation: 228 38.8935 9.5250 41.0795 8.8194
Generation: 229 37.7356 9.4750 40.6579 9.0602
Generation: 230 37.7875 9.4500 40.0940 8.4513
Generation: 231 39.1666 10.2583 40.0671 8.5032
Generation: 232 43.1658 9.4917 40.7747 8.7112
Generation: 233 37.6797 9.1000 39.6697 8.7784
Generation: 234 38.7351 9.0750 40.2461 8.5949
Generation: 235 37.5715 8.7417 42.0750 9.4306
Generation: 236 37.7377 9.4750 39.1225 7.8697
Generation: 237 44.4868 9.5167 40.3931 8.4440
Generation: 238 38.8596 9.4500 38.5569 7.9580
Generation: 239 37.6703 9.0750 39.0901 8.7699
Generation: 240 38.8600 9.4500 40.2601 8.6430
Generation: 241 38.8639 9.4500 39.8658 9.1848
Generation: 242 38.8816 9.5000 39.9704 9.8215
Generation: 243 37.8126 9.5000 38.5905 8.1369
Generation: 244 38.8849 9.5250 39.8777 7.7882
Generation: 245 38.9377 9.5000 40.3777 7.9979
Generation: 246 37.7384 9.2833 38.6927 8.7781
Generation: 247 37.9463 9.9417 39.4976 7.5589
Generation: 248 37.7609 9.3667 40.4441 8.7257
Generation: 249 38.9612 9.5750 39.1155 8.3508
Generation: 250 39.3115 10.8917 41.6426 10.1713
Generation: 251 41.3114 10.1000 38.6565 8.2734
Generation: 252 38.9137 9.5917 39.0042 7.0909
Generation: 253 38.9018 9.5500 39.2215 8.6887
Generation: 254 38.8878 9.4750 38.2380 7.1710
Generation: 255 38.8736 9.4750 38.5518 6.0587
Generation: 256 38.8909 9.5000 38.2265 7.3169
Generation: 257 35.4183 9.4833 41.0186 8.2908
Generation: 258 41.1379 9.5500 40.3867 6.9601
Generation: 259 38.8541 9.4167 39.3226 8.1805
Generation: 260 42.1831 9.6500 40.0476 6.9696
Generation: 261 38.8982 9.5000 41.0330 7.3766
Generation: 262 43.4065 9.6000 39.6950 6.4289
Generation: 263 42.1601 9.5250 40.8142 7.2344
Generation: 264 37.7375 9.4500 38.8962 5.9070
Generation: 265 40.0618 9.6000 40.3827 7.3094
Generation: 266 38.8919 9.5250 39.3412 6.4607
Generation: 267 38.9442 9.4917 39.3799 6.3363
Generation: 268 41.0702 9.4750 39.0645 6.1918
Generation: 269 44.7389 10.3417 39.7810 6.5250
Generation: 270 39.9798 9.3833 38.4734 5.8154
Generation: 271 37.7844 9.4333 39.8950 8.6043
Generation: 272 38.8957 9.5417 40.2503 6.6980
Generation: 273 37.7783 9.3917 38.7188 6.2907
Generation: 274 35.4945 9.7333 39.2731 7.7328
Generation: 275 37.7941 9.4500 38.0342 6.7214
Generation: 276 42.4321 10.1417 38.5373 9.8243
Generation: 277 37.7469 9.3083 38.5862 6.5563
Generation: 278 37.7605 9.5250 38.8106 8.9078
Generation: 279 41.1455 9.6667 37.2288 7.7261
Generation: 280 35.4013 9.2583 38.0341 7.6870
Generation: 281 44.7030 10.2750 38.7289 6.1240
Generation: 282 42.4508 9.9417 38.1254 9.1205
Generation: 283 38.8816 9.4833 39.8238 6.1842
Generation: 284 42.3664 10.0750 39.4846 8.0771
Generation: 285 38.7904 9.2083 38.6686 5.4971
Generation: 286 45.5869 9.7250 39.5846 6.3136
Generation: 287 37.8632 9.8250 39.3591 6.0627
Generation: 288 38.8947 9.5500 39.5619 6.4379
Generation: 289 39.9561 9.6500 38.7720 7.5769
Generation: 290 43.3138 9.6667 39.9370 5.6752
Generation: 291 40.0562 9.9750 39.5310 6.2631
Generation: 292 46.8762 10.1250 39.3431 7.4144
Generation: 293 41.6904 11.4667 39.5793 8.2401
Generation: 294 41.2050 10.0750 39.8291 7.8189
Generation: 295 46.8959 10.2500 39.0224 7.6034
Generation: 296 38.9503 10.1000 41.0218 6.1030
Generation: 297 47.2641 11.2500 40.3975 7.5435
Generation: 298 48.3569 11.0917 39.3135 8.2349
Generation: 299 41.1992 9.9000 39.2365 7.6087