-9.605614861609333976e-01
2.035086897303890474e+00
1.178410649148196321e-01
3.385637632820984066e+00
-1.454480466038788333e-01
-2.210308568497661774e+00
-2.836834428072581016e+00
-1.480767099456869462e-01
-7.701109190406816296e-01
9.148381200527302415e-01
1.453437497816330248e+00
7.615121461780240963e-01
-9.904219248356347371e-01
-9.710503041429466853e-01
-5.959631364951681887e-01
-2.322940636604788889e-01
2.610755856684367160e+00
1.964744888972144721e-01
-4.340412008038498359e-01
-2.362786261496608198e+00
1.324182644510420448e-01
-2.990879624727652786e+00
-3.919335612401935176e-01
-7.665995192599419639e-01
-3.806159557325882403e+00
1.664361116005441010e+00
-2.296584433172700113e+00
1.296484248180971299e+00
8.244358860975389280e-01
7.963689317287153679e-01
3.742772913263938239e+00
2.741218011162315990e-02
-6.832063609957521599e-01
-2.287095431354352115e+00
-1.408950833828887528e-01
-1.068540644309132315e+00
-1.220789188206808928e+00
-2.568688527677035704e+00
-1.317342296863085016e+00
-4.169200763127648202e+00
-2.669582268886396825e-01
-2.836343348867917502e+00
-1.774593314040581848e+00
9.416098348505188564e-01
-1.157435573537949125e+00
-5.788225295194059372e-01
-1.611741275347224611e-01
3.197424290576321493e+00
-9.348025159779979054e-01
-2.350113793086070491e+00
-1.402861849782464088e+00
1.697025322060885966e+00
-2.741263338483520551e-01
1.443578209233611354e-01
1.221600677815616987e+00
-1.553608765283089221e+00
-1.286981174340450895e+00
1.073206083257881027e-01
6.038378555580585783e-01
4.789694394720013904e+00
1.743556364749837773e+00
-4.607286437391163725e-01
5.369166051251723637e-01
-5.763000340556614365e-01
-1.559076006570306872e+00
-6.064777464108517258e-01
1.818578730103359797e+00
-8.121197067328835839e-01
-1.846222787654390185e-01
1.255247384318944670e+00
-7.466450235559214388e-01
2.823556793955773525e+00
1.788897603376976120e+00
2.670240683254271996e+00
1.630583059941479895e+00
-9.761017747324225446e-01
-1.225542565584948562e+00
3.841783990987361341e-01
1.166618662217479674e+00
7.292143857130541917e-01
-9.804132766285547085e-01
-2.602973898668203834e+00
-1.753444712749956391e+00
-5.398857025153181999e-01
9.289315785715858143e-01
-2.558754287292669183e+00
-8.071278131577879211e-01
6.782186134459070592e-01
7.717596602534708694e-01
-2.961700160493022427e+00
-1.798274358876183143e+00
2.362947123143074979e+00
1.051188010360804670e+00
3.937312525238080951e+00
-7.549391992282311614e-01
-1.005962108347518980e+00
-6.872884593862352842e-01
-4.445031382928067432e-01
-1.597493270394116038e+00
2.381250061815912478e+00
2.274910444954465927e+00
-5.351789616875761268e+00
1.636783302330028445e+00
-7.645032577491563952e-01
-2.480093606984139776e-01
6.205806775533665443e-01
-5.989825607124034113e-01
2.778053168942112627e+00
-1.599929643476289409e-01
3.972113402443893104e-01
-2.500835871283193956e+00
-6.154770029694590638e-01
2.474484506565850506e+00
-2.505796351447325598e+00
3.546296689195595486e-01
-1.252271863351172576e-01
-5.652616039964474259e-01
-7.832345998055536551e-01
5.072241374754453691e-01
2.485328845753287386e+00
2.792204504821080846e+00
-1.921633477433423831e+00
-1.030897215432382552e+00
-5.328874096791667014e-01
7.653830536284983443e-01
1.967042809048801799e-01
-3.381238320754905158e-01
2.113551265559059922e-01
1.354351773317381769e+00
-4.757995307231261961e+00
-1.271969912016815751e+00
1.717115658281189061e+00
-3.562962094720220629e-02
2.610343297704782906e+00
2.483773747790975484e-01
5.900529099567058955e-01
7.848509365849556385e-01
-6.151018719479894870e-02
1.953893669026115942e+00
3.049145507578675751e+00
-3.558509445018478434e-01
1.247664890980702213e+00
-1.572567188423219298e+00
-9.044956837878093125e-01
2.165818311068312685e+00
-2.602939027313681819e-02
-9.555479044111748754e-01
-1.362243770304597312e+00
-9.358942353305643724e-01
8.646148552290456868e-01
-1.770884593119975148e-01
2.509373893508445530e+00
3.467641316662819356e-02
1.211333845826376265e+00
6.721538260535261378e-01
-1.604161306847023294e+00
-1.710588301831407865e+00
-9.069861960736820272e-01
-5.939228650217824867e-01
2.667353594291586472e+00
-3.635755460788139271e+00
5.675285358054320550e-01
7.234482482880134624e-01
-2.186415062243310725e+00
3.322770550002094758e+00
-5.492425806557531542e-01
-1.333531611290911467e+00
-1.107557862325136089e+00
-4.011919016579629904e+00
-5.649742163270033979e-01
-2.306521734696718617e+00
2.031108205386856103e+00
1.047912231906776015e-01
-1.556743342033612310e+00
-2.049093540805593805e-02
8.558675599554659286e-01
9.329404481949092887e-01
8.111475766806426346e-01
-4.507425852278186540e-02
-4.030738251062518929e-01
1.806687554204313040e+00
1.263453678392032042e+00
-8.339558884080289225e-01
-3.892469410306709676e+00
-1.022704173898120628e+00
-2.646519350335486465e+00
-4.225079873251629259e-01
-6.082890523846586905e-01
-8.749850629152295944e-01
-5.531935379037797862e-01
-2.434351541082624415e+00
1.532028126159718839e+00
-1.327988975788744863e+00
1.772273141846769651e+00
-1.140877950213649461e+00
8.163008812153546012e-01
2.302089677431851666e-01
-2.471567185379678566e+00
-1.266990303578432009e+00
2.342341320439233154e+00
5.830990342896009704e-01
-1.957502910772376481e+00
1.071053254548825384e+00
-7.780938447157249582e-01
-3.275059930581758483e+00
1.679763589104200427e+00
1.176905642576149269e-01
-7.132152390794328500e-01
-5.523773318822650102e-02
-2.963671551261912729e-01
-1.431833278372803164e+00
1.997747636435752261e+00
5.150104795651002654e-01
2.845836175167270277e+00
1.975643299384022722e+00
3.269583237081269966e-01
3.072253462446639105e+00
-1.868059693266706400e+00
-1.879646860507215855e-01
3.237171527172268526e+00
4.348524081400021446e-01
-4.676151588374461987e+00
1.373421244278189013e+00
-1.305143052229623013e+00
8.245828541790243271e-01
-1.221174154829194114e+00
-1.849279302147078141e+00
8.962645983606819522e-01
-1.502302590247737712e-01
3.490888938250504836e-01
-4.309234073176021695e+00
-1.547223950038073337e+00
3.122100724578765751e-01
1.484956729268442910e+00
9.559870292918115631e-01
-5.526935768270225813e-01
-8.581056231760307573e-02
9.950906387115521223e-01
-2.568391091877576526e-01
6.198614370504494930e-01
1.032968320598707690e+00
1.138539456565135444e+00
-4.020130812105685014e-01
7.581585615749182328e-01
1.096298879182917574e+00
-9.836275348449659006e-01
4.905129488156649842e-01
3.548774353285267802e-01
-9.953972372989481343e-01
3.021907749499305851e+00
-2.649875389042587237e+00
4.221945313273500755e-02
-5.106606961848527693e-01
2.652988653628425286e+00
7.617885944003318643e-01
9.916282175524752107e-01
7.076009938577104696e-01
-2.389577012345169393e+00
1.571413619246931459e+00
4.547647141910706736e-01
1.125211423571326419e+00
-1.288782014715238233e+00
2.447244581298320121e+00
-8.803330309764472172e-01
1.890468165969590109e+00
