Generation: 0 71.9718 102.8318 9.6399 21.8877
Generation: 1 71.9539 102.8135 25.8172 25.1760
Generation: 2 71.9532 102.8126 34.8943 24.7394
Generation: 3 81.3840 134.3795 43.7814 21.9840
Generation: 4 71.9532 102.8126 51.6066 22.1064
Generation: 5 71.9589 102.8187 58.5192 22.9205
Generation: 6 76.3674 129.7711 65.3242 17.0138
Generation: 7 78.9973 109.1927 63.7429 17.0190
Generation: 8 70.6148 106.4355 60.4442 22.3127
Generation: 9 71.9532 102.8126 64.2279 19.4337
Generation: 10 72.1684 103.0265 68.9911 10.3609
Generation: 11 69.2815 123.2829 67.3448 15.9556
Generation: 12 72.0966 125.8692 68.6355 8.2883
Generation: 13 76.4453 106.8717 68.1661 12.7469
Generation: 14 73.0634 126.6885 67.7355 11.7805
Generation: 15 72.7090 126.3335 66.1126 16.1234
Generation: 16 75.2636 128.6735 67.8546 10.3245
Generation: 17 76.4497 106.8639 68.6342 11.0588
Generation: 18 76.2040 129.6147 69.0395 7.9675
Generation: 19 70.4596 106.2972 68.9046 10.1119
Generation: 20 76.8656 130.2814 66.5727 10.9691
Generation: 21 75.1553 128.5623 65.5755 12.0877
Generation: 22 72.8608 126.4762 67.0644 10.9828
Generation: 23 75.1453 128.5610 63.9959 14.7577
Generation: 24 83.4280 136.2006 68.0122 11.4378
Generation: 25 75.6480 129.0683 64.2994 14.8212
Generation: 26 77.1009 130.5148 62.4322 16.3339
Generation: 27 76.8341 130.2501 65.3372 15.4277
Generation: 28 75.2399 128.6486 64.6328 15.5058
Generation: 29 69.8348 140.6982 64.2108 14.4875
Generation: 30 80.9751 150.9043 64.0176 16.4393
Generation: 31 74.8192 145.3257 64.9817 13.8374
Generation: 32 75.3563 128.7712 64.1088 16.7211
Generation: 33 70.8023 141.5432 63.3940 14.9044
Generation: 34 75.3502 128.7637 59.8338 17.4161
Generation: 35 76.8663 130.2821 63.7297 15.9618
Generation: 36 81.0591 134.0487 62.8612 13.5807
Generation: 37 83.9362 136.7005 66.0894 11.5629
Generation: 38 82.0350 135.0231 64.7393 12.8051
Generation: 39 76.8571 130.2732 66.0724 12.3788
Generation: 40 76.8835 130.3064 63.4948 14.4599
Generation: 41 76.7357 130.1590 69.1168 9.2047
Generation: 42 81.5894 134.5778 65.1178 15.8991
Generation: 43 81.4399 134.4292 67.0375 13.0128
Generation: 44 81.2877 134.2770 63.8245 15.3875
Generation: 45 81.6599 134.6498 66.4721 13.0634
Generation: 46 81.7415 134.7235 66.2508 13.1663
Generation: 47 80.9341 133.9232 64.3710 14.3031
Generation: 48 83.9216 136.6938 64.4289 15.1723
Generation: 49 81.4222 134.4120 64.2319 17.7532
Generation: 50 70.9036 141.8324 68.5697 14.9722
Generation: 51 83.7050 136.4776 67.1294 14.2917
Generation: 52 83.1566 135.9288 65.8189 15.3243
Generation: 53 83.8870 136.6549 67.3800 12.0702
Generation: 54 84.9212 137.4853 66.9557 13.0238
Generation: 55 83.4299 136.2052 65.4052 16.3846
Generation: 56 83.1867 135.9538 70.0897 9.5258
Generation: 57 66.3957 137.3613 67.6233 11.3232
Generation: 58 83.1016 135.8815 64.4068 16.5858
Generation: 59 85.4071 137.9704 65.1629 19.6118
Generation: 60 81.4659 134.4553 65.7097 18.0202
Generation: 61 85.2521 137.8093 64.2959 19.9195
Generation: 62 83.5943 136.3663 64.9579 20.1740
Generation: 63 87.5623 179.9031 70.5016 9.7739
Generation: 64 86.0199 138.5771 65.4948 19.2609
Generation: 65 85.4085 154.9736 67.5114 16.3347
Generation: 66 83.3874 136.1593 67.0603 15.5738
Generation: 67 87.6360 179.9772 69.4533 12.6080
Generation: 68 83.3945 136.1737 69.8759 11.7492
Generation: 69 75.5592 146.0355 70.2151 11.3450
Generation: 70 83.6127 136.3858 70.4092 10.9351
Generation: 71 85.3723 137.9302 72.9318 6.6312
Generation: 72 85.2850 137.8406 72.1004 8.1890
Generation: 73 74.9287 150.2749 73.0370 7.2028
Generation: 74 87.8984 180.2461 72.2334 6.6879
Generation: 75 85.4181 137.9761 72.5857 7.7108
Generation: 76 85.2878 154.8499 72.7518 9.6344
Generation: 77 83.6309 136.4037 72.5476 7.8897
Generation: 78 86.1595 155.6847 72.5960 9.8533
Generation: 79 83.5959 136.3625 71.5683 10.0790
Generation: 80 85.6770 138.2340 71.8217 10.2745
Generation: 81 83.6488 136.4195 71.2566 12.3403
Generation: 82 83.0621 135.8331 71.1682 9.5810
Generation: 83 83.0607 135.8345 71.7164 8.4134
Generation: 84 85.6782 138.2213 71.4453 10.0504
Generation: 85 85.4279 137.9703 72.7522 7.6222
Generation: 86 84.0957 136.6529 72.8188 6.1702
Generation: 87 83.5261 136.2986 71.9217 6.9554
Generation: 88 83.7074 136.4798 73.1149 6.8036
Generation: 89 85.6155 138.1721 73.7525 6.6003
Generation: 90 85.7955 138.3520 73.2405 6.4174
Generation: 91 87.5174 179.8586 74.2399 6.0916
Generation: 92 85.5127 138.0699 73.8880 7.7109
Generation: 93 83.4294 136.2013 70.3791 14.4706
Generation: 94 87.4851 179.8262 73.6178 6.6690
Generation: 95 83.5295 153.3146 74.0290 10.0026
Generation: 96 87.3325 179.6740 70.1087 16.1116
Generation: 97 85.1139 137.6768 71.5439 13.6565
Generation: 98 85.2194 137.7765 68.2977 20.2508
Generation: 99 85.2413 137.8045 72.5455 12.1677
Generation: 100 83.5576 136.3304 72.2857 12.3789
Generation: 101 86.5665 178.9077 73.0967 14.9663
Generation: 102 83.4051 136.1766 72.4226 15.2290
Generation: 103 85.3013 137.8645 71.5585 14.3048
Generation: 104 88.2134 180.5536 73.7768 10.4030
Generation: 105 85.4405 137.9979 74.9061 8.6962
Generation: 106 87.5374 179.8772 74.9222 10.2100
Generation: 107 88.2967 180.6452 75.9292 7.2459
Generation: 108 87.7135 180.0540 75.0520 12.3963
Generation: 109 85.6679 138.2237 75.2770 7.3160
Generation: 110 88.0666 180.4078 75.9734 7.7241
Generation: 111 88.0425 180.3827 74.6954 6.7780
Generation: 112 84.4107 136.9679 74.1748 11.3712
Generation: 113 87.4301 179.7712 76.1559 5.3334
Generation: 114 87.5915 179.9327 73.0750 16.4215
Generation: 115 87.6115 179.9527 75.3938 12.4826
Generation: 116 85.5568 138.1140 74.8959 11.5960
Generation: 117 87.6951 180.0362 75.6415 6.4693
Generation: 118 87.9884 180.3286 75.9365 9.5410
Generation: 119 87.7242 180.0653 76.1245 8.2789
Generation: 120 85.3550 137.9124 75.6333 5.3268
Generation: 121 87.3774 179.7186 76.5342 9.9817
Generation: 122 87.3824 179.7236 75.5564 11.4463
Generation: 123 88.0323 180.3726 76.5941 8.3317
Generation: 124 87.2774 179.6186 74.9038 15.1209
Generation: 125 87.8135 180.1547 75.5043 13.6269
Generation: 126 87.9134 180.2536 76.8465 9.2120
Generation: 127 87.8183 180.1594 75.2111 12.3740
Generation: 128 87.9476 180.2887 77.8574 5.5365
Generation: 129 88.2623 180.6026 73.6233 13.2318
Generation: 130 88.1316 180.4718 75.1194 10.1825
Generation: 131 88.8156 181.1642 76.3205 10.5133
Generation: 132 88.5348 180.8816 75.3741 13.3608
Generation: 133 88.1711 180.5085 75.6855 10.4274
Generation: 134 87.9884 180.3286 78.2429 6.8025
Generation: 135 88.0873 180.4276 75.6363 10.6491
Generation: 136 88.0437 180.3835 73.6191 12.5834
Generation: 137 87.9108 180.2345 74.5558 12.7276
Generation: 138 88.5960 180.9357 75.5330 11.5586
Generation: 139 87.8257 180.1726 76.0207 10.8326
Generation: 140 88.3820 180.7232 77.6947 8.1719
Generation: 141 88.1850 180.5282 77.1778 7.4652
Generation: 142 87.8680 180.2091 76.6610 9.9459
Generation: 143 87.4935 179.8347 75.1538 11.7242
Generation: 144 87.8126 180.1537 75.6982 11.7144
Generation: 145 87.8235 180.1640 73.4968 15.4115
Generation: 146 88.0130 180.3541 73.1855 17.7983
Generation: 147 87.7216 180.0686 77.8659 6.0408
Generation: 148 88.4240 180.7721 77.4822 7.9336
Generation: 149 88.6030 180.9494 74.9586 14.8215
Generation: 150 88.2307 180.5719 78.0662 7.1593
Generation: 151 88.1856 180.5342 78.3995 7.7332
Generation: 152 87.8207 180.1619 76.5108 10.9390
Generation: 153 88.0292 180.3754 77.3626 6.7647
Generation: 154 87.7918 180.1400 77.6192 9.1189
Generation: 155 88.5899 180.9357 78.5617 6.3843
Generation: 156 88.7041 181.0490 77.6450 6.5373
Generation: 157 88.2466 180.5936 77.8493 10.1827
Generation: 158 88.2698 180.6166 80.2866 5.5993
Generation: 159 88.3007 180.6419 78.6641 10.3902
Generation: 160 88.0709 180.4190 76.9428 8.3004
Generation: 161 88.0125 180.3527 79.1699 5.5934
Generation: 162 88.2416 180.5863 78.2668 6.4425
Generation: 163 88.3859 180.7320 77.8760 7.3641
Generation: 164 88.6483 180.9913 78.2785 10.7465
Generation: 165 88.2923 180.6410 78.0536 6.4441
Generation: 166 88.1083 180.4532 79.0665 6.1373
Generation: 167 88.3134 180.6536 79.4660 6.2263
Generation: 168 88.6164 180.9650 79.0774 6.4122
Generation: 169 88.2328 180.5780 78.3543 7.6631
Generation: 170 89.0022 181.3411 76.5823 13.7871
Generation: 171 88.4563 180.7978 78.4001 7.2560
Generation: 172 88.5561 180.9050 78.7741 7.0761
Generation: 173 88.6099 180.9557 79.1090 7.3304
Generation: 174 88.5810 180.9260 78.1078 7.3834
Generation: 175 88.5799 180.9257 79.8584 5.7379
Generation: 176 88.3001 180.6470 78.1899 9.5803
Generation: 177 88.7420 181.0890 78.4465 7.0681
Generation: 178 88.9411 181.2813 78.7482 7.1875
Generation: 179 88.9587 181.3045 77.9606 8.4140
Generation: 180 88.4211 180.7700 78.7183 7.6967
Generation: 181 88.7787 181.1235 79.4596 6.2207
Generation: 182 88.6440 180.9921 80.3441 6.5319
Generation: 183 88.6415 180.9878 79.9077 5.8252
Generation: 184 88.4925 180.8354 78.9772 8.4554
Generation: 185 88.2859 180.6340 79.8416 5.6291
Generation: 186 88.4384 180.7847 80.2636 5.5771
Generation: 187 88.8930 181.2400 81.1282 5.2992
Generation: 188 89.3035 181.6400 79.6033 7.1543
Generation: 189 88.5710 180.9173 79.9789 5.5184
Generation: 190 88.7649 181.1131 80.0626 5.8163
Generation: 191 88.7253 181.0683 79.9943 7.7907
Generation: 192 88.6028 180.9501 80.1023 6.4900
Generation: 193 88.8579 181.1961 79.6725 7.3506
Generation: 194 88.7805 181.1238 80.0227 6.4006
Generation: 195 89.1670 181.5081 81.5112 5.2039
Generation: 196 89.3879 181.7261 81.9118 5.4714
Generation: 197 89.2744 181.6121 82.1778 5.7455
Generation: 198 88.5452 180.8940 81.2518 5.4769
Generation: 199 88.6192 180.9651 81.5248 5.2019
Generation: 200 88.9671 181.3075 79.9734 6.2852
Generation: 201 88.7086 181.0523 81.1023 5.9721
Generation: 202 89.6847 182.0270 81.3126 5.6533
Generation: 203 88.8390 181.1831 82.0657 5.2336
Generation: 204 88.5627 180.9075 80.1875 6.5566
Generation: 205 89.1450 181.4900 81.9505 4.7885
Generation: 206 88.6561 181.0050 81.8473 5.3043
Generation: 207 89.2594 181.5971 80.7455 6.0355
Generation: 208 88.6599 181.0081 80.8203 4.8941
Generation: 209 89.0827 181.4285 82.4876 4.5147
Generation: 210 88.9801 181.3125 81.8890 5.9285
Generation: 211 89.0027 181.3485 81.2021 5.9303
Generation: 212 88.7324 181.0743 80.3686 9.3576
Generation: 213 88.6840 181.0281 81.8749 4.8224
Generation: 214 88.9571 181.3031 82.1262 4.5679
Generation: 215 88.8700 181.2150 81.4064 5.1036
Generation: 216 89.0309 181.3733 81.9150 5.4754
Generation: 217 88.7867 181.1352 82.8501 5.0770
Generation: 218 89.5887 181.9310 81.6697 5.1555
Generation: 219 88.7965 181.1378 82.7200 4.6251
Generation: 220 88.9017 181.2502 81.9660 5.1830
Generation: 221 88.7624 181.1082 81.0981 8.6166
Generation: 222 89.0487 181.3910 81.7984 5.6198
Generation: 223 88.9106 181.2592 81.1814 5.1517
Generation: 224 88.4831 180.8304 80.3418 6.8189
Generation: 225 88.9801 181.3220 80.6768 6.9917
Generation: 226 88.8643 181.2121 78.9773 13.4755
Generation: 227 88.7871 181.1325 79.1182 6.3091
Generation: 228 88.9150 181.2600 79.3774 6.9063
Generation: 229 88.9105 181.2419 80.4357 10.6080
Generation: 230 88.7564 181.0971 81.4754 5.9888
Generation: 231 88.8977 181.2435 80.6304 6.3495
Generation: 232 89.0270 181.3612 79.6087 9.4242
Generation: 233 89.1031 181.4449 81.4821 6.3274
Generation: 234 88.7732 181.1181 80.9331 5.7182
Generation: 235 88.7431 181.0891 81.7668 5.3672
Generation: 236 88.7830 181.1300 80.1043 7.7622
Generation: 237 89.0463 181.3902 79.8387 7.3640
Generation: 238 88.8182 181.1631 80.0303 10.6427
Generation: 239 88.6674 181.0122 80.9399 5.7907
Generation: 240 89.2379 181.5761 80.0718 6.4425
Generation: 241 89.1200 181.4650 81.7459 6.0527
Generation: 242 89.3062 181.6451 81.7270 5.8308
Generation: 243 89.0622 181.4061 81.8782 7.7143
Generation: 244 88.7866 181.1342 80.6217 8.9740
Generation: 245 88.8667 181.2152 80.8101 6.2465
Generation: 246 89.3079 181.6461 80.0742 7.6898
Generation: 247 88.6859 181.0283 80.7489 5.7086
Generation: 248 88.8228 181.1681 79.1409 6.9995
Generation: 249 88.9194 181.2665 81.1382 7.8852
Generation: 250 89.0916 181.4375 80.3329 7.5666
Generation: 251 88.9637 181.2966 80.9817 6.8361
Generation: 252 89.3388 181.6771 80.9649 6.3227
Generation: 253 89.0977 181.4435 82.4637 5.1425
Generation: 254 88.9377 181.2835 81.1500 6.4219
Generation: 255 88.8956 181.2442 80.7480 8.4399
Generation: 256 88.9263 181.2702 81.8894 6.9566
Generation: 257 89.2690 181.6131 81.3156 6.8826
Generation: 258 89.5920 181.9331 80.2199 7.5071
Generation: 259 88.8640 181.2121 81.9596 5.1781
Generation: 260 88.9367 181.2852 80.4352 9.4510
Generation: 261 88.8856 181.2342 82.3006 5.1068
Generation: 262 89.1063 181.4502 82.7552 5.1145
Generation: 263 88.9680 181.3150 81.3912 6.1162
Generation: 264 88.7930 181.1240 81.8046 6.1665
Generation: 265 88.9775 181.3204 81.0808 5.8925
Generation: 266 89.2735 181.6100 81.1061 6.5206
Generation: 267 88.8843 181.2273 81.7810 5.6925
Generation: 268 88.8071 181.1525 80.8360 5.9421
Generation: 269 88.9452 181.2880 82.5668 5.9460
Generation: 270 89.0517 181.4002 81.8694 6.5567
Generation: 271 88.9891 181.3320 80.5502 7.4751
Generation: 272 89.1290 181.4731 81.7538 6.1984
Generation: 273 88.9752 181.3180 81.1771 6.0703
Generation: 274 88.6480 180.9950 81.4672 6.9661
Generation: 275 88.8721 181.2175 81.6524 6.1539
Generation: 276 89.1966 181.5425 82.3364 5.6485
Generation: 277 89.0064 181.3390 81.7686 5.6425
Generation: 278 89.4110 181.7484 80.7143 5.3278
Generation: 279 89.3997 181.7420 81.9733 6.2320
Generation: 280 88.8720 181.2190 82.1349 5.4554
Generation: 281 89.0929 181.4371 80.7626 6.4208
Generation: 282 88.8374 181.1793 81.1110 5.3611
Generation: 283 88.9530 181.3011 82.2248 6.3932
Generation: 284 89.0192 181.3651 81.5403 5.9630
Generation: 285 89.2331 181.5749 81.9158 5.8379
Generation: 286 88.9292 181.2751 82.3438 5.5379
Generation: 287 89.4272 181.7661 81.5374 5.2806
Generation: 288 89.0192 181.3604 81.2693 7.1439
Generation: 289 88.9467 181.2816 80.9454 6.6824
Generation: 290 88.9489 181.2921 81.3590 5.0768
Generation: 291 89.3837 181.7221 81.0171 5.2466
Generation: 292 89.3252 181.6680 80.9210 10.1081
Generation: 293 89.2090 181.5531 82.5109 4.8267
Generation: 294 89.1502 181.4930 80.2796 7.9870
Generation: 295 89.0771 181.4111 80.6089 6.2216
Generation: 296 88.8251 181.1670 77.2722 17.6062
Generation: 297 89.3787 181.7131 82.2077 5.8344
Generation: 298 89.1676 181.5103 81.6883 8.5255
Generation: 299 88.8589 181.2009 81.8531 5.3152
Generation: 300 88.9441 181.2881 82.0265 5.1526
Generation: 301 89.0068 181.3430 81.6971 5.7931
Generation: 302 88.9192 181.2651 82.8291 4.7282
Generation: 303 88.6576 181.0003 81.4884 5.8885
Generation: 304 89.3213 181.6590 82.6911 4.9082
Generation: 305 89.0211 181.3613 80.0972 9.5414
Generation: 306 89.1089 181.4502 81.3936 9.0287
Generation: 307 89.0580 181.4050 80.8310 7.5500
Generation: 308 88.5893 180.9357 80.5595 10.2491
Generation: 309 88.8927 181.2385 81.9913 6.3689
Generation: 310 89.0120 181.3590 81.8460 5.6775
Generation: 311 88.9848 181.3320 82.8860 5.4097
Generation: 312 88.8384 181.1847 80.8109 6.3311
Generation: 313 89.2716 181.6146 82.1371 5.4394
Generation: 314 88.9942 181.3362 81.6428 6.2316
Generation: 315 88.9429 181.2871 81.6194 5.3520
Generation: 316 89.2270 181.5681 82.6421 5.7135
Generation: 317 88.8642 181.2101 81.4455 6.7509
Generation: 318 89.5361 181.8763 81.6993 10.0994
Generation: 319 88.7237 181.0703 82.2069 5.1479
Generation: 320 89.3163 181.6528 81.7167 6.9643
Generation: 321 89.1147 181.4570 82.1735 5.8963
Generation: 322 88.8747 181.2170 82.5596 4.3970
Generation: 323 89.5537 181.8960 82.0393 5.6979
Generation: 324 89.1521 181.4902 82.8046 4.5183
Generation: 325 88.8331 181.1749 82.1143 5.5323
Generation: 326 89.2001 181.5375 83.3932 4.6635
Generation: 327 89.0477 181.3935 83.4796 4.3995
Generation: 328 89.2801 181.6175 82.1001 5.8655
Generation: 329 89.0641 181.4030 82.1711 5.7460
Generation: 330 89.3125 181.6475 83.9885 4.9873
Generation: 331 88.8931 181.2349 82.7502 5.7794
Generation: 332 88.9930 181.3400 83.0747 5.3370
Generation: 333 88.8496 181.1960 82.9561 4.9423
Generation: 334 88.9427 181.2885 83.5991 4.9616
Generation: 335 89.3438 181.6821 82.9824 5.3989
Generation: 336 88.9551 181.2963 83.3309 5.1468
Generation: 337 89.2611 181.6013 84.3879 4.4819
Generation: 338 89.1329 181.4771 83.4620 4.7747
Generation: 339 89.0299 181.3690 83.2061 4.7968
Generation: 340 89.0731 181.4149 83.6401 4.6716
Generation: 341 89.0806 181.4218 82.6461 4.7430
Generation: 342 88.9427 181.2885 83.8180 4.4688
Generation: 343 89.2769 181.6128 83.5690 4.9956
Generation: 344 89.0353 181.3825 83.5716 4.4801
Generation: 345 88.9842 181.3254 83.4640 4.6368
Generation: 346 88.9014 181.2340 83.3790 5.0165
Generation: 347 88.9592 181.3004 83.0639 4.6306
Generation: 348 89.0014 181.3421 83.6434 3.9524
Generation: 349 89.3051 181.6425 83.4842 5.0878
Generation: 350 88.9691 181.3092 83.8845 4.7260
Generation: 351 89.0328 181.3644 84.0143 4.1692
Generation: 352 88.9442 181.2901 83.4278 4.3196
Generation: 353 89.5093 181.8490 83.4319 4.8405
Generation: 354 88.6640 181.0121 83.5713 4.3747
Generation: 355 88.9086 181.2575 83.5528 4.6925
Generation: 356 89.0740 181.4181 83.8166 3.9196
Generation: 357 89.0196 181.3609 83.9940 4.4613
Generation: 358 89.3797 181.7220 82.8615 5.4266
Generation: 359 88.9752 181.3180 84.0291 4.7364
Generation: 360 89.4001 181.7375 83.5535 4.7920
Generation: 361 89.4084 181.7480 83.2905 4.8657
Generation: 362 89.2955 181.6341 83.9400 4.9814
Generation: 363 88.9540 181.2981 83.5827 4.7360
Generation: 364 88.8641 181.2042 83.8207 4.3536
Generation: 365 88.9800 181.3203 83.7803 4.8385
Generation: 366 89.0441 181.3870 83.4267 4.1030
Generation: 367 89.3874 181.7270 84.2401 4.2232
Generation: 368 89.2663 181.6102 82.9872 4.8347
Generation: 369 89.4401 181.7775 83.9661 4.7662
Generation: 370 89.4793 181.8190 83.1309 5.9166
Generation: 371 88.9779 181.3121 84.2364 4.2038
Generation: 372 89.0330 181.3800 84.2434 4.3576
Generation: 373 89.1266 181.4634 84.3922 4.7061
Generation: 374 88.9114 181.2521 83.4171 6.2205
Generation: 375 89.0752 181.4180 83.3327 5.2313
Generation: 376 88.8966 181.2360 84.2209 4.3838
Generation: 377 89.3050 181.6453 85.1936 3.8853
Generation: 378 88.9603 181.3075 83.7605 4.9458
Generation: 379 89.0313 181.3692 83.5339 4.6265
Generation: 380 88.9550 181.2953 83.6688 4.0896
Generation: 381 89.2551 181.5925 83.1697 5.0404
Generation: 382 89.0464 181.3804 83.8491 4.4528
Generation: 383 88.9036 181.2525 84.0361 4.4011
Generation: 384 88.8805 181.2268 84.2581 3.8250
Generation: 385 89.1595 181.5000 84.2101 4.0174
Generation: 386 89.0651 181.4025 82.8584 4.6158
Generation: 387 89.5350 181.8753 83.6857 4.9037
Generation: 388 89.5287 181.8710 84.5154 3.8845
Generation: 389 89.4111 181.7521 84.2693 4.7412
Generation: 390 88.9979 181.3421 83.9485 4.8508
Generation: 391 89.0230 181.3711 84.8797 3.7587
Generation: 392 89.3512 181.6901 84.2665 4.7983
Generation: 393 89.4761 181.8163 84.6246 4.3561
Generation: 394 89.0585 181.3950 84.3599 4.3876
Generation: 395 89.1563 181.4928 85.0137 4.0366
Generation: 396 88.8482 181.1931 84.1122 4.7451
Generation: 397 89.1211 181.4613 83.1612 4.7858
Generation: 398 89.0625 181.4054 84.2660 3.6766
Generation: 399 88.8692 181.2104 84.0331 4.6740
Generation: 400 89.5158 181.8525 83.8906 4.5206
Generation: 401 88.9031 181.2449 83.6906 5.1594
Generation: 402 89.4595 181.7981 84.5236 4.6779
Generation: 403 89.5851 181.9225 83.6633 4.8374
Generation: 404 89.1575 181.4925 83.7441 5.0623
Generation: 405 89.4600 181.8003 84.4609 4.4397
Generation: 406 88.9253 181.2725 84.3333 4.2740
Generation: 407 89.0690 181.4131 84.5364 4.5749
Generation: 408 89.0790 181.4231 83.7697 4.9382
Generation: 409 88.9939 181.3247 83.8345 5.0580
Generation: 410 89.0827 181.4285 83.5784 4.3128
Generation: 411 88.8630 181.2100 83.6108 5.1359
Generation: 412 89.0502 181.3930 84.4254 4.2959
Generation: 413 88.8692 181.2151 84.2987 4.5397
Generation: 414 89.2386 181.5749 84.4196 4.5541
Generation: 415 89.4461 181.7863 83.8510 5.0172
Generation: 416 89.3035 181.6421 83.5867 4.9770
Generation: 417 89.4136 181.7491 83.8288 5.6432
Generation: 418 88.9404 181.2811 84.5027 4.5152
Generation: 419 89.2900 181.6303 84.4893 4.4974
Generation: 420 89.3395 181.6800 84.9448 3.9735
Generation: 421 88.8342 181.1801 84.2822 4.5770
Generation: 422 89.2295 181.5681 84.9164 4.0570
Generation: 423 88.9040 181.2481 83.5586 5.3864
Generation: 424 89.2687 181.6016 83.9511 4.6544
Generation: 425 89.0781 181.4199 84.0007 4.5678
Generation: 426 89.3696 181.7051 83.1635 5.0630
Generation: 427 88.9529 181.2971 83.9873 5.0036
Generation: 428 89.2116 181.5575 84.4947 4.6484
Generation: 429 89.2263 181.5702 84.0567 4.8469
Generation: 430 89.0891 181.4320 83.6923 5.4218
Generation: 431 89.1072 181.4487 84.3043 4.2476
Generation: 432 89.2502 181.5930 83.8747 4.4868
Generation: 433 89.5012 181.8401 84.3421 4.5847
Generation: 434 89.2634 181.6030 85.1451 4.0120
Generation: 435 89.1841 181.5270 83.7459 5.3194
Generation: 436 88.8490 181.1931 84.6943 4.9597
Generation: 437 89.2972 181.6361 83.3333 5.1829
Generation: 438 89.4393 181.7790 84.1078 5.1463
Generation: 439 89.5874 181.9240 83.8681 5.2253
Generation: 440 89.2540 181.5981 84.4586 4.4584
Generation: 441 89.5950 181.9353 84.2948 4.5109
Generation: 442 89.5585 181.8950 84.6742 4.7313
Generation: 443 89.2602 181.6030 85.2849 3.8298
Generation: 444 89.3961 181.7363 84.2201 4.3299
Generation: 445 89.0961 181.4363 84.5525 4.2591
Generation: 446 89.6722 182.0111 84.5100 4.8699
Generation: 447 89.1841 181.5270 84.8009 4.6873
Generation: 448 89.4872 181.8261 84.1231 4.7598
Generation: 449 89.3012 181.6410 83.7218 5.2033
Generation: 450 89.4212 181.7610 84.8551 3.9449
Generation: 451 89.3325 181.6675 84.6269 4.4923
Generation: 452 89.2510 181.5884 84.6222 5.0243
Generation: 453 89.0096 181.3481 83.7377 5.1292
Generation: 454 89.0379 181.3821 84.9145 4.6797
Generation: 455 89.2450 181.5853 84.9380 5.2104
Generation: 456 89.5143 181.8540 84.8135 4.4999
Generation: 457 89.6335 181.9700 83.6179 5.2062
Generation: 458 89.4661 181.8063 84.0112 4.8619
Generation: 459 89.2240 181.5681 84.7650 3.9772
Generation: 460 89.3162 181.6560 84.0905 4.8048
Generation: 461 88.9694 181.3134 85.0042 4.2286
Generation: 462 89.5511 181.8913 84.6426 4.7396
Generation: 463 89.0672 181.4061 84.5334 4.9718
Generation: 464 89.2322 181.5711 84.6371 4.4269
Generation: 465 89.5511 181.8913 85.4948 4.0345
Generation: 466 89.7261 182.0663 84.1507 5.1578
Generation: 467 89.1840 181.5281 83.9801 5.4998
Generation: 468 89.2872 181.6261 84.6320 4.8073
Generation: 469 89.5800 181.9203 84.2791 5.0530
Generation: 470 89.1429 181.4871 84.1685 5.0774
Generation: 471 89.4950 181.8353 84.9051 4.6201
Generation: 472 89.6061 181.9463 84.1171 5.5306
Generation: 473 88.9481 181.2899 84.0627 4.3452
Generation: 474 88.9056 181.2542 84.3266 4.1513
Generation: 475 89.1545 181.4931 84.2583 4.8791
Generation: 476 89.4811 181.8213 84.2108 5.1863
Generation: 477 89.2711 181.6113 84.5935 7.2360
Generation: 478 89.0729 181.4171 84.1619 4.8868
Generation: 479 89.6011 181.9413 84.2819 5.2220
Generation: 480 89.6650 182.0053 85.2864 4.6553
Generation: 481 89.2595 181.5981 84.8099 3.8371
Generation: 482 89.5361 181.8763 84.0140 5.3541
Generation: 483 89.5550 181.8953 84.5358 4.4168
Generation: 484 89.1790 181.5231 83.8408 5.5180
Generation: 485 89.4822 181.8211 84.6767 4.6115
Generation: 486 89.7050 182.0453 84.0179 5.3337
Generation: 487 89.6800 182.0203 84.9904 4.2941
Generation: 488 89.6011 181.9413 84.2533 4.9726
Generation: 489 89.5172 181.8561 83.6239 5.8420
Generation: 490 89.2161 181.5563 84.5051 4.5910
Generation: 491 89.4511 181.7913 83.8823 5.6137
Generation: 492 89.2341 181.5770 83.4936 5.3973
Generation: 493 89.6261 181.9663 84.3152 4.8536
Generation: 494 89.3350 181.6753 84.3466 6.7014
Generation: 495 89.5622 181.9011 84.5090 5.0704
Generation: 496 89.3561 181.6963 83.9007 4.9600
Generation: 497 89.1490 181.4931 83.9010 5.2073
Generation: 498 89.4235 181.7600 83.1222 5.9094
Generation: 499 89.5443 181.8840 84.5654 5.0309
Generation: 500 89.5711 181.9113 83.8715 5.2146
Generation: 501 89.3300 181.6703 84.3124 5.0665
Generation: 502 89.1629 181.5071 83.8630 5.0671
Generation: 503 89.5186 181.8541 84.2144 5.2197
Generation: 504 89.6184 181.9580 84.3918 5.5295
Generation: 505 89.2531 181.5949 83.3508 5.8990
Generation: 506 89.1591 181.5020 84.3328 5.6706
Generation: 507 89.4111 181.7513 84.1603 4.7384
Generation: 508 89.0840 181.4281 84.0396 5.4494
Generation: 509 89.0472 181.3911 84.4923 4.8883
Generation: 510 89.5111 181.8513 83.5928 6.3271
Generation: 511 89.5711 181.9113 84.4748 4.7768
Generation: 512 89.4100 181.7503 84.5270 5.5589
Generation: 513 89.3924 181.7290 83.4730 5.8335
Generation: 514 89.1678 181.5110 82.3085 8.9992
Generation: 515 89.3528 181.6955 83.4433 6.0187
Generation: 516 89.3929 181.7371 83.9812 5.3227
Generation: 517 89.3875 181.7225 83.5811 5.3156
Generation: 518 89.1329 181.4771 83.3223 5.5777
Generation: 519 89.3112 181.6501 84.3108 5.1638
Generation: 520 89.6087 181.9493 84.0562 5.2475
Generation: 521 89.1442 181.4844 82.7947 7.0907
Generation: 522 89.2062 181.5451 83.6608 5.7692
Generation: 523 89.2046 181.5420 84.2037 5.9149
Generation: 524 89.5200 181.8603 83.8991 5.1612
Generation: 525 89.4100 181.7503 83.7981 5.3190
Generation: 526 89.4562 181.7951 84.2764 4.9465
Generation: 527 89.2463 181.5828 84.7910 4.8446
Generation: 528 89.2793 181.6190 83.1006 6.2659
Generation: 529 89.2300 181.5703 84.0641 5.2090
Generation: 530 89.2141 181.5570 84.2043 5.2853
Generation: 531 89.4479 181.7822 83.9721 4.5997
Generation: 532 89.4261 181.7663 84.7966 4.5443
Generation: 533 89.2285 181.5650 84.1389 5.2231
Generation: 534 89.2000 181.5403 84.8097 5.0504
Generation: 535 89.4511 181.7913 83.7890 5.9214
Generation: 536 89.1163 181.4562 84.0901 5.4271
Generation: 537 89.2472 181.5861 83.5850 5.7563
Generation: 538 89.1790 181.5231 84.1118 5.2747
Generation: 539 89.2864 181.6271 84.6678 4.6298
Generation: 540 89.1339 181.4770 83.7735 5.4619
Generation: 541 89.7772 182.1161 84.8464 5.4350
Generation: 542 89.2987 181.6331 83.9842 5.2671
Generation: 543 89.5550 181.8953 84.1453 5.7102
Generation: 544 89.2442 181.5854 83.8228 4.9865
Generation: 545 89.3013 181.6378 84.6377 4.9313
Generation: 546 89.3661 181.7063 84.9515 4.9289
Generation: 547 89.2140 181.5581 84.6438 5.3212
Generation: 548 89.2072 181.5461 84.4807 4.6604
Generation: 549 89.4561 181.7963 85.5039 4.3673
Generation: 550 89.4072 181.7461 84.4685 4.5966
Generation: 551 89.5212 181.8601 84.9573 4.5938
Generation: 552 89.5812 181.9201 84.5600 4.6750
Generation: 553 89.2322 181.5711 84.7254 4.6454
Generation: 554 89.5500 181.8903 85.2595 4.9714
Generation: 555 89.6500 181.9903 84.4204 5.1321
Generation: 556 89.5522 181.8911 83.9625 5.2495
Generation: 557 89.1940 181.5381 84.7788 4.8024
Generation: 558 89.4751 181.8125 84.6266 4.6353
Generation: 559 89.5069 181.8428 84.7058 5.1740
Generation: 560 89.4901 181.8275 85.5663 4.0115
Generation: 561 89.0975 181.4325 85.1272 4.6412
Generation: 562 89.1924 181.5290 85.4905 4.3257
Generation: 563 89.1891 181.5320 85.1158 3.9842
Generation: 564 89.2560 181.5934 84.3524 5.2184
Generation: 565 89.4450 181.7853 85.2406 4.5344
Generation: 566 89.5712 181.9101 85.1510 4.6244
Generation: 567 89.3141 181.6570 86.1727 3.9143
Generation: 568 89.5811 181.9213 85.4771 3.8503
Generation: 569 89.5838 181.9221 85.4644 4.0752
Generation: 570 89.5001 181.8375 85.8854 4.0375
Generation: 571 89.4288 181.7671 85.3530 4.5342
Generation: 572 89.4685 181.8050 86.6365 2.9928
Generation: 573 89.4562 181.7951 84.5437 4.7898
Generation: 574 89.7111 182.0513 85.1698 4.4033
Generation: 575 89.1779 181.5221 85.3583 3.5077
Generation: 576 89.2452 181.5880 84.5681 7.5757
Generation: 577 89.6784 182.0180 85.7125 4.0533
Generation: 578 89.5525 181.8875 85.0304 4.6640
Generation: 579 89.2086 181.5449 84.7909 4.0944
Generation: 580 89.6000 181.9403 84.3352 5.3704
Generation: 581 89.7400 182.0803 85.0301 4.7394
Generation: 582 89.4487 181.7910 84.9544 4.6061
Generation: 583 89.0364 181.3690 83.8345 5.3304
Generation: 584 89.4488 181.7871 84.6712 4.5324
Generation: 585 89.4136 181.7491 84.2522 5.3396
Generation: 586 89.3697 181.7120 84.8524 4.6896
Generation: 587 89.3021 181.6402 85.5947 3.9774
Generation: 588 89.4146 181.7531 84.9753 4.6617
Generation: 589 89.4293 181.7665 84.6136 4.8138
Generation: 590 89.5122 181.8511 85.1343 4.9143
Generation: 591 89.3684 181.7080 84.7603 5.0512
Generation: 592 89.5700 181.9103 84.7596 4.7164
Generation: 593 89.5597 181.9020 84.7743 5.3352
Generation: 594 89.2511 181.5913 84.9586 4.0114
Generation: 595 89.4750 181.8153 84.8630 4.3763
Generation: 596 89.1313 181.4692 85.4358 4.3114
Generation: 597 89.1463 181.4902 85.4418 4.0149
Generation: 598 89.4175 181.7525 85.2998 4.0489
Generation: 599 89.4601 181.7975 85.2652 3.6180
Generation: 600 89.3613 181.6978 85.2172 4.3961
Generation: 601 89.5850 181.9253 85.1876 4.5881
Generation: 602 89.4500 181.7903 85.0982 4.2077
Generation: 603 89.5088 181.8471 84.9042 4.9488
Generation: 604 89.4746 181.8101 85.6046 4.2228
Generation: 605 89.5201 181.8575 85.6921 4.1993
Generation: 606 89.5762 181.9151 85.2212 4.6616
Generation: 607 89.3245 181.6631 85.2679 4.0608
Generation: 608 89.2190 181.5640 85.0982 3.8083
Generation: 609 89.2312 181.5701 84.9901 4.1586
Generation: 610 89.3195 181.6581 85.1235 4.5524
Generation: 611 89.2116 181.5575 84.5347 4.2565
Generation: 612 89.3455 181.6841 85.6283 4.3462
Generation: 613 89.3743 181.7115 86.1343 3.3658
Generation: 614 89.3897 181.7320 85.0275 4.4244
Generation: 615 89.0572 181.4011 84.3863 5.2185
Generation: 616 89.4193 181.7590 85.1191 4.5212
Generation: 617 89.4146 181.7501 86.0578 3.9943
Generation: 618 89.5643 181.9015 85.7588 4.0178
Generation: 619 89.5516 181.8946 85.7238 3.7656
Generation: 620 89.6447 181.9870 85.6141 4.8598
Generation: 621 89.2950 181.6400 85.4162 3.9227
Generation: 622 89.8761 182.2163 86.1264 2.9907
Generation: 623 89.3834 181.7230 84.6460 4.6938
Generation: 624 89.4471 181.7838 85.7887 4.1770
Generation: 625 89.6034 181.9430 85.7008 4.3301
Generation: 626 89.4746 181.8131 84.9454 4.5071
Generation: 627 89.5587 181.9010 84.9559 4.8790
Generation: 628 89.4412 181.7801 85.7003 4.3326
Generation: 629 89.5493 181.8890 85.3624 4.1353
Generation: 630 89.4535 181.7900 85.2431 4.2941
Generation: 631 89.6450 181.9853 85.8450 3.8323
Generation: 632 89.6043 181.9440 85.6704 3.7995
Generation: 633 89.4172 181.7561 84.7187 5.1227
Generation: 634 89.6161 181.9563 84.9812 4.4283
Generation: 635 89.3040 181.6481 85.9519 3.8578
Generation: 636 89.5950 181.9353 85.5685 4.1102
Generation: 637 89.5984 181.9380 85.3614 3.8428
Generation: 638 89.5837 181.9260 85.2706 4.7576
Generation: 639 89.6750 182.0153 86.4576 3.2996
Generation: 640 89.3508 181.6875 85.7778 4.2119
Generation: 641 89.2921 181.6325 85.8771 4.5844
Generation: 642 89.6520 181.9931 85.8320 4.2656
Generation: 643 89.6634 182.0030 85.7194 3.6631
Generation: 644 89.7400 182.0803 86.3272 3.2227
Generation: 645 89.6461 181.9863 85.2367 3.9597
Generation: 646 89.6208 181.9575 85.2901 4.7750
Generation: 647 89.5811 181.9213 85.6320 4.1469
Generation: 648 89.5135 181.8500 86.4295 3.6989
Generation: 649 89.4085 181.7471 85.1432 4.8913
Generation: 650 89.5060 181.8434 85.2182 4.7414
Generation: 651 89.3045 181.6431 85.3879 4.4996
Generation: 652 89.6937 182.0360 85.7890 3.9944
Generation: 653 89.4861 181.8263 86.7088 3.0005
Generation: 654 89.6500 181.9903 86.2540 3.9705
Generation: 655 89.7061 182.0463 86.0201 4.0940
Generation: 656 89.6188 181.9571 86.0715 4.0139
Generation: 657 89.6797 182.0220 85.7069 4.2923
Generation: 658 89.7397 182.0820 86.4209 3.8645
Generation: 659 89.6911 182.0313 85.7072 4.5621
Generation: 660 89.5361 181.8763 84.8410 4.5497
Generation: 661 89.3195 181.6581 85.9295 3.9995
Generation: 662 89.6900 182.0303 86.2210 3.6006
Generation: 663 89.3035 181.6400 86.1558 3.6389
Generation: 664 89.6911 182.0313 86.2029 3.8206
Generation: 665 89.5422 181.8811 86.3744 3.9112
Generation: 666 89.6011 181.9413 85.8617 4.1120
Generation: 667 89.6461 181.9863 86.6556 2.8889
Generation: 668 89.5361 181.8763 85.4737 3.7665
Generation: 669 89.6911 182.0313 86.1151 3.9369
Generation: 670 89.2627 181.6085 86.2008 2.8366
Generation: 671 89.6561 181.9963 86.2440 3.3680
Generation: 672 89.6997 182.0420 85.4020 4.5735
Generation: 673 89.6411 181.9813 85.6840 4.6673
Generation: 674 89.5422 181.8811 86.0058 4.1470
Generation: 675 89.6761 182.0163 85.3256 4.8647
Generation: 676 89.7102 182.0500 85.6832 4.0279
Generation: 677 89.2247 181.5670 85.1136 4.9263
Generation: 678 89.6822 182.0211 85.2690 5.1644
Generation: 679 89.4172 181.7561 85.4246 4.4148
Generation: 680 89.3211 181.6613 85.4677 4.6918
Generation: 681 89.5561 181.8963 86.0682 4.1341
Generation: 682 89.7501 182.0875 86.1629 3.5092
Generation: 683 89.5162 181.8551 84.9895 5.0473
Generation: 684 89.7022 182.0411 86.2936 3.6958
Generation: 685 89.4011 181.7413 85.9062 3.8274
Generation: 686 89.5525 181.8875 85.2001 5.2589
Generation: 687 89.4417 181.7784 85.4429 4.3567
Generation: 688 89.5301 181.8675 85.2567 4.4529
Generation: 689 89.7461 182.0863 86.3407 3.2816
Generation: 690 89.7000 182.0403 85.9822 4.1717
Generation: 691 89.5250 181.8653 86.0061 3.5121
Generation: 692 89.7137 182.0560 86.3650 3.5916
Generation: 693 89.6300 181.9703 85.4551 4.5316
Generation: 694 89.4851 181.8275 85.6481 4.6044
Generation: 695 89.6150 181.9553 85.4937 4.5458
Generation: 696 89.6437 181.9860 85.1916 4.5701
Generation: 697 89.6161 181.9563 85.3082 4.5595
Generation: 698 89.5712 181.9101 85.5883 4.6464
Generation: 699 89.6111 181.9513 85.2484 4.8212
Generation: 700 89.5650 181.9053 86.5597 3.5265
Generation: 701 89.5637 181.9060 85.3879 4.9373
Generation: 702 89.4437 181.7860 85.9341 4.1753
Generation: 703 89.5411 181.8813 85.8854 4.3286
Generation: 704 89.5097 181.8520 86.3660 3.1345
Generation: 705 89.7061 182.0463 86.6363 3.1381
Generation: 706 89.4901 181.8275 86.7779 2.9596
Generation: 707 89.4501 181.7875 85.1065 5.3220
Generation: 708 89.5051 181.8425 84.9998 5.4395
Generation: 709 89.6297 181.9720 85.3959 4.6540
Generation: 710 89.5961 181.9363 86.2014 4.2995
Generation: 711 89.6129 181.9511 85.8210 3.9866
Generation: 712 89.6180 181.9592 85.6333 4.6947
Generation: 713 89.6521 181.9902 85.7817 4.5192
Generation: 714 89.4361 181.7763 85.7305 4.8957
Generation: 715 89.3452 181.6880 86.0016 4.0498
Generation: 716 89.4261 181.7663 85.6594 4.0327
Generation: 717 89.7161 182.0563 86.3791 3.9934
Generation: 718 89.2127 181.5585 85.8789 4.0214
Generation: 719 89.6511 181.9913 86.3797 4.2934
Generation: 720 89.6037 181.9460 86.1406 3.7768
Generation: 721 89.8287 182.1710 85.9778 3.3857
Generation: 722 89.3797 181.7220 86.2671 3.1522
Generation: 723 89.5411 181.8813 86.3568 3.8930
Generation: 724 89.6947 182.0370 85.6775 4.6267
Generation: 725 89.6918 182.0357 86.9702 3.1619
Generation: 726 89.7987 182.1410 86.0948 3.8308
Generation: 727 89.4882 181.8285 86.3954 3.2369
Generation: 728 89.6097 181.9520 86.0390 3.3439
Generation: 729 89.7996 182.1381 86.2753 3.6186
Generation: 730 89.8937 182.2360 86.5139 3.3626
Generation: 731 89.8787 182.2210 86.5704 3.6508
Generation: 732 89.7280 182.0692 86.0227 4.1641
Generation: 733 89.7000 182.0403 85.7026 4.5637
Generation: 734 89.5811 181.9213 86.2309 3.9318
Generation: 735 89.5595 181.8981 85.3934 4.0150
Generation: 736 89.5511 181.8913 86.0130 4.0275
Generation: 737 89.6761 182.0163 86.7644 3.4718
Generation: 738 89.6147 181.9570 87.0337 2.7805
Generation: 739 89.7787 182.1210 85.9510 4.0619
Generation: 740 89.8861 182.2263 86.2790 3.0601
Generation: 741 89.8087 182.1510 86.3581 2.7979
Generation: 742 89.6511 181.9913 86.0205 2.9436
Generation: 743 89.3861 181.7263 86.1310 3.2531
Generation: 744 89.5248 181.8651 86.1122 3.3743
Generation: 745 89.7717 182.1084 85.8883 4.1743
Generation: 746 89.8597 182.2020 86.6637 3.4749
Generation: 747 89.5984 181.9335 85.8379 3.8322
Generation: 748 89.6635 182.0000 85.8987 4.2544
Generation: 749 89.8247 182.1670 85.8375 4.3008
Generation: 750 89.5834 181.9185 86.2718 3.6041
Generation: 751 89.5145 181.8531 84.7899 4.6667
Generation: 752 89.6943 182.0340 85.9687 3.9356
Generation: 753 89.6651 182.0025 85.5915 4.3584
Generation: 754 89.6343 181.9740 86.1393 3.5380
Generation: 755 89.6561 181.9963 86.1544 4.5899
Generation: 756 89.8812 182.2201 86.3989 4.2511
Generation: 757 89.6461 181.9863 84.8173 5.1768
Generation: 758 89.3966 181.7425 85.4875 4.7278
Generation: 759 89.8812 182.2201 85.8148 4.4075
Generation: 760 89.6614 182.0021 85.5598 4.6041
Generation: 761 89.6360 181.9734 86.1804 3.9016
Generation: 762 89.5471 181.8875 85.8471 3.8041
Generation: 763 89.4811 181.8213 85.4827 4.6441
Generation: 764 89.6311 181.9713 86.2015 3.7398
Generation: 765 89.4002 181.7430 85.7007 4.6039
Generation: 766 89.5397 181.8820 85.6240 4.1527
Generation: 767 89.6411 181.9813 85.5888 4.5747
Generation: 768 89.5860 181.9234 85.7698 4.1153
Generation: 769 89.7362 182.0751 86.3081 3.6205
Generation: 770 89.3391 181.6820 85.8171 3.6555
Generation: 771 89.5796 181.9151 85.8748 4.3001
Generation: 772 89.4540 181.7981 86.0450 4.6124
Generation: 773 89.7596 182.0951 85.9658 4.2315
Generation: 774 89.5482 181.8885 86.0524 4.2520
Generation: 775 89.5357 181.8730 85.7547 4.7245
Generation: 776 89.8947 182.2370 85.1720 4.8897
Generation: 777 89.8911 182.2313 85.7118 4.5103
Generation: 778 89.5447 181.8870 84.8065 5.2531
Generation: 779 89.5807 181.9180 85.5185 4.7700
Generation: 780 89.5346 181.8701 84.8597 5.1779
Generation: 781 89.8647 182.2070 86.2453 4.2477
Generation: 782 89.7522 182.0911 85.6448 4.4313
Generation: 783 89.4722 181.8111 86.0182 4.4373
Generation: 784 89.7422 182.0811 86.5603 3.3889
Generation: 785 89.7121 182.0488 85.6211 4.7317
Generation: 786 89.9272 182.2661 85.8441 4.3097
Generation: 787 89.8150 182.1553 86.3464 4.1362
Generation: 788 89.4757 181.8130 86.0776 3.9022
Generation: 789 89.6247 181.9670 86.5266 3.8341
Generation: 790 89.7697 182.1120 87.2994 2.8781
Generation: 791 89.5375 181.8725 84.8479 4.7946
Generation: 792 89.8196 182.1551 85.9460 4.3846
Generation: 793 89.8822 182.2211 86.4241 3.4213
Generation: 794 89.6611 182.0013 86.9124 2.8927
Generation: 795 89.8272 182.1661 85.7489 4.2330
Generation: 796 89.9511 182.2913 85.4592 4.9817
Generation: 797 89.7360 182.0734 85.1373 5.6910
Generation: 798 89.6963 182.0328 85.4400 4.8163
Generation: 799 89.7961 182.1363 85.8136 4.6704
Generation: 800 89.7801 182.1175 85.4837 4.9051
Generation: 801 89.9361 182.2763 85.3632 5.2409
Generation: 802 89.6972 182.0361 86.1223 3.7619
Generation: 803 89.8111 182.1513 86.0396 4.0111
Generation: 804 89.7061 182.0463 85.9966 4.5137
Generation: 805 89.8261 182.1663 86.4389 3.4045
Generation: 806 89.6501 181.9875 85.9154 3.9851
Generation: 807 89.4360 181.7734 85.9742 3.3795
Generation: 808 89.8022 182.1411 85.5850 4.3196
Generation: 809 89.8397 182.1820 86.1677 4.1462
Generation: 810 89.7421 182.0788 85.9359 4.2865
Generation: 811 89.5451 181.8825 85.7543 4.3662
Generation: 812 89.9361 182.2763 85.5314 4.0533
Generation: 813 89.7611 182.1013 86.0232 4.0293
Generation: 814 89.8261 182.1663 85.8716 4.1163
Generation: 815 89.3561 181.6963 85.5257 5.1421
Generation: 816 89.5843 181.9240 85.4192 4.8702
Generation: 817 89.5135 181.8521 85.3935 4.4201
Generation: 818 89.8111 182.1513 86.6274 3.2004
Generation: 819 89.6250 181.9653 85.8002 3.9616
Generation: 820 89.4672 181.8087 86.0776 3.8171
Generation: 821 89.6422 181.9811 85.3202 4.6376
Generation: 822 89.6571 181.9987 85.3702 4.9013
Generation: 823 89.5668 181.9060 85.7939 4.5651
Generation: 824 89.8050 182.1453 85.3927 4.6861
Generation: 825 89.6361 181.9763 85.3111 4.9140
Generation: 826 89.7211 182.0613 85.1921 5.2783
Generation: 827 89.6950 182.0353 84.6306 5.6550
Generation: 828 89.7088 182.0471 85.4642 4.3982
Generation: 829 89.8422 182.1811 84.9625 5.3611
Generation: 830 89.8300 182.1703 85.6111 4.8031
Generation: 831 89.8900 182.2303 85.8398 4.4111
Generation: 832 89.7985 182.1350 86.4053 4.3420
Generation: 833 89.6298 181.9701 84.9690 4.7231
Generation: 834 89.5745 181.9131 85.4266 4.6739
Generation: 835 89.8135 182.1500 85.4853 4.4533
Generation: 836 89.8046 182.1401 85.4518 4.8126
Generation: 837 89.8511 182.1913 85.6326 4.7882
Generation: 838 89.7316 182.0746 85.0344 4.8437
Generation: 839 89.6597 182.0020 85.3897 5.2202
Generation: 840 89.6821 182.0188 85.3607 4.7865
Generation: 841 89.8597 182.2020 86.6940 3.7583
Generation: 842 89.7021 182.0437 84.9231 4.9328
Generation: 843 89.6302 181.9700 85.3994 4.8633
Generation: 844 89.8322 182.1711 86.4894 3.5927
Generation: 845 89.7522 182.0911 86.1549 4.5206
Generation: 846 89.8061 182.1463 85.6488 4.4973
Generation: 847 89.8761 182.2163 86.9026 3.1136
Generation: 848 89.8311 182.1713 86.9700 3.1541
Generation: 849 89.7222 182.0611 86.3672 3.0079
Generation: 850 89.7997 182.1420 86.6471 3.1439
Generation: 851 89.8822 182.2211 85.9984 4.3075
Generation: 852 89.8254 182.1681 86.1940 3.9812
Generation: 853 89.6508 181.9911 85.7169 4.8585
Generation: 854 89.5777 181.9144 86.2882 3.3739
Generation: 855 89.7651 182.1025 86.9942 2.9400
Generation: 856 89.7722 182.1111 85.0849 4.9964
Generation: 857 89.7285 182.0706 85.9671 4.0462
Generation: 858 89.8111 182.1513 86.2674 3.9644
Generation: 859 89.6898 182.0301 86.1821 4.3086
Generation: 860 89.8111 182.1513 86.9712 3.0129
Generation: 861 89.7911 182.1313 86.8293 3.5736
Generation: 862 89.7761 182.1163 86.2628 3.8036
Generation: 863 89.8114 182.1501 86.7108 3.8428
Generation: 864 89.7922 182.1311 86.7841 2.8348
Generation: 865 89.5523 181.8911 86.2913 4.0471
Generation: 866 89.6086 181.9454 86.5234 3.8729
Generation: 867 89.6485 181.9906 86.0369 4.6261
Generation: 868 89.7672 182.1061 86.0086 4.0585
Generation: 869 89.8761 182.2163 87.0187 3.7197
Generation: 870 89.8911 182.2313 86.5208 3.7995
Generation: 871 89.8411 182.1813 86.2540 4.0853
Generation: 872 89.7085 182.0506 86.4777 3.6397
Generation: 873 89.7398 182.0801 86.3582 3.8416
Generation: 874 89.7421 182.0802 86.4763 3.4603
Generation: 875 89.8911 182.2313 85.6895 4.9099
Generation: 876 89.9061 182.2463 85.3955 4.6037
Generation: 877 89.7135 182.0556 85.6775 4.7077
Generation: 878 89.6785 182.0206 86.5839 3.5109
Generation: 879 89.8261 182.1663 86.3960 4.1261
Generation: 880 89.7854 182.1281 85.9211 4.6392
Generation: 881 89.7421 182.0802 86.3066 3.9744
Generation: 882 89.5807 181.9180 86.7861 3.0015
Generation: 883 89.8061 182.1463 86.6248 3.4027
Generation: 884 89.6813 182.0178 85.6245 4.9274
Generation: 885 89.7985 182.1350 85.0090 4.8759
Generation: 886 89.7348 182.0751 86.4314 4.2390
Generation: 887 89.7146 182.0501 86.0815 4.3857
Generation: 888 89.7048 182.0451 85.8434 3.9734
Generation: 889 89.5435 181.8856 87.1753 2.5938
Generation: 890 89.5998 181.9357 86.6808 3.7552
Generation: 891 89.7911 182.1313 86.1518 4.0601
Generation: 892 89.7900 182.1303 86.3371 4.3212
Generation: 893 89.7752 182.1150 86.4233 3.9842
Generation: 894 89.6462 181.9860 87.0157 3.4346
Generation: 895 89.7998 182.1401 86.4590 3.9750
Generation: 896 89.7422 182.0811 87.1179 2.8795
Generation: 897 89.7972 182.1361 86.3207 3.9945
Generation: 898 89.7972 182.1361 85.7549 4.5980
Generation: 899 89.8911 182.2313 86.4250 3.9485
Generation: 900 89.5562 181.8960 85.8048 4.4630
Generation: 901 89.6588 181.9947 85.8213 4.6636
Generation: 902 89.7848 182.1251 87.2389 3.2284
Generation: 903 89.7761 182.1163 86.5196 3.3577
Generation: 904 89.7818 182.1235 87.0286 3.4254
Generation: 905 89.7972 182.1361 85.6655 4.7222
Generation: 906 89.8122 182.1511 86.6156 3.7822
Generation: 907 89.8352 182.1750 85.9844 4.1250
Generation: 908 89.7911 182.1313 85.8660 4.8731
Generation: 909 89.7761 182.1163 86.2836 4.4226
Generation: 910 89.8561 182.1963 86.8492 3.8468
Generation: 911 89.7578 182.0962 87.5356 2.6745
Generation: 912 89.8822 182.2211 86.1153 4.6207
Generation: 913 89.8911 182.2313 87.5371 2.6846
Generation: 914 89.8193 182.1590 86.8238 4.0718
Generation: 915 89.8352 182.1750 86.1774 4.7013
Generation: 916 89.8966 182.2396 86.5346 3.6948
Generation: 917 89.8061 182.1463 86.0043 4.5883
Generation: 918 89.7385 182.0750 86.6000 4.5705
Generation: 919 89.9061 182.2463 87.0057 3.1237
Generation: 920 89.8911 182.2313 86.6291 3.7468
Generation: 921 89.8522 182.1911 86.7582 3.6700
Generation: 922 89.8061 182.1463 86.7916 3.9505
Generation: 923 89.7892 182.1270 86.6389 3.8954
Generation: 924 89.8661 182.2063 86.7443 3.8119
Generation: 925 89.9566 182.2996 85.9324 4.2487
Generation: 926 89.9866 182.3296 86.6535 4.5692
Generation: 927 89.8052 182.1450 86.4137 3.9357
Generation: 928 89.9866 182.3296 86.7601 3.7326
Generation: 929 89.9061 182.2463 86.7104 3.9436
Generation: 930 89.9916 182.3346 86.8099 3.8535
Generation: 931 89.9040 182.2425 86.7647 3.3109
Generation: 932 89.6264 181.9651 86.5150 4.0022
Generation: 933 89.8911 182.2313 86.6260 4.0907
Generation: 934 89.9211 182.2613 87.0902 3.0840
Generation: 935 89.8097 182.1520 86.9533 2.9891
Generation: 936 89.7596 182.0951 86.8737 3.8175
Generation: 937 89.7421 182.0788 86.6479 3.5749
Generation: 938 89.8247 182.1670 87.4629 2.7510
Generation: 939 90.0066 182.3496 86.4174 4.3749
Generation: 940 89.8966 182.2396 87.0222 2.6917
Generation: 941 89.8216 182.1646 85.9685 4.2179
Generation: 942 89.7761 182.1163 86.4955 3.6995
Generation: 943 89.7911 182.1313 86.9435 3.8478
Generation: 944 89.8097 182.1520 86.9740 3.4460
Generation: 945 89.9547 182.2970 86.9070 3.1792
Generation: 946 89.9247 182.2670 85.8123 4.5932
Generation: 947 89.9122 182.2511 85.3461 4.9646
Generation: 948 89.9061 182.2463 86.0999 4.6907
Generation: 949 89.9416 182.2846 86.4900 3.9509
Generation: 950 89.8061 182.1463 86.4423 3.7866
Generation: 951 89.9790 182.3175 86.4300 4.4342
Generation: 952 89.7947 182.1370 86.9137 3.1955
Generation: 953 89.9866 182.3296 85.7209 4.6845
Generation: 954 89.7202 182.0600 86.2528 4.3779
Generation: 955 89.7716 182.1146 87.1743 2.6355
Generation: 956 89.8321 182.1702 87.2356 3.2568
Generation: 957 89.9490 182.2875 86.1522 4.5421
Generation: 958 89.8352 182.1750 86.1101 4.5605
Generation: 959 89.8947 182.2370 86.5849 4.0195
Generation: 960 89.9247 182.2670 86.8106 4.1767
Generation: 961 89.8897 182.2320 86.5369 3.5661
Generation: 962 89.8211 182.1613 85.5618 4.6973
Generation: 963 89.8622 182.2011 86.6185 3.6798
Generation: 964 89.9272 182.2661 86.3154 5.3284
Generation: 965 89.8004 182.1431 86.1271 3.8829
Generation: 966 89.8816 182.2246 86.6009 3.5332
Generation: 967 89.9940 182.3325 86.5595 4.6153
Generation: 968 89.8397 182.1820 86.7368 3.8850
Generation: 969 89.9211 182.2613 87.5216 2.8304
Generation: 970 89.8264 182.1651 87.3213 3.2396
Generation: 971 89.8447 182.1870 86.3386 4.1720
Generation: 972 89.8202 182.1600 86.5151 3.9068
Generation: 973 89.8052 182.1450 86.5190 4.4716
Generation: 974 89.8747 182.2170 86.5952 4.1213
Generation: 975 89.8447 182.1870 86.1808 4.6190
Generation: 976 90.0866 182.4296 86.9841 3.6558
Generation: 977 90.0158 182.3575 86.6479 4.2842
Generation: 978 89.9397 182.2820 86.5827 4.4004
Generation: 979 89.9361 182.2763 86.2190 4.4466
Generation: 980 89.9061 182.2463 86.3296 4.4364
Generation: 981 89.8255 182.1641 86.3621 4.3651
Generation: 982 89.7746 182.1101 86.3140 4.2964
Generation: 983 89.9661 182.3063 87.5786 3.1207
Generation: 984 89.8264 182.1651 86.2998 4.2752
Generation: 985 89.8343 182.1740 86.2306 4.3478
Generation: 986 89.8111 182.1513 86.3402 4.4778
Generation: 987 89.7721 182.1102 86.8770 3.8325
Generation: 988 89.8411 182.1813 86.2227 4.3523
Generation: 989 89.8264 182.1651 87.0985 3.7103
Generation: 990 89.8352 182.1750 87.4720 2.8624
Generation: 991 89.9166 182.2596 86.7485 3.9994
Generation: 992 89.8947 182.2370 86.4456 5.1545
Generation: 993 89.9122 182.2511 86.9954 4.2675
Generation: 994 89.8511 182.1913 86.6410 4.0975
Generation: 995 89.8352 182.1750 86.5804 3.7793
Generation: 996 89.9716 182.3146 86.6531 4.1630
Generation: 997 89.8161 182.1563 86.3381 4.3362
Generation: 998 90.0416 182.3846 86.3724 4.2925
Generation: 999 89.8822 182.2211 86.9114 3.5658
