1.747064259207783188e+00
4.104222563258559942e-01
9.599927467442082030e-01
-1.957266866885881029e+00
1.183827083890875709e-01
1.515792934517031565e+00
-2.424124450780057671e+00
2.128850402315630053e+00
9.066909297090538500e-01
1.400640656850505650e+00
2.928291944354847742e-01
7.295551804387474526e-01
-1.090009395244219359e+00
-1.123437748172514183e+00
-1.935474126005913398e+00
-4.806561383052563863e-01
7.384326285731080963e-01
-1.176452412768659972e+00
-6.829956142798369045e-01
-7.942118897688718038e-01
8.732188351801242754e-02
-4.815763943320174878e-01
-2.047952545652815814e+00
7.958993510054070963e-01
-7.090579810610920797e-01
9.037367579835656750e-01
1.235814638894094264e+00
-2.770068274453661328e+00
-1.383329530286647180e-01
-7.192967718079532613e-01
-1.202558080763558440e-01
-1.659199987109620800e+00
8.941794168297125811e-01
4.310220293750347542e-01
-1.933043434445504971e+00
1.963739991135872096e-02
9.873423829637212323e-02
1.684718188652195803e+00
-1.508596736617595635e-01
-3.912697378544553461e-01
1.515346330234207117e-01
-7.825297379040415668e-01
5.430420530388109512e-02
8.606564209452887138e-01
-9.480827668565632305e-01
-1.872915291642555324e+00
1.335500801791981440e-01
-5.094126993013227134e-01
-1.305777835964204048e+00
-5.872639127681876792e-01
1.259075004905383599e+00
-2.859607981372206398e-01
-2.148354596722751308e-01
-2.651316758349257174e+00
4.733479454923237295e-01
4.816600486719613827e-01
-7.371003754144194176e-01
2.775145759223312858e+00
4.758533441918961771e-01
-6.204010160726544654e-02
-5.478291473468490658e-01
3.083647343646555572e-01
7.198501823493642648e-01
-9.160888673138708471e-01
6.748078711105122141e-01
-1.623115336435167755e-01
-9.895637073270865391e-01
8.768456726112338062e-01
-3.788060474022770241e-01
2.267878357156899227e+00
-3.966992737314701811e-01
-2.444102487601041429e-01
-6.546778053113535556e-01
1.195384954370358965e+00
1.384917052109022606e+00
-1.625041066190433980e+00
1.133147278306475103e+00
1.893865582046283247e-01
-1.016490756653206873e+00
1.232523274849781414e+00
1.756780207550595607e-01
1.026875531000621677e+00
2.226427288498050716e-02
5.685003815159530571e-01
-2.958029934957396856e-01
-5.395968908267850805e-01
-9.387264018406676902e-02
-6.167079835605061566e-01
-4.583490914790617765e-01
-1.284393316872208590e+00
-8.916750609997443622e-01
-7.950335008376059331e-01
5.346925386659905355e-01
9.655263133457436808e-01
1.183776753805467541e+00
-1.092335322215895799e+00
3.168966293926822608e-01
2.162032305671183208e-01
9.866870567674603798e-01
3.823748204093700420e-01
-1.474011727346366429e+00
-4.056842771371826917e-01
-1.500548154451639027e+00
1.055061432992840498e+00
-4.723776361767997312e-01
-5.234989273302412816e-01
-1.075101891785872343e-01
-3.979095250496431091e-01
-1.510060091259900261e+00
-3.787343891644116001e-01
3.086031235526167649e-01
1.177649352050933462e-01
-2.451733795627031032e-01
-2.248008298707209751e-01
-3.596444722984528664e-01
-1.023469657749000561e+00
-2.638440120452717252e+00
-1.806387556413980022e-01
1.451493387480206732e+00
-8.652096649336560308e-01
9.409656967531633276e-01
-1.657756212705582266e+00
6.614627634037905102e-01
1.911281374230383800e+00
-5.519141575824283441e-01
-1.771081321235613348e+00
1.197208027379919493e+00
1.496681851795216067e+00
-9.436533992239833912e-01
-1.048865504272733062e+00
9.773869014646208164e-02
4.971215350405407962e-01
2.070844992793073880e-01
-1.508384060464977638e+00
1.298362148830825569e-01
2.154260582878259278e+00
1.645936901476255709e+00
2.768412764455548958e-01
9.993631488024593001e-02
-8.648072367100446689e-01
-1.081344230761995595e+00
-1.161171486542682318e+00
9.400610484705526626e-02
3.254573959523257010e-01
-1.526485173495777614e+00
4.525582267675695713e-01
-1.407609302540449303e-01
-1.583137816729811354e+00
1.362364130417829777e+00
-3.328503386827072474e-01
2.707367746055757141e-01
1.075362200286284348e-01
1.307538722276920584e+00
-3.296627468948968853e-01
2.372817062017087419e-01
1.055236558319068568e-01
1.950248565057592920e-01
-2.360387349078192365e+00
6.764518578782990899e-02
-9.955639886295114538e-01
-6.880865661143853451e-01
-1.761893717495535139e-01
-1.024366869386359014e+00
7.283402812112342861e-01
-1.213132942667802805e+00
-1.050148338922112679e+00
-1.935783433501675199e-01
2.536992734372699454e-01
1.354002979077442825e+00
4.618718947556298415e-01
-1.512259376857174598e+00
1.278373026256003908e-01
-8.779749484735687171e-01
9.718562351596340410e-01
5.459981822055065548e-04
-1.998164715338155206e+00
1.674817276300509361e+00
-8.145511087363508373e-01
-4.304331477979883580e-01
-7.582087407047368721e-01
-8.347516976936211197e-01
-5.419884938801133867e-01
-8.951798300013004139e-01
-8.109493376465144454e-01
-2.374695688035357577e+00
-1.297684569160515999e-01
2.618310480842852006e-01
-1.134900222537474246e+00
-1.465600475033513594e-01
-1.033934326078769450e+00
1.025109812634871082e-01
5.227033078231546614e-02
-3.365012171405564745e-01
7.997600776862682226e-01
1.252757700959140852e+00
3.103918039547214347e-01
6.911521901974367887e-01
-4.248860463944403865e-02
-1.544101595685560824e+00
1.890907613717673214e-02
1.410320494493854104e-01
-3.125118877939918050e-01
9.797304824964152559e-01
-2.647936800421998305e-01
-6.539909159203689815e-02
-5.552318115325073633e-02
-1.694884531236658498e+00
-3.389514115257756255e-01
2.894725450750984752e+00
-4.442793149150166543e-01
-1.587592286511643191e+00
-5.879654371241558319e-01
1.408437205578671580e+00
2.133483173020792822e+00
3.567817570105509817e-01
-1.179770065720828986e+00
-1.017198930163827786e+00
-2.103144080012258332e-01
9.137746461200807468e-01
8.763674309689410968e-01
-1.406006188337553864e+00
9.864911418651824138e-02
-1.509875740099226316e-01
6.584172105013423870e-01
5.522560949812005404e-01
-1.218382486055823000e+00
-1.103624919703220852e+00
2.716820351159907609e-01
1.976226138271720112e+00
2.144868089286507962e-01
-4.081324060162571099e-01
2.441488151724235056e+00
-6.170145889045310916e-01
1.533705001042261706e+00
3.596289370795060503e-01
2.022954248717434567e-01
-1.626551968653570324e+00
-2.042804793837234900e+00
-2.475202906799851277e-01
1.264309215087752847e+00
6.467106291086747172e-01
-1.273732225813885011e+00
8.985703836222115326e-01
2.340849427931755322e+00
3.299633462810261930e-01
-6.519026328171855234e-01
1.857811563943559285e+00
-1.023311671227612463e+00
-1.804020526320259665e-01
4.370424952065365964e-01
2.558431152269340925e-01
-2.835543359149397702e+00
-7.387261492709137345e-01
-1.054206985669577712e+00
-9.023597806229676221e-01
8.667521433379632434e-01
-1.126261126615607955e+00
2.214542758234768982e+00
4.086539237865792762e-01
1.239064327477993110e+00
7.329398673594085534e-02
-1.181711429101987454e+00
1.955871695086609519e+00
-4.492161849369472049e-01
8.904011996406241414e-01
