Generation: 0 47.5083 125.4659 2.3968 14.7894
Generation: 1 52.5327 125.1021 10.8632 18.3809
Generation: 2 49.0179 103.9004 21.4509 18.4873
Generation: 3 47.4848 100.3797 30.0531 15.3066
Generation: 4 57.6660 111.7021 31.9418 17.6718
Generation: 5 55.9848 110.2363 38.6333 10.6508
Generation: 6 53.2081 130.6599 39.6571 11.1406
Generation: 7 54.9389 132.2828 40.3310 11.6289
Generation: 8 56.1649 133.4005 41.1913 10.0349
Generation: 9 52.6851 130.1329 43.4789 6.1398
Generation: 10 53.1360 130.5995 43.5026 6.1346
Generation: 11 58.2351 112.2723 42.2359 7.0335
Generation: 12 56.3255 115.4502 41.4169 8.7305
Generation: 13 61.3001 115.0096 42.3723 7.8544
Generation: 14 51.8149 129.3871 42.0837 6.3423
Generation: 15 47.4673 125.4209 42.2970 6.0579
Generation: 16 50.6609 110.2994 42.7784 6.9969
Generation: 17 51.1980 105.8774 42.6926 5.6170
Generation: 18 56.8246 110.9611 43.5316 5.4734
Generation: 19 54.6005 108.9402 43.0936 5.7253
Generation: 20 54.4928 108.8302 41.9157 6.4250
Generation: 21 57.0136 111.1398 42.5927 6.9855
Generation: 22 56.5287 115.6374 44.5183 5.5523
Generation: 23 49.2894 127.1209 43.4611 6.1897
Generation: 24 55.6887 109.9307 43.5222 5.4135
Generation: 25 58.4978 152.4069 42.9588 6.9682
Generation: 26 60.9107 137.6118 42.4347 7.3396
Generation: 27 57.4971 134.5136 43.4629 6.0497
Generation: 28 52.1590 129.7189 43.1034 6.9445
Generation: 29 54.2300 131.5814 44.2184 6.3519
Generation: 30 48.9860 126.8812 42.0936 7.5954
Generation: 31 52.8783 130.3203 41.5555 8.4829
Generation: 32 53.8737 131.2053 42.7850 7.4057
Generation: 33 58.2565 135.2824 43.3997 7.9068
Generation: 34 63.4632 151.9377 42.9851 7.9202
Generation: 35 61.0094 137.6973 45.2858 7.4904
Generation: 36 66.1617 142.4278 45.3107 8.9016
Generation: 37 61.0221 137.7130 45.2813 9.0101
Generation: 38 58.7675 135.6765 42.9306 10.4205
Generation: 39 64.3625 140.8401 45.2423 8.8279
Generation: 40 60.9968 137.6873 44.6121 10.1805
Generation: 41 62.7464 151.3380 47.2613 7.6250
Generation: 42 59.8957 136.7015 45.8719 9.6387
Generation: 43 63.2275 151.7021 46.8762 9.0651
Generation: 44 59.7467 136.5424 46.4892 10.2941
Generation: 45 60.9825 137.6743 47.5157 11.0696
Generation: 46 57.5931 134.6149 48.0910 10.6233
Generation: 47 58.7572 135.6670 47.6533 10.5550
Generation: 48 58.7429 135.6520 46.0056 15.1549
Generation: 49 60.8519 137.5418 46.1905 12.9706
Generation: 50 62.1155 138.6973 45.4460 15.3726
Generation: 51 57.6528 134.6745 47.9283 11.0938
Generation: 52 59.8676 136.6654 46.5840 11.3232
Generation: 53 62.1591 138.8646 49.4516 7.6127
Generation: 54 63.2659 151.7392 47.7972 11.4992
Generation: 55 64.3788 140.8675 48.4052 10.2414
Generation: 56 63.2930 151.7681 48.4819 9.8793
Generation: 57 61.8511 138.5512 47.5228 11.0722
Generation: 58 63.9127 152.3949 49.2000 8.2313
Generation: 59 69.1150 145.0572 48.9860 9.2099
Generation: 60 63.9238 140.4034 50.6441 7.5546
Generation: 61 63.2222 151.6962 49.3487 10.2711
Generation: 62 63.2589 151.7322 48.7168 10.6953
Generation: 63 64.2040 152.6931 48.7099 9.3953
Generation: 64 60.9939 137.6849 49.0089 8.2295
Generation: 65 66.4462 142.7231 50.2885 7.1754
Generation: 66 63.2844 151.7672 51.8627 6.3550
Generation: 67 62.0682 138.6498 51.9656 8.5569
Generation: 68 62.0824 150.6622 51.9666 8.2892
Generation: 69 64.0029 152.4877 52.1896 7.2210
Generation: 70 63.3961 151.8692 51.8726 9.2231
Generation: 71 63.2846 151.7602 51.0320 8.4446
Generation: 72 67.3755 155.5377 50.2603 11.8662
Generation: 73 67.1515 155.3127 52.3838 9.1110
Generation: 74 65.8002 154.0751 51.7021 11.9620
Generation: 75 62.8975 151.4901 51.2722 6.5355
Generation: 76 63.2113 151.6942 52.0210 9.0727
Generation: 77 63.2792 151.7532 52.1626 6.3315
Generation: 78 63.3133 151.7976 51.4785 8.6544
Generation: 79 70.4600 158.2650 48.9859 11.0286
Generation: 80 62.1661 150.7585 51.4239 10.7080
Generation: 81 63.3072 151.7812 50.3900 11.6705
Generation: 82 63.2986 151.7717 51.8896 7.1447
Generation: 83 63.2832 151.7567 54.1313 6.2269
Generation: 84 63.2260 151.6997 53.1938 6.3560
Generation: 85 63.2969 151.7711 52.0806 5.9337
Generation: 86 69.4006 157.3409 53.9407 6.8001
Generation: 87 64.0852 152.5617 53.2093 6.6301
Generation: 88 63.2681 151.7442 52.8044 6.4521
Generation: 89 63.3675 151.8513 52.2830 8.8599
Generation: 90 63.1731 151.6472 52.7843 6.1900
Generation: 91 63.2849 151.7685 52.6091 6.7657
Generation: 92 63.2851 151.7603 52.4168 7.3185
Generation: 93 66.1855 154.4564 53.0914 6.1367
Generation: 94 67.6333 183.6867 53.4379 8.8394
Generation: 95 63.2528 151.7359 52.7092 8.4270
Generation: 96 69.4787 162.4259 53.2320 6.6529
Generation: 97 62.9447 151.5361 53.3548 5.7093
Generation: 98 63.2521 151.7257 52.4294 5.9795
Generation: 99 68.3083 156.3607 54.0597 9.0295
Generation: 100 63.2819 151.7648 54.2541 5.6863
Generation: 101 69.4770 157.4173 53.6720 8.9934
Generation: 102 66.2838 154.5550 53.5962 9.1832
Generation: 103 63.8265 152.3028 53.4199 8.7597
Generation: 104 63.8906 152.3688 55.0845 5.8467
Generation: 105 68.1900 156.2434 55.1608 7.6995
Generation: 106 66.2231 154.4934 54.0524 9.8700
Generation: 107 68.4743 156.5281 53.3120 11.3920
Generation: 108 67.3474 155.5093 54.4902 6.7862
Generation: 109 63.2867 151.7607 55.2523 6.5606
Generation: 110 63.2379 151.7122 55.2805 8.0475
Generation: 111 63.9617 152.4465 55.7972 6.0078
Generation: 112 63.1412 179.6218 54.9947 6.1262
Generation: 113 67.3868 155.5499 53.8206 7.1450
Generation: 114 63.2563 151.7302 55.5532 6.3797
Generation: 115 70.3842 158.2080 55.2590 6.9488
Generation: 116 63.3255 151.7992 53.9947 6.6555
Generation: 117 70.5661 158.3974 54.0047 8.2505
Generation: 118 67.3896 155.5518 56.1059 6.9581
Generation: 119 69.5077 157.4519 56.2158 8.7137
Generation: 120 66.0477 154.3191 55.5524 6.6939
Generation: 121 69.6060 157.5463 55.7992 6.7239
Generation: 122 67.3619 155.5239 57.1477 5.5764
Generation: 123 63.8076 152.2925 55.7696 6.1678
Generation: 124 66.0589 154.3303 57.3130 5.7934
Generation: 125 70.4827 158.3134 56.4637 6.5165
Generation: 126 63.3934 151.8687 56.1449 8.4921
Generation: 127 70.4979 158.3211 56.5682 7.9208
Generation: 128 69.9598 157.7915 56.3360 8.6041
Generation: 129 69.6318 157.5743 58.1443 6.3072
Generation: 130 71.1980 198.9049 57.9521 6.4684
Generation: 131 70.7206 158.5496 56.8203 6.2253
Generation: 132 67.2951 155.4575 57.2089 5.4242
Generation: 133 67.9473 155.9991 56.0877 6.4223
Generation: 134 68.4123 156.4660 57.1733 7.4119
Generation: 135 67.0897 155.2525 57.8390 5.5828
Generation: 136 67.9321 155.9897 57.8033 5.7609
Generation: 137 69.3301 157.2709 57.6972 6.9978
Generation: 138 69.3076 157.2479 57.2098 5.8226
Generation: 139 70.4928 158.3237 57.7705 6.0079
Generation: 140 70.3577 158.1876 59.0293 5.4838
Generation: 141 69.8097 157.7548 58.4469 5.7319
Generation: 142 70.8929 158.7303 57.8094 5.5439
Generation: 143 69.3545 157.2911 58.0480 5.8701
Generation: 144 69.3210 157.2603 57.9302 5.5054
Generation: 145 71.5544 159.2590 57.8079 5.9418
Generation: 146 70.9185 158.7528 57.1481 8.2925
Generation: 147 69.0351 156.9800 56.9596 6.1759
Generation: 148 70.4477 158.2763 57.7734 6.9697
Generation: 149 70.6394 158.4627 57.6730 6.9616
Generation: 150 70.0698 157.8962 58.0074 7.9383
Generation: 151 70.5041 158.3376 57.1552 6.9773
Generation: 152 66.3038 154.5624 58.4634 5.6264
Generation: 153 70.1265 157.9603 56.8203 7.5202
Generation: 154 71.1055 158.8116 58.7892 5.4800
Generation: 155 68.3909 156.4443 58.5672 4.9421
Generation: 156 70.4278 158.2580 58.2980 5.7378
Generation: 157 70.5181 158.3491 59.1508 5.4245
Generation: 158 70.1969 158.0307 59.2193 5.9359
Generation: 159 72.2958 159.8863 57.7432 5.9747
Generation: 160 70.4171 158.2482 59.0845 5.6786
Generation: 161 70.5486 158.3796 58.4442 5.9420
Generation: 162 70.1748 158.0022 58.6440 5.2232
Generation: 163 63.3298 151.8154 57.7550 7.5795
Generation: 164 69.2630 157.2036 57.9071 6.7725
Generation: 165 70.5219 158.3445 59.5530 5.9720
Generation: 166 69.6686 157.6141 57.5213 5.9943
Generation: 167 69.5397 157.4829 58.0054 5.6425
Generation: 168 71.5064 159.2030 58.3397 5.6528
Generation: 169 70.8334 158.5351 57.8254 6.0891
Generation: 170 69.6655 157.6108 58.5698 6.4722
Generation: 171 70.4984 158.3280 57.9399 8.9129
Generation: 172 70.3958 158.2179 56.5379 8.5431
Generation: 173 69.2980 157.2413 55.6110 10.7566
Generation: 174 70.4144 158.2377 56.3603 13.2722
Generation: 175 70.3192 158.1365 55.2202 14.5503
Generation: 176 69.6686 157.6141 56.0863 12.3123
Generation: 177 67.0563 155.2182 55.7674 12.2867
Generation: 178 70.4239 158.2553 58.5374 5.7530
Generation: 179 68.9487 156.8714 58.1013 5.9052
Generation: 180 70.1599 157.9883 58.3147 6.3229
Generation: 181 67.2922 155.4550 56.3844 12.0201
Generation: 182 70.2297 158.0454 57.6476 9.3642
Generation: 183 70.6006 158.4266 57.8713 6.5887
Generation: 184 70.4360 158.2579 57.0116 9.3281
Generation: 185 69.5516 157.4920 58.8539 6.1196
Generation: 186 70.6840 158.5064 59.4813 5.4594
Generation: 187 69.4722 157.4124 58.0937 10.7596
Generation: 188 69.4003 157.3452 58.0769 6.4273
Generation: 189 71.7949 159.5117 58.3783 6.3639
Generation: 190 70.5830 158.4063 58.8698 8.6311
Generation: 191 70.9981 158.6909 59.0622 5.8709
Generation: 192 70.4268 158.2567 59.5071 5.8908
Generation: 193 70.6386 158.4699 58.6271 6.9489
Generation: 194 70.5938 158.4195 58.4030 6.4525
Generation: 195 69.5518 157.4870 60.0071 5.6836
Generation: 196 70.1402 157.9662 58.0442 6.4537
Generation: 197 71.1686 158.8697 57.6080 8.2113
Generation: 198 70.5351 158.3660 57.4094 11.1416
Generation: 199 70.6909 158.5205 56.8160 13.5502
Generation: 200 70.4886 158.3199 58.5074 6.3227
Generation: 201 70.4216 158.2504 58.9819 6.5596
Generation: 202 68.5106 156.5624 58.5876 6.2278
Generation: 203 70.5588 158.3698 60.5324 5.6391
Generation: 204 70.6495 158.4746 59.0130 6.0714
Generation: 205 70.4898 158.3193 60.8157 5.0546
Generation: 206 69.3571 157.3001 59.0190 6.4586
Generation: 207 69.5194 157.4643 60.3080 5.3508
Generation: 208 69.4822 157.4223 59.5482 5.4619
Generation: 209 70.6568 158.4864 60.4297 5.0628
Generation: 210 70.4471 158.2778 60.3324 6.1622
Generation: 211 70.6500 158.4750 58.7102 6.5699
Generation: 212 70.4645 158.2882 58.4338 8.9210
Generation: 213 70.5864 158.4178 59.0885 6.0389
Generation: 214 70.5764 158.3893 58.9912 5.8311
Generation: 215 71.9090 159.6118 59.4102 6.2822
Generation: 216 69.3412 157.2762 58.6509 6.1467
Generation: 217 71.8282 159.5442 59.3744 6.4827
Generation: 218 70.5293 158.3569 58.1039 9.3078
Generation: 219 70.0750 157.8863 60.1349 5.9169
Generation: 220 68.9329 156.8651 58.4392 8.7562
Generation: 221 70.0162 157.8317 57.8047 9.3699
Generation: 222 70.7027 158.5328 59.2326 8.8605
Generation: 223 70.0773 157.9024 58.7581 8.7015
Generation: 224 70.5800 158.4058 58.5409 7.3834
Generation: 225 70.1973 158.0170 60.3294 5.1224
Generation: 226 70.5485 158.3793 59.9119 5.5012
Generation: 227 68.4205 156.4740 58.5088 7.4157
Generation: 228 70.6507 158.4816 58.6542 9.4405
Generation: 229 69.3414 157.2807 59.7318 5.5650
Generation: 230 70.4087 158.2374 60.9650 5.4304
Generation: 231 70.1235 157.9488 58.3260 8.5765
Generation: 232 70.1740 158.0003 59.2590 8.7537
Generation: 233 71.4837 159.1887 59.3777 6.3619
Generation: 234 70.5696 158.4003 58.8944 6.8991
Generation: 235 72.3345 159.9274 60.2096 5.7793
Generation: 236 67.1525 183.2905 58.1688 8.1845
Generation: 237 70.5907 158.4216 58.3722 9.3590
Generation: 238 70.8712 158.7071 58.5488 9.1654
Generation: 239 69.5151 157.4554 59.2083 7.6890
Generation: 240 70.4940 158.3234 58.4230 9.2251
Generation: 241 70.8402 158.6753 59.4054 6.1445
Generation: 242 70.4240 158.2425 59.1450 7.0947
Generation: 243 70.5372 158.3672 58.6231 5.8043
Generation: 244 70.5773 158.4092 60.1137 4.9098
Generation: 245 70.6878 158.5187 60.5989 5.2685
Generation: 246 70.7090 158.5326 58.6114 6.7712
Generation: 247 71.5787 159.2827 59.5475 6.2359
Generation: 248 72.3371 159.9282 60.2225 5.4768
Generation: 249 70.7124 158.5425 60.7914 5.0222
Generation: 250 71.6452 159.3540 58.7630 7.1275
Generation: 251 70.6763 158.5059 59.6889 6.9516
Generation: 252 70.7039 158.5288 60.2041 6.3793
Generation: 253 69.9598 157.7719 59.2773 6.6112
Generation: 254 71.5113 159.2147 59.9899 6.9019
Generation: 255 70.1235 157.9492 60.5928 5.6603
Generation: 256 70.6362 158.4680 60.9857 5.7062
Generation: 257 71.4913 159.2052 60.1371 6.0209
Generation: 258 71.5296 159.2461 62.1393 5.2287
Generation: 259 70.5219 158.3503 60.7325 6.7709
Generation: 260 70.4507 158.2816 59.9793 6.1335
Generation: 261 70.6057 158.4366 60.3433 6.0185
Generation: 262 70.7173 158.5483 60.6919 6.3084
Generation: 263 70.6951 158.5262 60.6103 6.9020
Generation: 264 70.6286 158.4599 61.1177 6.1649
Generation: 265 70.4882 158.3194 59.8273 6.6035
Generation: 266 70.4214 158.2454 60.1191 6.6746
Generation: 267 70.6882 158.5191 60.5663 7.2285
Generation: 268 72.3096 159.9007 59.3988 7.4791
Generation: 269 70.5185 158.3499 60.6809 6.1083
Generation: 270 70.6730 158.4979 59.3334 6.9695
Generation: 271 72.2370 159.8295 60.4013 6.4963
Generation: 272 70.4207 158.2519 59.5106 6.7174
Generation: 273 71.6935 159.4049 60.8647 6.1395
Generation: 274 70.5798 158.4108 59.9989 7.0471
Generation: 275 70.6807 158.5116 60.2252 7.3660
Generation: 276 70.4532 158.2837 60.6235 6.3065
Generation: 277 70.6957 158.5266 60.5357 6.8431
Generation: 278 70.6655 158.4904 59.6840 7.4946
Generation: 279 70.7218 158.5514 58.8611 7.3784
Generation: 280 71.2620 158.9602 61.3658 6.8062
Generation: 281 70.6443 158.4753 59.9359 7.4643
Generation: 282 70.6717 158.4963 59.7439 7.9116
Generation: 283 72.9279 160.5296 60.5703 7.1761
Generation: 284 71.8021 159.5205 60.7452 7.0404
Generation: 285 70.6999 158.5232 59.4967 7.7957
Generation: 286 70.7065 158.5337 58.7574 7.8606
Generation: 287 70.7138 158.5434 58.4767 7.8848
Generation: 288 70.6792 158.5038 61.4326 6.5697
Generation: 289 70.7094 158.5378 59.1251 7.9598
Generation: 290 70.6047 158.4347 59.5214 7.1586
Generation: 291 70.4185 158.2433 60.9739 5.9725
Generation: 292 70.7032 158.5341 59.8485 7.1953
Generation: 293 70.6803 158.5054 60.7568 7.1825
Generation: 294 70.6174 158.4450 58.5685 7.4421
Generation: 295 71.1802 158.8814 59.9797 7.0565
Generation: 296 72.0057 159.7156 60.1814 6.3928
Generation: 297 70.6536 158.4846 59.4430 6.9316
Generation: 298 70.6503 158.4812 59.8747 6.6944
Generation: 299 70.6307 158.4619 60.0768 6.8547
Generation: 300 73.8145 161.3124 58.4196 7.7798
Generation: 301 72.1625 159.8757 60.5313 7.3595
Generation: 302 72.6693 160.2588 59.7402 7.3540
Generation: 303 72.1908 159.9089 58.7146 7.4238
Generation: 304 70.7386 158.5612 59.5442 7.8707
Generation: 305 71.0702 158.8922 58.9439 7.5483
Generation: 306 70.7052 158.5313 58.3620 7.6028
Generation: 307 70.7438 158.5734 60.6980 6.9948
Generation: 308 72.3010 160.0148 60.3250 7.7746
Generation: 309 70.8844 158.6911 59.8171 7.6516
Generation: 310 71.8888 159.5994 60.5849 7.7016
Generation: 311 71.6240 159.3250 58.7363 7.6293
Generation: 312 72.3905 159.9827 60.3398 6.1702
Generation: 313 70.7278 158.5587 58.5712 8.6155
Generation: 314 70.7619 158.5852 61.1898 6.3255
Generation: 315 71.5334 159.2461 58.4284 8.4490
Generation: 316 70.7648 158.5859 60.4414 7.4681
Generation: 317 71.6019 159.3033 59.0524 7.9467
Generation: 318 70.7210 158.5433 59.4798 7.2001
Generation: 319 70.7406 158.5716 59.0865 7.4335
Generation: 320 72.3204 160.0429 59.9919 7.6225
Generation: 321 70.7502 158.5662 58.9129 8.1113
Generation: 322 69.5861 157.5256 59.7836 6.8590
Generation: 323 70.7197 158.5442 60.2215 6.7887
Generation: 324 71.4865 159.1875 58.1810 9.8132
Generation: 325 71.8271 159.5424 61.0597 6.8110
Generation: 326 71.5736 159.2746 59.2434 7.2407
Generation: 327 70.6222 158.4467 58.7718 10.2144
Generation: 328 72.3216 159.9128 58.6678 9.5270
Generation: 329 70.7154 158.5452 60.7114 9.4619
Generation: 330 70.7581 158.5891 60.5934 7.6483
Generation: 331 71.8522 159.5687 58.3583 11.8483
Generation: 332 70.6385 158.4699 60.2167 6.5327
Generation: 333 71.7985 159.5153 60.3492 7.3124
Generation: 334 70.6900 158.5209 58.8421 10.7492
Generation: 335 69.6090 157.5493 60.5882 6.3928
Generation: 336 70.1894 158.0133 59.3109 7.0525
Generation: 337 70.7342 158.5649 60.4358 6.3838
Generation: 338 70.7231 158.5466 60.7994 5.9971
Generation: 339 70.7288 158.5584 60.0236 6.5918
Generation: 340 71.8453 159.5573 61.0000 7.4251
Generation: 341 70.7031 158.5270 58.9650 7.7708
Generation: 342 70.4913 186.3018 59.2397 7.9672
Generation: 343 70.6593 158.4892 60.0057 7.3915
Generation: 344 70.7479 158.5737 60.8841 6.7832
Generation: 345 71.8308 159.5440 59.6260 8.0502
Generation: 346 70.7160 158.5430 59.0453 7.7570
Generation: 347 70.7040 158.5339 58.8373 9.2896
Generation: 348 70.6464 158.4778 58.5329 7.7780
Generation: 349 70.6965 158.5083 60.5117 7.7183
Generation: 350 70.7340 158.5588 59.1972 7.8637
Generation: 351 70.7190 158.5438 58.5797 9.7393
Generation: 352 70.7213 158.5509 59.0983 7.7397
Generation: 353 70.7169 158.5402 60.0036 7.7254
Generation: 354 70.8358 158.6579 59.8813 7.8391
Generation: 355 73.3529 160.9581 58.9515 8.0949
Generation: 356 70.7205 158.5454 60.2590 7.5349
Generation: 357 70.7031 158.5341 59.5405 8.4679
Generation: 358 70.6307 158.4619 58.8180 8.3107
Generation: 359 70.8814 158.7104 59.0409 8.2499
Generation: 360 71.7588 159.4727 59.4932 8.2511
Generation: 361 71.8086 159.5259 60.1603 7.6173
Generation: 362 70.7260 158.5499 59.8917 7.5182
Generation: 363 72.4845 160.0753 60.9613 6.6754
Generation: 364 72.1944 159.9106 60.6009 7.7444
Generation: 365 70.7079 158.5377 57.8110 8.3511
Generation: 366 70.7533 158.5741 61.0106 6.9563
Generation: 367 72.3098 159.9029 59.7521 7.3077
Generation: 368 71.6010 159.3032 59.7804 7.5413
Generation: 369 71.5141 159.2191 60.4580 7.5667
Generation: 370 72.6202 160.2109 60.6759 6.9332
Generation: 371 70.7268 158.5507 59.9724 7.5708
Generation: 372 71.5016 159.2079 59.7585 8.1822
Generation: 373 70.4218 158.2517 59.1981 7.1436
Generation: 374 71.5155 159.2281 60.7529 6.7921
Generation: 375 70.4143 158.2399 61.3107 6.1531
Generation: 376 70.6995 158.5293 59.4315 7.6018
Generation: 377 70.7579 158.5821 60.3175 7.6865
Generation: 378 70.6798 158.5108 59.2073 7.1947
Generation: 379 70.7003 158.5255 59.0655 7.3631
Generation: 380 71.4873 159.1923 60.7477 6.9563
Generation: 381 71.9976 159.7073 58.9354 7.7880
Generation: 382 71.9007 159.6118 61.2742 6.7227
Generation: 383 70.7232 158.5548 59.8610 7.2461
Generation: 384 70.7178 158.5487 58.7036 7.6605
Generation: 385 70.7460 158.5706 60.0662 7.0287
Generation: 386 71.5723 159.2788 60.4639 7.3827
Generation: 387 71.8247 159.5362 61.0194 7.3303
Generation: 388 70.7119 158.5352 60.8278 7.7164
Generation: 389 71.8107 159.5214 59.4329 8.2235
Generation: 390 71.9543 159.6664 60.0342 7.7995
Generation: 391 73.4408 161.0484 60.3308 7.0776
Generation: 392 70.7026 158.5337 61.2989 7.1517
Generation: 393 70.7613 158.5909 59.4873 7.4772
Generation: 394 71.8324 159.5492 60.4516 7.6729
Generation: 395 70.7423 158.5733 59.7570 7.6300
Generation: 396 71.2190 158.9215 60.2574 7.8316
Generation: 397 70.8385 158.6681 60.0497 7.3049
Generation: 398 71.5858 159.2922 60.5347 7.3410
Generation: 399 70.7297 158.5508 61.0099 6.8654
Generation: 400 70.7932 158.6149 60.4383 7.7773
Generation: 401 70.6789 158.5103 61.5629 6.1851
Generation: 402 72.0732 159.7831 60.3447 7.2890
Generation: 403 70.7062 158.5309 60.5444 7.1682
Generation: 404 74.4649 161.9540 61.6105 7.3769
Generation: 405 70.7056 158.5341 59.9030 8.1131
Generation: 406 70.7637 158.5884 60.7820 8.0372
Generation: 407 71.8509 159.5641 59.5323 8.4488
Generation: 408 71.8802 159.5906 60.2460 7.8915
Generation: 409 73.8631 161.3447 60.8161 8.2149
Generation: 410 71.8182 159.5289 58.8059 8.8996
Generation: 411 71.5010 159.2018 60.6842 7.7108
Generation: 412 72.3756 159.9677 61.3651 7.6744
Generation: 413 70.7063 158.5359 60.0374 8.0920
Generation: 414 71.8901 159.6006 60.0267 7.5279
Generation: 415 72.6762 160.2675 59.3758 8.7347
Generation: 416 72.6497 160.2434 60.2727 8.2978
Generation: 417 70.7242 158.5424 58.5338 8.5710
Generation: 418 70.9050 158.7320 60.3031 8.4162
Generation: 419 71.6185 159.3187 60.2119 8.7253
Generation: 420 72.7136 160.3041 58.8456 8.7491
Generation: 421 71.9914 159.7061 60.0364 8.2160
Generation: 422 71.7212 159.4262 60.1388 7.8964
Generation: 423 70.7122 158.5375 60.7242 7.7943
Generation: 424 71.6898 159.4032 60.4153 8.0282
Generation: 425 71.4048 159.1059 61.3332 7.6240
Generation: 426 72.6143 160.2080 58.8560 9.0578
Generation: 427 70.7405 158.5633 60.6044 8.0843
Generation: 428 70.6883 158.5129 60.3012 7.9410
Generation: 429 72.6382 160.2305 59.7560 8.6737
Generation: 430 70.6932 158.5244 59.1333 8.7996
Generation: 431 71.7585 159.4699 59.1897 8.0080
Generation: 432 73.3722 160.9730 60.5500 7.6771
Generation: 433 70.6891 158.5041 61.2044 7.3079
Generation: 434 70.6615 158.4925 59.6844 8.0831
Generation: 435 70.7031 158.5187 60.0261 7.3046
Generation: 436 70.7363 158.5610 59.9675 7.4491
Generation: 437 71.1687 158.8732 60.5278 8.0907
Generation: 438 71.7994 159.5156 60.6523 7.4736
Generation: 439 71.5111 187.2107 59.9524 7.6440
Generation: 440 70.7097 158.5364 59.5159 8.3585
Generation: 441 71.7513 159.4652 59.9882 8.0347
Generation: 442 71.0791 158.7797 61.5413 7.4265
Generation: 443 70.7368 158.5664 59.6377 8.0957
Generation: 444 71.8426 159.5578 62.5361 7.0676
Generation: 445 72.6007 160.1930 61.6382 7.4611
Generation: 446 70.7412 158.5663 61.0556 7.9484
Generation: 447 71.7843 159.4973 61.7287 7.7279
Generation: 448 70.7712 158.6007 60.6739 8.1917
Generation: 449 71.8559 159.5648 60.1426 8.9460
Generation: 450 71.2017 158.9005 61.1469 7.9708
Generation: 451 70.7141 158.5425 60.9148 7.6735
Generation: 452 70.7155 158.5457 60.9816 6.7022
Generation: 453 71.7817 159.4856 62.1827 6.6608
Generation: 454 71.8038 159.5169 60.7761 7.9248
Generation: 455 71.2186 158.9197 60.0854 8.1406
Generation: 456 71.8268 159.5414 61.0137 7.4952
Generation: 457 71.7664 159.4752 61.6756 7.3879
Generation: 458 72.5657 160.1580 60.5481 8.4262
Generation: 459 72.8039 200.3992 61.4823 7.3723
Generation: 460 70.6961 158.5271 62.7648 6.6357
Generation: 461 70.6862 158.5171 61.7133 7.3283
Generation: 462 71.8313 159.5431 62.4955 6.6757
Generation: 463 71.6443 159.3540 62.4439 6.9075
Generation: 464 70.7112 158.5421 63.4179 6.9996
Generation: 465 72.3296 159.9207 59.5008 8.7725
Generation: 466 71.8276 159.5428 62.1852 6.6818
Generation: 467 71.7735 159.4839 61.5321 7.1618
Generation: 468 70.6989 158.5238 62.6767 6.4595
Generation: 469 70.7004 158.5302 62.1873 6.9186
Generation: 470 71.7885 159.4982 62.0007 7.0053
Generation: 471 70.7088 158.5391 60.7338 8.5090
Generation: 472 70.7032 158.5341 61.5594 7.3173
Generation: 473 70.7633 158.5937 62.6139 7.2641
Generation: 474 70.7363 158.5645 61.2706 7.9985
Generation: 475 70.6993 158.5289 62.8062 6.1560
Generation: 476 71.8313 159.5444 60.8314 7.9849
Generation: 477 70.7744 158.5992 62.1096 8.0560
Generation: 478 72.4383 188.0280 60.8703 8.3694
Generation: 479 72.6325 160.2253 61.2319 7.6756
Generation: 480 70.7405 158.5707 61.8128 8.1399
Generation: 481 72.5557 160.1480 62.4975 6.5739
Generation: 482 71.6924 159.4048 62.0162 7.8821
Generation: 483 71.7466 159.4516 62.4168 7.1073
Generation: 484 70.7515 158.5760 60.7738 6.9020
Generation: 485 70.8105 158.6374 60.6919 8.2209
Generation: 486 71.3067 159.0055 60.9830 7.8199
Generation: 487 70.7144 158.5414 61.9425 7.5145
Generation: 488 71.2142 158.9130 61.2942 7.4836
Generation: 489 70.6675 158.4920 62.0417 7.7001
Generation: 490 70.7477 158.5704 61.1044 7.6852
Generation: 491 72.3396 159.9307 61.7226 7.1260
Generation: 492 71.1411 158.8438 62.1508 6.9056
Generation: 493 70.6311 158.4624 61.8294 7.8028
Generation: 494 70.6647 158.4880 60.9443 7.7395
Generation: 495 71.6516 159.3526 62.1329 7.7181
Generation: 496 71.8356 159.5508 61.5348 7.9556
Generation: 497 71.3350 159.0519 60.4278 8.0880
Generation: 498 71.5748 159.2783 61.5752 7.8508
Generation: 499 70.7340 158.5641 62.1201 6.6363
Generation: 500 70.8464 158.6717 62.2311 6.3819
Generation: 501 70.6013 158.4270 63.3456 5.9963
Generation: 502 70.7262 158.5571 61.2321 7.6400
Generation: 503 71.8962 159.6057 62.7520 6.5719
Generation: 504 70.7112 158.5421 62.9212 6.9160
Generation: 505 72.3539 160.0664 61.1244 7.9597
Generation: 506 70.7202 158.5454 61.7347 8.3011
Generation: 507 70.7878 158.6093 62.0265 8.3358
Generation: 508 71.9040 159.6144 60.9961 8.7614
Generation: 509 70.7321 158.5564 59.9527 8.7204
Generation: 510 71.6236 159.3223 62.0766 8.4662
Generation: 511 70.6811 158.5121 60.7733 8.2315
Generation: 512 70.7337 158.5646 61.8825 7.3606
Generation: 513 70.7891 158.6179 62.0496 8.5482
Generation: 514 71.9211 159.6310 62.4293 7.8948
Generation: 515 71.8263 159.5381 61.3170 7.4871
Generation: 516 71.9390 159.6499 61.5425 8.3293
Generation: 517 70.7630 158.5932 59.8608 8.4060
Generation: 518 70.6962 158.5271 61.5524 8.2263
Generation: 519 70.6870 158.5105 63.5744 6.0190
Generation: 520 70.7658 158.5962 63.3879 6.7947
Generation: 521 70.7187 158.5496 62.6210 7.2240
Generation: 522 71.8668 159.5802 61.2208 8.1040
Generation: 523 71.6660 159.3764 61.6364 8.3334
Generation: 524 71.0790 158.9037 60.6408 8.6496
Generation: 525 70.7183 158.5466 61.8338 7.0271
Generation: 526 71.5802 159.2846 61.7219 7.6731
Generation: 527 71.8884 159.5965 61.8907 8.2143
Generation: 528 70.7111 158.5421 60.7921 8.1778
Generation: 529 71.1668 158.8686 62.4761 7.8243
Generation: 530 70.7021 158.5328 61.5450 8.5062
Generation: 531 71.7618 159.4735 62.6729 7.4086
Generation: 532 72.6160 160.2139 62.8175 7.6417
Generation: 533 71.8810 159.5914 62.8092 7.3503
Generation: 534 71.5863 159.2994 60.2930 9.0788
Generation: 535 70.8355 158.6624 61.2716 8.3577
Generation: 536 70.8408 158.6628 62.0000 7.5578
Generation: 537 72.1324 159.8460 63.3372 6.6919
Generation: 538 70.7475 158.5733 61.2813 8.2954
Generation: 539 72.3319 159.9238 62.3809 8.3055
Generation: 540 71.4578 159.1612 62.3449 7.4826
Generation: 541 71.6063 159.3194 61.2561 8.3944
Generation: 542 70.8989 158.7220 61.3762 8.6379
Generation: 543 71.5280 159.2452 62.2761 7.9329
Generation: 544 72.2716 159.9904 61.3776 8.3008
Generation: 545 70.7408 158.5712 60.9539 8.6355
Generation: 546 70.7892 158.6108 61.6255 8.0514
Generation: 547 72.7123 160.3095 62.7857 7.9142
Generation: 548 73.3339 160.9373 61.0088 8.8536
Generation: 549 73.1923 160.7973 62.4330 7.8466
Generation: 550 71.5770 159.2783 59.7163 8.7620
Generation: 551 72.2827 160.0020 61.0111 8.8746
Generation: 552 71.6284 159.3281 63.2724 8.1758
Generation: 553 72.2951 160.0102 60.4347 8.9947
Generation: 554 72.2593 159.8530 60.7676 8.6169
Generation: 555 72.6884 160.2792 61.0952 8.9942
Generation: 556 72.9547 160.5588 61.2857 8.7216
Generation: 557 71.8313 159.5444 60.6711 9.2117
Generation: 558 71.0882 158.9095 61.3186 8.5570
Generation: 559 72.8406 160.4458 61.0865 8.8072
Generation: 560 71.7768 159.4927 61.0350 8.7206
Generation: 561 72.6982 160.2944 62.3626 8.3020
Generation: 562 72.1786 159.8949 60.6436 9.1774
Generation: 563 73.4404 160.9134 60.0185 8.7136
Generation: 564 71.7867 159.4973 61.8043 8.4299
Generation: 565 71.1293 158.9541 62.2242 8.1950
Generation: 566 71.6703 159.3794 62.9940 8.2055
Generation: 567 70.8388 158.6674 59.8879 9.5141
Generation: 568 73.0225 160.6242 63.0161 7.4595
Generation: 569 70.7282 158.5591 62.0052 8.2888
Generation: 570 71.8381 159.5546 62.5580 7.1845
Generation: 571 71.6960 159.4064 62.0281 7.9984
Generation: 572 71.6084 159.3056 62.7898 8.0254
Generation: 573 70.7438 158.5651 62.3554 8.0159
Generation: 574 71.8088 159.5219 62.6141 8.0207
Generation: 575 70.7371 158.5659 63.2630 7.1755
Generation: 576 71.5216 159.2201 62.4514 8.2126
Generation: 577 71.7580 159.4706 63.5069 7.7929
Generation: 578 70.7403 158.5698 61.7878 8.4914
Generation: 579 71.8318 159.5448 61.9519 8.3560
Generation: 580 70.7580 158.5882 63.8390 7.1837
Generation: 581 70.7202 158.5441 62.7517 7.2337
Generation: 582 72.6413 160.2400 63.3475 7.6332
Generation: 583 71.5562 159.2548 61.9600 8.4531
Generation: 584 70.7571 158.5883 63.0276 8.3317
Generation: 585 71.8977 159.6081 60.5305 9.0437
Generation: 586 72.2425 159.8349 61.8045 8.7664
Generation: 587 70.7244 158.5544 61.6089 8.4181
Generation: 588 70.8062 158.6313 65.0438 6.2877
Generation: 589 72.1537 159.8749 61.6330 9.1475
Generation: 590 73.2573 160.8601 62.5854 8.7651
Generation: 591 71.8238 159.5369 63.4820 8.2483
Generation: 592 72.7037 160.2942 61.2229 9.4215
Generation: 593 73.5877 161.0612 62.9603 8.8595
Generation: 594 71.5413 159.2544 62.3133 8.5106
Generation: 595 71.6068 159.3198 60.3737 9.7462
Generation: 596 71.1692 158.8680 61.8807 9.0233
Generation: 597 71.8207 159.5310 63.2486 7.7610
Generation: 598 71.6218 159.3348 62.7355 8.3357
Generation: 599 71.9065 159.6169 63.1757 8.7633
Generation: 600 71.5836 159.2847 61.9747 9.4428
Generation: 601 70.7398 158.5693 62.1379 9.4070
Generation: 602 72.1865 159.9004 62.9075 9.1235
Generation: 603 71.1792 159.0097 63.8288 8.4123
Generation: 604 70.7851 158.6138 62.5143 8.5836
Generation: 605 71.4486 159.1497 63.8679 8.4383
Generation: 606 72.6944 160.2863 62.0272 9.3397
Generation: 607 70.7874 158.6173 62.7548 8.9784
Generation: 608 70.8612 158.6878 63.4121 8.4669
Generation: 609 73.3182 160.9232 62.3251 9.2836
Generation: 610 71.8362 159.5464 63.5013 8.9993
Generation: 611 71.5911 159.2922 60.8737 9.6797
Generation: 612 71.8212 159.5314 62.3066 9.3824
Generation: 613 70.7499 158.5735 61.2626 9.4366
Generation: 614 72.6201 160.2111 63.0512 8.7154
Generation: 615 71.5772 159.2815 62.2903 9.2654
Generation: 616 72.6887 160.2792 60.8353 9.9098
Generation: 617 71.8368 159.5498 62.0448 9.1558
Generation: 618 71.8810 159.5903 62.6186 9.2543
Generation: 619 72.8453 160.4479 61.7377 9.2230
Generation: 620 72.1870 159.9000 61.1730 10.3824
Generation: 621 71.9029 159.6107 62.3131 9.6301
Generation: 622 71.6813 159.3944 64.1867 8.3072
Generation: 623 72.6944 160.2836 64.0905 7.9789
Generation: 624 72.7037 160.2942 60.9870 10.1425
Generation: 625 71.7105 159.4198 63.6042 8.3479
Generation: 626 71.8473 159.5607 61.5031 9.7997
Generation: 627 71.6096 159.3076 63.2075 8.4457
Generation: 628 73.5886 201.0691 63.8609 8.6142
Generation: 629 72.7032 200.2974 64.3496 8.1587
Generation: 630 71.7761 159.4883 64.3743 7.7648
Generation: 631 71.7568 159.4698 63.1541 9.3501
Generation: 632 72.7428 160.3454 62.4338 9.7365
Generation: 633 70.8671 158.6959 62.8332 9.2084
Generation: 634 71.9053 159.6161 64.8302 7.7620
Generation: 635 71.6712 159.3814 61.9476 9.5922
Generation: 636 71.5826 159.2869 65.2716 7.0083
Generation: 637 71.8468 159.5598 62.5805 9.5965
Generation: 638 71.8655 159.5748 64.4557 8.4728
Generation: 639 72.2072 159.9277 62.5868 9.2672
Generation: 640 71.8405 159.5498 63.8959 9.1321
Generation: 641 72.2365 159.9564 61.5544 10.0327
Generation: 642 73.3107 160.9157 62.2519 9.9441
Generation: 643 72.1848 159.8979 59.3262 10.4859
Generation: 644 71.5470 159.2499 62.6020 8.5999
Generation: 645 72.2365 159.9564 64.0072 8.4964
Generation: 646 73.1600 160.7641 62.1999 9.6802
Generation: 647 71.8393 159.5525 62.6971 8.8586
Generation: 648 71.7830 159.4923 63.3547 9.0279
Generation: 649 73.3616 160.9600 62.9086 9.1007
Generation: 650 72.9896 160.5913 62.5863 8.8827
Generation: 651 71.9477 159.6544 63.7201 8.2710
Generation: 652 72.1926 159.9058 63.2923 8.9238
Generation: 653 71.4753 159.1660 61.8611 9.4874
Generation: 654 71.8580 159.5673 63.7263 9.1785
Generation: 655 72.1865 159.9000 63.1783 8.6513
Generation: 656 73.8411 161.3195 62.8556 9.4572
Generation: 657 73.3093 160.9144 62.3785 8.8987
Generation: 658 72.1997 159.9202 64.3056 8.6734
Generation: 659 71.8468 159.5600 61.7432 9.4503
Generation: 660 73.7835 161.2570 63.6363 8.4877
Generation: 661 72.6945 160.2826 62.4036 9.1444
Generation: 662 71.8287 159.5389 63.6130 7.8425
Generation: 663 71.5819 159.2819 63.0338 8.7466
Generation: 664 73.3257 160.9307 62.5492 8.8695
Generation: 665 73.0240 160.6242 62.6568 9.1052
Generation: 666 71.9034 159.6111 64.4483 8.1113
Generation: 667 72.9098 160.5121 61.5615 10.1090
Generation: 668 70.7638 158.5941 62.6115 8.8931
Generation: 669 71.9296 159.6427 63.8617 8.4367
Generation: 670 71.8805 159.5898 63.9752 8.0161
Generation: 671 71.8655 159.5748 63.4075 8.6546
Generation: 672 71.5259 159.2231 63.2923 8.5069
Generation: 673 70.7893 158.6196 62.2204 9.4469
Generation: 674 71.9135 159.6235 65.9853 7.4417
Generation: 675 71.8833 159.5941 61.8395 10.3166
Generation: 676 70.7893 158.6196 64.7247 7.8705
Generation: 677 71.5472 159.2459 62.7718 9.3008
Generation: 678 71.5766 159.2776 63.0410 9.3236
Generation: 679 72.7128 160.3154 62.2874 10.0466
Generation: 680 71.8879 159.5957 64.2185 9.0941
Generation: 681 72.1897 159.9102 62.3244 10.0484
Generation: 682 71.7537 159.4639 61.8387 9.6310
Generation: 683 71.9267 159.6432 64.7066 7.6920
Generation: 684 71.5744 159.2744 63.3904 9.2830
Generation: 685 71.7893 159.5023 63.9051 8.3911
Generation: 686 72.9052 160.5067 62.9328 9.4964
Generation: 687 73.3332 160.9382 61.6237 9.7541
Generation: 688 72.9056 160.5108 63.8751 8.4499
Generation: 689 71.5613 159.2599 63.6489 8.6120
Generation: 690 72.2238 159.9369 64.1364 9.2128
Generation: 691 71.8103 159.5211 63.3893 8.9731
Generation: 692 71.8393 159.5523 63.7191 8.9588
Generation: 693 71.8439 159.5535 64.2180 8.4978
Generation: 694 73.2975 160.9016 64.3823 8.1411
Generation: 695 71.8287 159.5389 63.7818 8.7887
Generation: 696 72.1283 159.8410 61.8055 10.1990
Generation: 697 71.3870 159.0899 64.0793 8.6189
Generation: 698 70.9006 158.7237 62.7563 10.0196
Generation: 699 70.8993 158.7224 63.3364 9.4624
Generation: 700 71.7680 159.4773 62.9675 9.0048
Generation: 701 73.3470 160.9508 64.0396 9.0569
Generation: 702 71.7710 159.4803 63.0844 10.0466
Generation: 703 71.5779 159.2886 64.2411 8.8234
Generation: 704 71.8766 159.5887 62.7439 9.9561
Generation: 705 71.4851 159.1894 62.9348 9.3215
Generation: 706 71.9346 159.6473 63.9509 9.0321
Generation: 707 71.5765 159.2739 64.4088 8.8260
Generation: 708 71.8580 159.5673 66.3566 6.8010
Generation: 709 70.7996 158.6284 64.8844 8.2350
Generation: 710 72.2036 159.9155 63.2554 9.2665
Generation: 711 71.8235 159.5352 63.2285 9.5282
Generation: 712 71.6675 159.3703 64.0173 8.8662
Generation: 713 71.6038 159.3024 63.3491 8.7716
Generation: 714 71.8611 159.5733 64.8283 8.2849
Generation: 715 71.0662 158.8879 63.1042 8.8661
Generation: 716 72.9842 160.5872 66.0026 7.0782
Generation: 717 70.7851 158.6138 62.5814 9.1374
Generation: 718 72.7574 160.3470 65.5928 7.1520
Generation: 719 71.9679 159.6786 64.1142 8.7169
Generation: 720 71.2008 159.0225 64.2804 8.3723
Generation: 721 73.3475 160.9516 64.3136 8.7829
Generation: 722 73.0051 160.6068 62.5771 9.4376
Generation: 723 72.0421 159.7502 64.7479 8.2456
Generation: 724 71.6145 159.3174 64.2682 8.3816
Generation: 725 71.9034 159.6111 62.5293 9.1293
Generation: 726 72.2233 159.9360 64.2605 8.3532
Generation: 727 72.4431 160.0321 65.0416 8.1846
Generation: 728 72.2317 159.9444 62.8656 9.8031
Generation: 729 73.3550 160.9591 64.0875 8.5943
Generation: 730 71.8990 159.6085 63.2072 9.4695
Generation: 731 73.3700 160.9741 64.0223 8.7720
Generation: 732 73.3550 160.9591 62.9772 9.7116
Generation: 733 71.2541 159.0811 61.5201 10.1815
Generation: 734 73.8028 161.2748 63.7100 8.5457
Generation: 735 71.5838 159.2824 63.3135 8.9542
Generation: 736 73.8010 161.2745 64.9284 7.9909
Generation: 737 71.8287 159.5389 63.9109 8.8419
Generation: 738 71.7353 159.4461 64.0420 9.0008
Generation: 739 71.8580 159.5673 62.8663 10.1353
Generation: 740 72.0783 159.7910 61.9769 10.2646
Generation: 741 71.9208 159.6302 61.9775 10.0791
Generation: 742 72.3924 159.9820 63.7166 9.1222
Generation: 743 72.8420 160.4425 64.7281 8.5313
Generation: 744 71.5819 159.2819 62.8712 8.9758
Generation: 745 72.9925 160.5960 65.3956 7.8344
Generation: 746 70.7846 158.6134 64.3304 8.3437
Generation: 747 72.0109 159.7198 65.7509 7.2172
Generation: 748 72.7181 160.3071 63.5015 8.6991
Generation: 749 73.0276 160.6276 65.7129 7.1316
Generation: 750 71.0617 158.8872 65.6193 7.4894
Generation: 751 73.0515 160.6517 63.7877 9.1244
Generation: 752 71.3707 159.0694 64.3282 8.6590
Generation: 753 70.8038 158.6341 62.0919 9.5517
Generation: 754 70.8007 158.6297 63.7610 8.7183
Generation: 755 71.8885 159.5978 65.1469 8.0541
Generation: 756 72.1618 159.8748 64.0967 8.2090
Generation: 757 72.4811 160.0700 64.5575 8.7052
Generation: 758 72.7871 160.3888 63.4101 9.4143
Generation: 759 72.7636 160.3525 63.6685 9.6371
Generation: 760 71.8505 159.5598 63.1635 9.4352
Generation: 761 71.8580 159.5673 64.2854 8.6115
Generation: 762 71.7983 159.5091 65.2147 7.5525
Generation: 763 70.7963 158.6266 64.5013 8.6473
Generation: 764 70.8160 158.6354 64.1820 8.9498
Generation: 765 72.9851 160.5868 64.2368 8.5828
Generation: 766 71.1440 158.9665 63.9217 8.8728
Generation: 767 73.2477 160.8523 63.4150 9.6476
Generation: 768 71.6220 159.3249 62.9796 9.6749
Generation: 769 71.6413 159.3399 64.6671 7.9872
Generation: 770 71.2083 159.0382 65.6238 7.6583
Generation: 771 70.7996 158.6284 63.2982 9.2066
Generation: 772 71.8959 159.6036 65.8449 7.0567
Generation: 773 71.8430 159.5523 64.3629 8.9129
Generation: 774 71.9515 159.6619 65.0114 8.3541
Generation: 775 71.9619 159.6744 63.7345 8.5334
Generation: 776 72.7349 160.3296 63.8122 8.7732
Generation: 777 73.3403 160.9446 62.4665 9.3203
Generation: 778 71.6145 159.3174 65.2150 7.9792
Generation: 779 70.7996 158.6284 64.3523 8.2697
Generation: 780 71.9051 159.6131 65.8324 7.0361
Generation: 781 71.1187 158.9406 64.6413 8.5758
Generation: 782 71.9192 159.6357 63.7370 8.9317
Generation: 783 71.8212 159.5314 62.8229 9.6335
Generation: 784 71.2084 159.0296 64.4902 8.5458
Generation: 785 71.8902 159.5969 63.5349 9.3510
Generation: 786 71.9439 159.6535 64.1355 8.1841
Generation: 787 71.5170 159.2199 63.5820 9.1869
Generation: 788 73.3482 160.9532 64.1508 9.2207
Generation: 789 71.4776 159.1819 62.6713 9.8812
Generation: 790 71.6001 159.3044 62.9576 9.6241
Generation: 791 73.0815 160.6817 63.4467 9.5330
Generation: 792 71.9627 159.6694 64.2559 8.7616
Generation: 793 71.9433 159.6527 64.1899 8.6938
Generation: 794 71.9065 159.6169 64.7935 8.0505
Generation: 795 73.3257 160.9307 63.8306 9.0678
Generation: 796 70.7963 158.6266 63.9984 8.2824
Generation: 797 71.8753 159.5861 64.1374 8.5138
Generation: 798 72.7037 160.2942 62.7274 9.3911
Generation: 799 71.5819 159.2819 65.1881 8.0312
Generation: 800 71.8841 159.5962 63.4845 8.9197
Generation: 801 71.9599 159.6707 65.9011 7.5173
Generation: 802 72.2365 159.9564 62.4535 9.5637
Generation: 803 71.9060 159.6160 64.3250 8.7958
Generation: 804 70.7885 158.6187 64.0259 8.6611
Generation: 805 73.3400 160.9441 63.7663 9.2391
Generation: 806 71.6045 159.3074 63.8615 8.6317
Generation: 807 72.9378 160.5404 63.7564 9.1733
Generation: 808 72.1920 159.9050 65.3800 7.5793
Generation: 809 71.9402 159.6469 64.3851 8.9995
Generation: 810 72.2233 159.9360 63.9894 8.8065
Generation: 811 71.9956 159.7067 63.4313 9.2826
Generation: 812 70.7960 158.6262 62.1951 9.5417
Generation: 813 71.9216 159.6337 64.8285 8.0066
Generation: 814 71.8536 159.5658 64.3385 8.2210
Generation: 815 73.3770 160.9808 62.6140 9.7281
Generation: 816 73.3630 160.9671 64.1106 9.2920
Generation: 817 72.2440 159.9639 64.8847 8.1410
Generation: 818 72.7112 160.3017 63.9310 8.4975
Generation: 819 71.2254 159.0525 64.1361 8.9300
Generation: 820 72.3101 160.0218 64.1590 9.1573
Generation: 821 73.3850 160.9887 62.2457 10.0588
Generation: 822 73.0126 160.6126 64.7921 8.2429
Generation: 823 71.1745 158.9987 63.3033 9.2581
Generation: 824 71.1355 158.9648 63.3088 9.2564
Generation: 825 71.2338 159.0573 63.7722 9.3739
Generation: 826 73.3200 160.9241 63.8656 8.9679
Generation: 827 71.9058 159.6166 64.3052 8.7450
Generation: 828 73.3550 160.9591 62.9614 9.6374
Generation: 829 73.0426 160.6426 64.1985 8.5729
Generation: 830 72.7256 160.3146 61.3597 10.0908
Generation: 831 71.8908 159.6016 64.3500 8.5850
Generation: 832 73.0051 160.6068 62.0865 9.7111
Generation: 833 72.2211 159.9330 63.8806 8.3641
Generation: 834 72.7512 160.3416 63.2294 9.0256
Generation: 835 72.6326 160.2232 63.4913 9.4736
Generation: 836 71.1798 159.0075 63.4666 8.8695
Generation: 837 71.2126 159.0444 63.6691 8.8374
Generation: 838 71.9327 159.6394 63.5860 8.6624
Generation: 839 71.9034 159.6111 64.4501 8.5579
Generation: 840 72.2175 159.9364 64.7325 8.1088
Generation: 841 71.1873 159.0150 63.9227 8.5422
Generation: 842 71.9628 159.6710 64.3617 8.2180
Generation: 843 72.2066 159.9189 61.5583 9.3221
Generation: 844 71.2437 159.0656 63.5075 8.6887
Generation: 845 72.1206 159.8342 63.2618 8.8047
Generation: 846 71.9330 159.6407 63.3137 8.4290
Generation: 847 72.2467 159.9594 63.7650 8.2704
Generation: 848 71.1307 158.9517 64.0638 7.8513
Generation: 849 71.6284 159.3262 63.2481 8.4157
Generation: 850 70.8071 158.6359 63.2771 8.8450
Generation: 851 73.3462 160.9503 64.0384 7.7491
Generation: 852 72.1138 159.8330 63.5796 8.8272
Generation: 853 71.9151 159.6231 61.8438 9.2742
Generation: 854 73.2874 160.8899 61.9766 10.0628
Generation: 855 72.3832 159.9658 61.7457 9.7701
Generation: 856 73.0419 160.6409 63.8007 8.4842
Generation: 857 71.3712 159.0710 61.2962 9.9387
Generation: 858 72.2308 159.9435 62.5366 9.6138
Generation: 859 72.6567 160.2471 62.0122 9.8649
Generation: 860 72.9603 160.5629 61.9029 10.0536
Generation: 861 73.3617 160.9658 62.8652 9.4641
Generation: 862 71.9426 159.6506 61.8128 9.7282
Generation: 863 72.2233 159.9360 63.5418 9.1111
Generation: 864 72.9821 160.5838 63.4955 9.0312
Generation: 865 70.7921 158.6209 62.5712 9.1929
Generation: 866 73.3022 160.9069 62.5737 9.1505
Generation: 867 71.9109 159.6186 62.6895 9.6277
Generation: 868 72.2088 159.9219 63.8898 8.8246
Generation: 869 71.1044 158.9292 62.6658 9.5947
Generation: 870 71.8783 159.5877 64.5486 7.8735
Generation: 871 72.9551 160.5568 62.7063 9.3283
Generation: 872 72.2088 159.9219 62.7548 9.5417
Generation: 873 71.8908 159.6016 62.7083 9.0778
Generation: 874 71.6145 159.3174 63.6114 9.0115
Generation: 875 73.8299 161.3019 63.1678 9.4215
Generation: 876 72.7499 160.3446 63.8505 9.2939
Generation: 877 73.0515 160.6517 62.6906 9.5193
Generation: 878 73.0474 160.6463 62.9646 9.2899
Generation: 879 73.2141 160.8184 65.1502 7.8344
Generation: 880 71.9402 159.6469 64.1447 8.8033
Generation: 881 71.9109 159.6186 62.8657 9.4955
Generation: 882 72.2163 159.9294 61.8630 9.7642
Generation: 883 71.4210 159.1184 64.6926 7.6326
Generation: 884 71.3988 159.0974 64.1452 8.0248
Generation: 885 71.1621 158.9912 65.3321 8.1382
Generation: 886 72.6773 160.2692 63.9105 8.5657
Generation: 887 73.3102 160.9148 62.7312 9.2290
Generation: 888 71.8287 159.5389 62.3494 9.5201
Generation: 889 72.7331 160.3221 63.6881 8.1613
Generation: 890 71.1764 159.0058 64.7611 7.8877
Generation: 891 71.9201 159.6281 65.1956 7.9162
Generation: 892 73.3312 160.9353 65.9445 6.7944
Generation: 893 72.2383 159.9510 63.3212 8.3662
Generation: 894 72.1139 159.8319 63.8746 8.8540
Generation: 895 72.7363 160.3253 63.5436 8.7584
Generation: 896 72.7312 160.3194 64.3545 8.2393
Generation: 897 73.3462 160.9503 64.5250 8.1755
Generation: 898 73.3466 160.9508 62.4226 9.1603
Generation: 899 73.3275 160.9316 63.9123 8.7326
Generation: 900 73.8726 161.3537 61.9136 9.7840
Generation: 901 71.9881 159.6960 62.3582 8.9773
Generation: 902 71.8512 159.5614 62.7654 9.3651
Generation: 903 71.8908 159.6016 62.9213 8.9864
Generation: 904 72.1945 159.9084 64.5946 8.1027
Generation: 905 71.6375 159.3403 63.5637 8.8491
Generation: 906 72.3142 160.0269 62.0791 9.9427
Generation: 907 72.2542 159.9669 63.9021 8.3163
Generation: 908 72.2590 159.9789 62.7295 9.0850
Generation: 909 73.3177 160.9223 62.9358 9.5422
Generation: 910 72.2313 159.9444 63.7775 9.0608
Generation: 911 71.5984 159.2981 63.5120 8.8749
Generation: 912 73.0276 160.6293 65.0887 7.5708
Generation: 913 71.2240 159.0537 63.2867 9.0263
Generation: 914 71.8453 159.5561 62.9028 9.2929
Generation: 915 71.9426 159.6506 62.7452 9.0167
Generation: 916 72.2481 159.9682 64.7706 8.0360
Generation: 917 73.3850 160.9891 65.0201 7.8690
Generation: 918 71.5947 159.2934 64.6191 8.0550
Generation: 919 71.9537 159.6653 64.3985 8.4787
Generation: 920 73.0569 160.6559 65.4365 7.5453
Generation: 921 71.6595 159.3624 62.2285 9.9595
Generation: 922 73.2881 160.8914 63.1521 9.3208
Generation: 923 72.9678 160.5704 64.9803 7.8181
Generation: 924 71.0867 158.9101 62.9858 8.5867
Generation: 925 73.2881 160.8914 64.0557 8.4717
Generation: 926 71.8759 159.5836 63.1114 8.6104
Generation: 927 71.1441 158.9662 63.7592 8.1567
Generation: 928 72.1870 159.9009 65.1366 8.1831
Generation: 929 74.5104 162.0045 64.1324 8.6826
Generation: 930 73.3519 160.9564 64.7649 8.1504
Generation: 931 73.0494 160.6484 63.1563 8.8515
Generation: 932 72.2278 159.9407 62.4435 9.4789
Generation: 933 72.2406 159.9607 64.0730 7.9707
Generation: 934 72.1633 159.8751 63.9385 8.2057
Generation: 935 72.7294 160.3186 64.2791 7.8224
Generation: 936 74.8489 162.2142 63.8768 8.3145
Generation: 937 73.2982 160.9032 63.3640 8.7982
Generation: 938 71.9252 159.6319 63.8782 8.2021
Generation: 939 71.0990 158.9237 64.1661 7.8912
Generation: 940 71.5174 159.2161 64.8908 7.8529
Generation: 941 72.3076 160.0193 63.9204 8.4920
Generation: 942 71.8879 159.5957 64.4229 8.0993
Generation: 943 72.2550 159.9700 62.5856 9.3713
Generation: 944 72.1949 159.9085 62.6939 9.5888
Generation: 945 70.8047 158.6220 64.3221 7.7397
Generation: 946 72.7175 160.2986 65.2318 7.4606
Generation: 947 71.0664 158.8950 61.6683 9.2567
Generation: 948 72.7467 160.3371 65.4947 6.9171
Generation: 949 73.3146 160.9199 61.8056 10.2819
Generation: 950 72.2054 159.9260 62.8718 9.2062
Generation: 951 72.7561 160.3450 62.0955 10.0519
Generation: 952 72.1843 159.8970 62.0421 9.7858
Generation: 953 72.7098 160.3017 61.8081 9.7200
Generation: 954 73.3320 160.9358 64.2344 8.2990
Generation: 955 71.9052 159.6119 63.7084 8.3958
Generation: 956 72.2381 159.9582 64.3199 8.7517
Generation: 957 72.3001 160.0118 61.4696 9.9883
Generation: 958 71.6131 159.3127 63.2462 9.3425
Generation: 959 72.2353 159.9482 62.9476 9.1379
Generation: 960 71.5669 159.2669 63.2997 8.9645
Generation: 961 73.0294 160.6284 63.9305 8.8938
Generation: 962 72.3048 160.0166 62.8425 9.4498
Generation: 963 73.3679 160.9703 62.6622 9.8781
Generation: 964 71.9731 159.6810 65.6928 7.1973
Generation: 965 73.3530 160.9546 63.3265 9.0463
Generation: 966 71.3007 158.9994 63.5093 9.1512
Generation: 967 71.5364 159.2362 62.8096 9.3097
Generation: 968 72.6962 160.2867 62.2467 9.7590
Generation: 969 71.8328 159.5436 62.4776 9.3236
Generation: 970 71.9052 159.6119 64.3842 8.6695
Generation: 971 72.1247 159.8391 62.9548 9.6630
Generation: 972 73.0569 160.6559 63.4679 8.6272
Generation: 973 71.5572 159.2615 63.9673 8.5593
Generation: 974 72.0157 159.7227 62.5331 9.2218
Generation: 975 73.0569 160.6559 64.5195 8.8096
Generation: 976 72.2776 159.9953 61.9578 10.2467
Generation: 977 73.3091 160.9134 62.0780 9.9307
Generation: 978 71.1117 158.9365 63.4323 9.4465
Generation: 979 73.3632 160.9653 63.4308 9.1755
Generation: 980 73.3316 160.9359 64.8248 8.3568
Generation: 981 73.3270 160.9325 63.7620 8.3157
Generation: 982 73.3400 160.9441 63.0742 9.2233
Generation: 983 71.8937 159.6015 63.2504 8.9175
Generation: 984 73.8299 161.3019 62.9966 9.0048
Generation: 985 72.7773 160.3640 61.8920 9.2267
Generation: 986 73.3538 160.9567 64.2067 8.5266
Generation: 987 72.7780 160.3715 62.5520 9.2897
Generation: 988 74.4790 161.9725 63.0209 8.5334
Generation: 989 72.2147 159.9276 63.6822 8.4545
Generation: 990 72.7488 160.3403 61.4199 9.7837
Generation: 991 71.2137 159.0356 63.6333 9.2192
Generation: 992 72.2624 159.9807 62.8199 9.4955
Generation: 993 72.7556 160.3436 64.4246 8.3171
Generation: 994 72.7254 160.3132 60.2884 10.2214
Generation: 995 71.6279 159.3258 61.9634 9.9355
Generation: 996 72.9069 160.5059 62.1706 8.5584
Generation: 997 71.1724 158.9968 64.2688 7.2577
Generation: 998 72.2427 159.9625 64.1984 8.2911
Generation: 999 72.1516 159.8639 63.5398 8.7182
