-6.805818419613707260e-01
5.111089825299901523e-01
4.865446337189747172e-01
5.938164900995546169e-02
-4.245241669573388554e-01
2.479910341270574192e-01
-1.000000000000000000e+00
-1.358741000490275297e-01
-1.000000000000000000e+00
8.984523099924395240e-01
-1.000000000000000000e+00
-1.332038423969540697e-01
-8.098028524176551501e-01
-3.841515792654376926e-01
-1.000000000000000000e+00
3.149912730241385406e-01
-8.904987782632598492e-01
-6.855704475887383076e-01
1.000000000000000000e+00
1.000000000000000000e+00
-1.000000000000000000e+00
-7.626969670119352340e-01
1.941192671146838300e-01
-8.621422203632111980e-02
-3.409437764481859645e-01
-8.471477434948511132e-01
8.933784887679877551e-01
1.268538345120875377e-01
-7.122557838197935975e-01
-8.806677713337893176e-02
4.490639862231183832e-01
4.277856048081864482e-01
-1.453630378742458706e-01
-9.757692172474972114e-01
1.000000000000000000e+00
7.327562265315440415e-01
1.000000000000000000e+00
4.413101098545126333e-01
4.011874774000411814e-01
-1.053046358988675157e-01
-1.728632050159732148e-01
2.604632757209243699e-01
1.198969708797999745e-01
-6.313755859460221664e-01
1.000000000000000000e+00
-5.515871089306676467e-01
-3.066765229066852338e-01
-6.002825022526988574e-01
-2.487989597515830043e-01
1.000000000000000000e+00
-3.933677147120584472e-01
4.820935328107053275e-01
-5.029162099503925454e-02
2.067139692475244428e-01
4.269838351048623748e-01
-1.000000000000000000e+00
-1.730527171220686000e-03
-4.658457398935925697e-01
-6.436471395392481809e-03
-5.262208514455574138e-01
-5.858566711375798874e-01
1.000000000000000000e+00
-1.000000000000000000e+00
4.409371253746453001e-01
1.000000000000000000e+00
-1.000000000000000000e+00
7.254085998579870020e-01
5.499116982474331339e-01
7.512967868932594051e-01
-4.034423856821293120e-01
8.099076752475045105e-01
-6.991226649093202905e-01
-9.008514711059831814e-01
8.981894945135722175e-01
-1.058497522400138197e-01
3.535329277701557693e-01
-6.049510273425440232e-01
-7.912887904532891481e-01
4.967102441110548411e-02
2.604009533477478766e-01
-4.857153095790930353e-01
-1.000000000000000000e+00
5.046117800272521547e-01
-4.570088613388788579e-01
-1.787181760367383132e-01
-1.000000000000000000e+00
-1.000000000000000000e+00
-1.276604225220734357e-01
3.463811459643597601e-01
1.046471162103569386e-01
2.938555776843755352e-01
-2.622409037964082423e-01
-7.793760321491248755e-01
-8.593000975997727720e-02
1.000000000000000000e+00
1.000000000000000000e+00
6.839649137770905662e-01
-1.000000000000000000e+00
-1.453500744042152681e-01
1.000000000000000000e+00
-1.000000000000000000e+00
-1.000000000000000000e+00
-8.887183822189556048e-01
-1.047204955105985880e-01
1.120814486218389694e-01
-9.900496165402334903e-01
2.438622493290025228e-01
5.971062665397930402e-03
8.530070141490634361e-01
4.450904950272654981e-01
-1.000000000000000000e+00
-4.163660976285910031e-01
-4.734672000764493238e-01
-1.000000000000000000e+00
-9.031446063601950014e-01
1.000000000000000000e+00
4.986089132890080822e-01
1.894584546731226116e-01
-1.028341377670212164e-01
-1.263995989059271685e-01
4.641397619536506980e-01
3.918135586773945356e-01
6.677611629408148897e-01
5.835954920256796186e-01
2.367874046754439021e-01
-2.683823434707531819e-01
6.040649652201511843e-01
-2.720493367324733347e-02
-1.000000000000000000e+00
-9.170135955404969952e-01
1.000000000000000000e+00
-1.583339189503834843e-01
-4.298746430342565428e-01
-2.790488388698958433e-02
2.193642561274039560e-01
-2.113991427765557762e-01
8.289438890285866224e-01
-9.468817290598374736e-02
1.247705326409404847e-01
-1.000000000000000000e+00
6.060792439518807306e-01
1.000000000000000000e+00
-6.771243261723002282e-01
5.517880841862800034e-01
4.435144762681652031e-01
6.134089845700374521e-01
-6.465454108896494523e-01
1.455940298943549926e-01
4.566960704713721730e-01
-5.643207397028435213e-02
-6.864981801193372757e-01
7.544325699985961198e-02
7.976059867419063032e-01
-4.025385285849094053e-01
-1.519471730025775402e-01
-7.643686972134978996e-02
-8.237386979347951499e-01
5.408084029048936259e-01
-2.317672610649416653e-01
-9.788550529190365168e-03
-8.766233728483727727e-01
2.639175416783889894e-01
-5.645134208303412282e-02
1.000000000000000000e+00
-4.655371437550929192e-01
-3.313597014199364255e-01
-3.067288971268611331e-02
1.000000000000000000e+00
6.920754861598569230e-01
4.637714319555770182e-01
-3.944042650276113338e-01
-1.000000000000000000e+00
-1.000000000000000000e+00
1.000000000000000000e+00
3.187183566787251676e-01
1.000000000000000000e+00
-1.527595173051847222e-01
8.100676163013237341e-01
-3.161901808763395993e-01
1.848738602024694311e-01
5.169594758597326756e-01
-6.613526284933185506e-01
6.907200628162211142e-01
-1.529893211296043387e-01
4.295257952522996137e-01
-5.522564458094463280e-01
3.395243604555479022e-01
-7.842321120949927726e-01
-2.663831218967536163e-01
-4.014077330641317998e-01
3.266765056053478888e-01
-5.772291804202289711e-01
1.000000000000000000e+00
-1.000000000000000000e+00
1.000000000000000000e+00
6.863053357780619645e-01
-7.496652345093939296e-01
-1.000000000000000000e+00
5.479859698823604797e-01
-3.473907828515282459e-01
-2.724841681747752764e-02
4.855495355200949992e-01
-2.458077959267991608e-01
-6.221812001871743769e-01
-8.765069704443151366e-01
7.459349234974541609e-01
7.348214618401405218e-02
-2.442467879685658594e-01
-5.309797429585062511e-01
-1.344864276443052259e-02
7.520673447729470107e-02
5.710546357027780628e-02
6.938789522490328432e-01
4.569357847402815143e-01
-4.915525561414635369e-02
-8.678256535638211311e-01
-1.000000000000000000e+00
2.671535543090485243e-01
-3.935326344540062693e-01
-1.000000000000000000e+00
5.946171037110986601e-01
-1.000000000000000000e+00
5.848201777845229987e-01
1.000000000000000000e+00
-4.304234902617034564e-01
-1.000000000000000000e+00
3.882139873755126036e-01
4.230616548557629419e-02
-1.000000000000000000e+00
4.889245273436702011e-01
6.559925682456462237e-01
-4.807355281688121540e-01
2.655044832612640793e-01
-1.000000000000000000e+00
-4.711893793517054063e-01
-6.073153543773287533e-01
2.893751146358204407e-01
-8.734532724404429072e-01
1.000000000000000000e+00
2.136821264285888589e-01
1.000000000000000000e+00
-2.252214985091592347e-01
7.602680664864185367e-01
1.000000000000000000e+00
1.412111341344983451e-01
-3.047224749832033175e-01
8.316159148236240695e-01
-7.854946922241679008e-02
2.071049975835096424e-01
3.412722227890097604e-01
1.743472839828464627e-01
1.000000000000000000e+00
-9.526754304916953409e-01
-5.325365330820815979e-01
-5.730038038660247857e-01
-5.454323955627236042e-01
-6.377066240244153583e-01
9.623719352853705722e-01
-2.061792538692311105e-01
6.698575098109647019e-01
-1.000000000000000000e+00
-4.742917826355745325e-01
-8.721678606108098641e-01
-1.259156129762199483e-01
-2.557713362111125877e-01
4.981209605459229750e-01
3.233093555899944072e-01
4.984672153236268666e-01
5.512276435505515382e-01
4.195819400976378843e-01
2.450268021408642805e-01
4.965260628788873976e-01
1.459954212782720306e-01
5.220507064803515673e-01
7.134570132126825115e-01
3.371102723556027025e-01
3.857318062226617328e-01
3.433828423293023846e-01
3.602014743600094882e-01
7.116776664374262484e-01
3.156640256050689541e-01
5.726406408763973221e-01
7.434906287515418155e-01
9.478153684623896735e-01
5.774801997357671413e-01
1.637943169089055295e-01
7.388431982719351199e-01
2.330413076301434405e-01
3.351724357188238246e-01
3.254330043844290699e-01
4.138500215628909129e-01
4.629138711332184686e-01
3.139073510472027428e-01
4.116948422069457436e-01
2.378401786503426818e-01
2.864388317251093108e-01
3.475994551403263633e-01
3.447719913668120806e-01
5.090935152155522392e-01
2.905107786703061690e-01
3.727195001951404407e-01
8.452577038846997848e-01
2.330609649733542121e-01
3.815408639865094376e-01
5.128052110358979343e-01
2.946891443044334924e-01
4.290820654907129272e-01
8.274352512810876359e-01
5.579904188537211374e-01
7.960148065102582438e-01
3.177421805239326047e-01
6.132609398389471389e-01
2.688965099912926648e-01
3.951992012618729122e-01
4.376358640457869709e-01
3.711936322813851885e-01
3.487784628148915544e-01
6.547506910368307009e-01
4.751712941105515897e-01
7.151350215866514315e-01
1.000000000000000000e+00
6.572690217534009616e-01
4.183197026487950887e-01
4.956735295206434744e-01
4.062629128092659636e-01
6.153616982236144173e-01
3.440147277958853222e-01
3.699706596948460491e-01
2.039227714970507921e-01
6.396494295421008003e-01
3.519497727753084781e-01
4.879850673267053796e-01
3.559919525166505561e-01
2.590310959468346552e-01
4.269489016855670949e-01
2.046304232318160721e-01
4.354177557772460072e-01
7.969894158350955271e-01
4.947760024932311151e-01
2.857160738660136645e-01
2.555505674610810685e-01
3.252616285116420314e-01
1.963527446169653634e-01
2.470117617961629930e-01
2.705815873270656091e-01
3.744273626414747480e-01
3.372202339386226044e-01
7.974868538939592355e-01
4.787729361006915485e-01
2.911489910677821924e-01
8.706505161533812931e-01
1.000000000000000000e+00
7.795650073189270834e-01
3.110007574992915691e-01
1.501604727311052767e-01
5.005157781432248987e-01
3.098427414891052889e-01
5.359608648406274378e-01
5.095858211320059006e-01
7.682433227552657451e-01
3.482835551236791449e-01
3.132467374414096839e-01
3.936223702777392197e-01
3.432104310343929154e-01
4.715059307342902573e-01
8.318632325957560081e-01
7.060121566233148460e-01
5.324461471624959419e-01
3.334605755622869205e-01
3.880495268604676751e-01
1.000000000000000000e+00
3.894866092544686520e-01
4.221853565546052067e-01
2.903002910525591118e-01
7.551269829866364969e-01
4.041945260065367695e-01
7.075115289488919101e-01
5.490803085043399756e-01
4.159225042984119325e-01
5.131130652209914267e-01
1.000000000000000000e+00
5.049913019915872603e-01
6.044431471599497341e-01
3.685267023572402767e-01
2.377294709454852162e-01
3.913506353024475137e-01
3.240659894045669343e-01
3.995889843615782477e-01
4.110928868087974641e-01
5.681083082787906635e-01
8.048425762714014331e-01
5.912061149902995139e-01
6.097381981310749932e-01
3.417843919729717239e-01
4.250571827192136110e-01
4.539329842771633317e-01
6.534459064978354048e-01
2.772472104610118615e-01
2.287313003157142310e-01
2.233275892297797438e-01
4.245594565854053370e-01
4.166795991439724567e-01
6.135597783342384703e-01
4.012680633879249226e-01
3.422300900066853613e-01
1.522347465682875878e-01
7.370438880320616670e-01
2.899363877892744967e-01
7.124214314622532296e-01
4.549866148832008572e-01
2.112095291698087018e-01
3.252537493970240057e-01
2.664461633875360724e-01
3.052282970090554604e-01
4.908874431051435394e-01
4.138711983930332128e-01
4.375065725355901658e-01
3.317359114361909112e-01
4.599493437151719322e-01
7.004486339460310740e-01
4.544691091693037754e-01
7.731060298209558868e-01
3.771099422684221492e-01
3.464996537300217283e-01
4.040566885968499000e-01
3.042953140138663359e-01
5.913616055016935880e-01
5.769864083919371556e-01
3.777882639688476818e-01
2.842232182716561972e-01
3.333864989402973156e-01
3.506876894641205444e-01
3.882233027419601523e-01
6.126515735974903398e-01
3.162506292121995410e-01
5.718985748126670376e-01
6.447809564107949143e-01
4.410877445926112972e-01
4.510818055837803042e-01
3.794362433170536675e-01
4.120323069033066110e-01
4.540849561132564438e-01
5.735180006189546376e-01
5.684352811791524296e-01
4.114673103073903659e-01
3.202127510909774100e-01
6.400378969322491063e-01
3.768102387770055350e-01
3.945634656749485991e-01
2.728986737154489028e-01
4.851069434810004743e-01
5.522259230880954828e-01
3.991375614832419205e-01
5.170031145394704541e-01
4.374810003495072652e-01
2.335384792571905122e-01
3.264587752217323335e-01
8.230259505795439745e-01
8.463458855031914529e-01
5.799684737101152843e-01
2.857125358755362443e-01
3.505247656312697191e-01
3.106778219240153849e-01
2.542870342523878557e-01
4.170727398635972749e-01
6.780104114435167029e-01
4.846379310976825505e-01
3.666478313386127841e-01
3.730987198925231341e-01
2.473094815018320181e-01
4.379093206163715557e-01
2.276376449378834654e-01
2.307616003316106390e-01
4.342273457051581409e-01
2.564298673770190051e-01
4.349807997078893318e-01
4.485565764927912369e-01
2.989325098975558204e-01
1.596582513456666075e-01
6.925869369267836362e-01
9.643054685579739438e-01
5.960357170205959898e-01
4.092173772384921637e-01
5.303915414689760466e-01
3.199282609923409515e-01
2.967051004253130619e-01
8.118674116476746194e-01
2.411196380031965514e-01
6.648319501633316309e-01
3.858965394888068112e-01
5.997903638962012174e-01
4.747810464191586921e-01
5.701766238624712546e-01
4.727428373146843055e-01
3.334669458340063786e-01
3.775926639760944226e-01
2.735678400106523189e-01
5.692184953577787976e-01
2.780998891497731274e-01
3.939699129894138618e-01
3.051889108771231318e-01
2.344286458097170900e-01
4.336542503052321917e-01
3.564756947164823275e-01
3.918335529330866929e-01
4.447326795768121177e-01
3.801067815435059116e-01
1.758252868965226312e-01
5.571133364837425050e-01
4.165864673360721304e-01
2.975904695872589323e-01
7.588377068875946652e-01
1.900473448308963309e-01
3.497005686520517909e-01
5.681072775744911985e-01
4.599532307979365964e-01
6.391085885771375930e-01
3.022493508199526335e-01
2.792412250834975240e-01
3.996040831622551526e-01
3.199456752240290025e-01
4.774793698002462450e-01
2.786172219259538951e-01
3.798550434526689057e-01
1.501750050879099019e-01
3.838646164646606906e-01
6.350017710614784816e-01
6.240014182965966105e-01
3.838822790176998900e-01
4.440404877329160449e-01
